    0.000000000000000     
  -4.6171229819636880E-002
  -4.7286532506457424E-002
  -4.6480594067022880E-002
  -4.5512023394865257E-002
  -4.4305747868993849E-002
  -4.2889501981799923E-002
  -4.1300581560647517E-002
  -3.9575363596116069E-002
  -3.7748493144647274E-002
  -3.5851904842408286E-002
  -3.3913845624042815E-002
  -3.1958076620148226E-002
  -3.0003342859310118E-002
  -2.8063145771349045E-002
  -2.6145810312813846E-002
  -2.4254809574509099E-002
  -2.2389295689835245E-002
  -2.0544784142175469E-002
  -1.8713945184986466E-002
  -1.6887461025510673E-002
  -1.5055160681625424E-002
  -1.3207691242741397E-002
  -1.1336671773265312E-002
  -9.4353052641897341E-003
  -7.4992322920042851E-003
  -5.5273468248886893E-003
  -3.5225413033566273E-003
  -1.4923359471058439E-003
   5.5068383116750304E-004
   2.5890366895840833E-003
   4.5998450095980324E-003
   6.5557846854225202E-003
   8.4261025492117121E-003
   1.0178062241319390E-002
   1.1778761936373833E-002
   1.3197182412883427E-002
   1.4406269010215616E-002
   1.5384819122226546E-002
   1.6118951581694210E-002
   1.6602980025692007E-002
   1.6839592523663550E-002
   1.6839338074332466E-002
   1.6619515706759267E-002
   1.6202634100601555E-002
   1.5614646405253840E-002
   1.4883163830409624E-002
   1.4035819253805409E-002
   1.3098900772250295E-002
   1.2096318232338064E-002
   1.1048914379607012E-002
   9.9740931876851277E-003
   8.8857136001697767E-003
   7.7941863444334122E-003
   6.7067116771011345E-003
   5.6276032570469533E-003
   4.5586544609294288E-003
   3.4995157919585776E-003
   2.4480639764767357E-003
   1.4007543536376029E-003
   3.5296052627896586E-004
  -7.0076372295056223E-004
  -7.0076372295056223E-004
    0.000000000000000     
  -4.7167109132261895E-002
  -4.8320774784568088E-002
  -4.7525888749116015E-002
  -4.6572503292654742E-002
  -4.5378712819892496E-002
  -4.3968082224628537E-002
  -4.2374691419250612E-002
  -4.0632710382265368E-002
  -3.8775682106946471E-002
  -3.6835469179177752E-002
  -3.4841083945134493E-002
  -3.2817636743027553E-002
  -3.0785540854696737E-002
  -2.8760047704818235E-002
  -2.6751128155092004E-002
  -2.4763672852281499E-002
  -2.2797959735663575E-002
  -2.0850328379124670E-002
  -1.8914004572749873E-002
  -1.6980022842138693E-002
  -1.5038463756311068E-002
  -1.3080275565735981E-002
  -1.1097490956308624E-002
  -9.0839290802655383E-003
  -7.0361493672195258E-003
  -4.9543518413295903E-003
  -2.8431773700228120E-003
  -7.1234303750864663E-004
   1.4229661261791365E-003
   3.5419068833966254E-003
   5.6185759168985716E-003
   7.6227087492870107E-003
   9.5210180639869572E-003
   1.1278985509327009E-002
   1.2862978965598322E-002
   1.4242503685038894E-002
   1.5392346351636690E-002
   1.6294360683275517E-002
   1.6938678806670420E-002
   1.7324209802770288E-002
   1.7458389636988335E-002
   1.7356252405627104E-002
   1.7038978958786966E-002
   1.6532129864962337E-002
   1.5863780177514497E-002
   1.5062748512139738E-002
   1.4157064315692632E-002
   1.3172758917122676E-002
   1.2133010303800446E-002
   1.1057626827820903E-002
   9.9628249159654445E-003
   8.8612402370630197E-003
   7.7621081579025888E-003
   6.6715541516007715E-003
   5.5929445953298070E-003
   4.5272602337066287E-003
   3.4734664889823500E-003
   2.4288655984965437E-003
   1.3894246566758203E-003
   3.5008076454089642E-004
  -6.9504627712852916E-004
  -6.9504627712852916E-004
    0.000000000000000     
  -4.6669169475949387E-002
  -4.7803653645512756E-002
  -4.7003241408069447E-002
  -4.6042263343760000E-002
  -4.4842230344443172E-002
  -4.3428792103214230E-002
  -4.1837636489949065E-002
  -4.0104036989190718E-002
  -3.8262087625796873E-002
  -3.6343687010793019E-002
  -3.4377464784588654E-002
  -3.2387856681587890E-002
  -3.0394441857003428E-002
  -2.8411596738083640E-002
  -2.6448469233952925E-002
  -2.4509241213395299E-002
  -2.2593627712749410E-002
  -2.0697556260650070E-002
  -1.8813974878868170E-002
  -1.6933741933824683E-002
  -1.5046812218968246E-002
  -1.3143983404238689E-002
  -1.1217081364786968E-002
  -9.2596171722276362E-003
  -7.2676908296119055E-003
  -5.2408493331091398E-003
  -3.1828593366897196E-003
  -1.1023394923072452E-003
   9.8682497867331976E-004
   3.0654717864903543E-003
   5.1092104632483020E-003
   7.0892467173547654E-003
   8.9735603065993347E-003
   1.0728523875323200E-002
   1.2320870450986078E-002
   1.3719843048961160E-002
   1.4899307680926153E-002
   1.5839589902751031E-002
   1.6528815194182315E-002
   1.6963594914231148E-002
   1.7148991080325943E-002
   1.7097795239979785E-002
   1.6829247332773117E-002
   1.6367381982781946E-002
   1.5739213291384169E-002
   1.4972956171274681E-002
   1.4096441784749020E-002
   1.3135829844686486E-002
   1.2114664268069255E-002
   1.1053270603713958E-002
   9.9684590518252861E-003
   8.8734769186163982E-003
   7.7781472511680005E-003
   6.6891329143509530E-003
   5.6102739261883802E-003
   4.5429573473180287E-003
   3.4864911404704638E-003
   2.4384647874866397E-003
   1.3950895051567116E-003
   3.5152064540993114E-004
  -6.9790500003954570E-004
  -6.9790500003954570E-004
    0.000000000000000     
  -4.6918139304105641E-002
  -4.8062214215040422E-002
  -4.7264565078592731E-002
  -4.6307383318207371E-002
  -4.5110471582167834E-002
  -4.3698437163921383E-002
  -4.2106163954599839E-002
  -4.0368373685728043E-002
  -3.8518884866371672E-002
  -3.6589578094985385E-002
  -3.4609274364861574E-002
  -3.2602746712307722E-002
  -3.0589991355850082E-002
  -2.8585822221450938E-002
  -2.6599798694522465E-002
  -2.4636457032838399E-002
  -2.2695793724206492E-002
  -2.0773942319887370E-002
  -1.8863989725809022E-002
  -1.6956882387981688E-002
  -1.5042637987639657E-002
  -1.3112129484987335E-002
  -1.1157286160547796E-002
  -9.1717731262465872E-003
  -7.1519200984157157E-003
  -5.0976005872193650E-003
  -3.0130183533562658E-003
  -9.0734126490794593E-004
   1.2048955524262281E-003
   3.3036893349434899E-003
   5.3638931900734368E-003
   7.3559777333208880E-003
   9.2472891852931460E-003
   1.1003754692325105E-002
   1.2591924708292200E-002
   1.3981173367000027E-002
   1.5145827016281421E-002
   1.6066975293013274E-002
   1.6733747000426367E-002
   1.7143902358500718E-002
   1.7303690358657139E-002
   1.7227023822803444E-002
   1.6934113145780041E-002
   1.6449755923872142E-002
   1.5801496734449333E-002
   1.5017852341707209E-002
   1.4126753050220826E-002
   1.3154294380904581E-002
   1.2123837285934851E-002
   1.1055448715767430E-002
   9.9656419838953653E-003
   8.8673585778397089E-003
   7.7701277045352946E-003
   6.6803435329758623E-003
   5.6016092607590936E-003
   4.5351087905123287E-003
   3.4799788147264069E-003
   2.4336651929915917E-003
   1.3922570809162659E-003
   3.5080070497541378E-004
  -6.9647563858403743E-004
  -6.9647563858403743E-004
    0.000000000000000     
  -4.7876980110619013E-002
  -4.9060367254766424E-002
  -4.8275142459398811E-002
  -4.7335182550455740E-002
  -4.6153431771675552E-002
  -4.4750118885739959E-002
  -4.3156724132263610E-002
  -4.1405595346916332E-002
  -3.9529300743493145E-002
  -3.7559527012047289E-002
  -3.5525771842921897E-002
  -3.3454104022668935E-002
  -3.1366167186496763E-002
  -2.9278531040208257E-002
  -2.7202425744880073E-002
  -2.5143841625991120E-002
  -2.3103942900561947E-002
  -2.1079730099459841E-002
  -1.9064886968182745E-002
  -1.7050751255705442E-002
  -1.5027629714655318E-002
  -1.2986733530553619E-002
  -1.0920445156012881E-002
  -8.8230899473058805E-003
  -6.6919669002485447E-003
  -4.5283144790165073E-003
  -2.3381557079306539E-003
  -1.3294791819028803E-004
   2.0700567757215133E-003
   4.2478391968246198E-003
   6.3721198526099174E-003
   8.4104013044350879E-003
   1.0327545077703646E-002
   1.2087804809797209E-002
   1.3657152035665832E-002
   1.5005659002162507E-002
   1.6109664011545181E-002
   1.6953454089816071E-002
   1.7530260310300180E-002
   1.7842461553522745E-002
   1.7901010174940026E-002
   1.7724201299058644E-002
   1.7335984060643767E-002
   1.6764046448580223E-002
   1.6037896089677050E-002
   1.5187117605475448E-002
   1.4239928067502319E-002
   1.3222090272317973E-002
   1.2156190075267392E-002
   1.1061244877027823E-002
   9.9525869787717471E-003
   8.8419561175084697E-003
   7.7377366181044377E-003
   6.6452824493115677E-003
   5.5672847130799410E-003
   4.5041482455340995E-003
   3.4543554882038880E-003
   2.4148058030902925E-003
   1.3811267303973620E-003
   3.4796105895952046E-004
  -6.9083783805504477E-004
  -6.9083783805504477E-004
    0.000000000000000     
  -4.9491072375656239E-002
  -5.0745167230148158E-002
  -4.9989423270455705E-002
  -4.9089896023622542E-002
  -4.7946925548967546E-002
  -4.6572217444872187E-002
  -4.4990393310752934E-002
  -4.3228802228254398E-002
  -4.1317106359969616E-002
  -3.9286112289657671E-002
  -3.7166162427741123E-002
  -3.4985450004001849E-002
  -3.2768526471635973E-002
  -3.0535184522805851E-002
  -2.8299807856212222E-002
  -2.6071198663259278E-002
  -2.3852837411212437E-002
  -2.1643499705082045E-002
  -1.9438147952746766E-002
  -1.7229016371260661E-002
  -1.5007116795186142E-002
  -1.2764456754169566E-002
  -1.0494434514342125E-002
  -8.1927859774786338E-003
  -5.8588060181470995E-003
  -3.4964717373775901E-003
  -1.1153855244296850E-003
   1.2685667770951873E-003
   3.6329698687136494E-003
   5.9491622470528426E-003
   8.1831520625272360E-003
   1.0297196627123658E-002
   1.2251990128464466E-002
   1.4009292891792098E-002
   1.5534732158553440E-002
   1.6800437087430078E-002
   1.7787164448214068E-002
   1.8485635828516214E-002
   1.8896930632710512E-002
   1.9031931879668729E-002
   1.8909965921455607E-002
   1.8556880025522964E-002
   1.8002845871765195E-002
   1.7280163287294117E-002
   1.6421282150018784E-002
   1.5457182965867820E-002
   1.4416178520927272E-002
   1.3323134415227585E-002
   1.2199061820777382E-002
   1.1061011762744533E-002
   9.9221929724794683E-003
   8.7922397394403929E-003
   7.6775671919235584E-003
   6.5817651085614947E-003
   5.5059950461604432E-003
   4.4493677736004000E-003
   3.4092881148801253E-003
   2.3817622949562347E-003
   1.3616690496001732E-003
   3.4300117788240559E-004
  -6.8099054722946728E-004
  -6.8099054722946728E-004
    0.000000000000000     
  -5.1681446978888435E-002
  -5.3041628787950067E-002
  -5.2345115523703127E-002
  -5.1526454516207527E-002
  -5.0466514685976377E-002
  -4.9162891101970752E-002
  -4.7628352789653931E-002
  -4.5881126362011013E-002
  -4.3944985018615101E-002
  -4.1848124483378719E-002
  -3.9621203832582316E-002
  -3.7295033126772868E-002
  -3.4898317796559955E-002
  -3.2455777789581926E-002
  -2.9986837259648028E-002
  -2.7504959083415603E-002
  -2.5017602129574313E-002
  -2.2526718993760617E-002
  -2.0029686852981492E-002
  -1.7520556783804431E-002
  -1.4991856882980163E-002
  -1.2437260231014227E-002
  -9.8521952589003363E-003
  -7.2350781190405403E-003
  -4.5888363590474573E-003
  -1.9222696538463528E-003
   7.4888137744998497E-004
   3.4013216803486538E-003
   6.0042073372925144E-003
   8.5199348377025773E-003
   1.0905798761599360E-002
   1.3116493962597297E-002
   1.5107287246973813E-002
   1.6837526988837587E-002
   1.8274042535764388E-002
   1.9393951052779777E-002
   2.0186460817737565E-002
   2.0653427194363670E-002
   2.0808638456688178E-002
   2.0676023796650889E-002
   2.0287130717035237E-002
   1.9678282990527856E-002
   1.8887803760167635E-002
   1.7953596369650097E-002
   1.6911254486812025E-002
   1.5792756540549506E-002
   1.4625709393398635E-002
   1.3433050864233081E-002
   1.2233097792746377E-002
   1.1039827505045409E-002
   9.8632960603160565E-003
   8.7101182077153443E-003
   7.5839558221792464E-003
   6.4859805488931468E-003
   5.4152912643227391E-003
   4.3692777840574964E-003
   3.3439296605599547E-003
   2.3340937720107511E-003
   1.3336875417959185E-003
   3.3587739119236951E-004
  -6.6684706309659255E-004
  -6.6684706309659255E-004
    0.000000000000000     
  -5.4335926468273205E-002
  -5.5843109390653005E-002
  -5.5253455383782520E-002
  -5.4580771008419737E-002
  -5.3678318235017453E-002
  -5.2522143167928650E-002
  -5.1106010492488106E-002
  -4.9432617251701977E-002
  -4.7514673521570218E-002
  -4.5374154632112661E-002
  -4.3040110065161119E-002
  -4.0545623421435598E-002
  -3.7924517072700101E-002
  -3.5208328016910553E-002
  -3.2423936240249536E-002
  -2.9592050952387261E-002
  -2.6726599702188693E-002
  -2.3834949545642584E-002
  -2.0918826471090925E-002
  -1.7975771020212993E-002
  -1.5001371907023220E-002
  -1.1992609463725058E-002
  -8.9488087591823428E-003
  -5.8733113150964602E-003
  -2.7754471696291635E-003
   3.2777963190165090E-004
   3.4105124485377270E-003
   6.4376087687041039E-003
   9.3652028141422983E-003
   1.2142446749126425E-002
   1.4714463996762982E-002
   1.7026342832321704E-002
   1.9027754757996406E-002
   2.0677578795475521E-002
   2.1947821420177718E-002
   2.2826192702963988E-002
   2.3316931096398995E-002
   2.3439803437414530E-002
   2.3227547548650758E-002
   2.2722277848305654E-002
   2.1971481948346902E-002
   2.1024193724265842E-002
   1.9927776409559103E-002
   1.8725550106379021E-002
   1.7455309900951611E-002
   1.6148641143475268E-002
   1.4830860337718183E-002
   1.3521387115551616E-002
   1.2234368484402486E-002
   1.0979412729095160E-002
   9.7623322680875074E-003
   8.5858329910550868E-003
   7.4501176906628950E-003
   6.3533922515855556E-003
   5.2922763903258006E-003
   4.2621278645681325E-003
   3.2572921479112086E-003
   2.2712902306807684E-003
   1.2969566700135175E-003
   3.2653973284303418E-004
  -6.4830818364284182E-004
  -6.4830818364284182E-004
    0.000000000000000     
  -5.7299170296507329E-002
  -5.9000343051562418E-002
  -5.8587282716742718E-002
  -5.8157003392587635E-002
  -5.7526164168587329E-002
  -5.6640008177656145E-002
  -5.5463610672982742E-002
  -5.3974652446379175E-002
  -5.2166284805252282E-002
  -5.0047476040032700E-002
  -4.7641071823617938E-002
  -4.4980184033552174E-002
  -4.2103683512827630E-002
  -3.9051609476704142E-002
  -3.5861183964402250E-002
  -3.2563892265734008E-002
  -2.9183838420897220E-002
  -2.5737372952102714E-002
  -2.2233850748502176E-002
  -1.8677299037112037E-002
  -1.5069241690449261E-002
  -1.1413028585329433E-002
  -7.7153189011744481E-003
  -3.9884107205336019E-003
  -2.5285305670637141E-004
   3.4604755337341703E-003
   7.1091860161293513E-003
   1.0639481000196710E-002
   1.3987890579859236E-002
   1.7084789203653972E-002
   1.9859555204181208E-002
   2.2246851898504436E-002
   2.4193157065025419E-002
   2.5662467761506415E-002
   2.6640159948213740E-002
   2.7134306730738668E-002
   2.7174273902375840E-002
   2.6806962544161813E-002
   2.6091492175870777E-002
   2.5093307151085535E-002
   2.3878627115138339E-002
   2.2509914189686876E-002
   2.1042700905089147E-002
   1.9523814480238912E-002
   1.7990809742843301E-002
   1.6472305919500711E-002
   1.4988898746114431E-002
   1.3554358651909170E-002
   1.2176895804097927E-002
   1.0860348169791643E-002
   9.6052140236633984E-003
   8.4094989833118101E-003
   7.2693792946741751E-003
   6.1797005749596933E-003
   5.1343384936222937E-003
   4.1264486684655377E-003
   3.1486303233058464E-003
   2.1930240434283451E-003
   1.2513595402543576E-003
   3.1496603366471665E-004
  -6.2532989445386708E-004
  -6.2532989445386708E-004
    0.000000000000000     
  -6.0364838063365081E-002
  -6.2311842037419102E-002
  -6.2168919623240421E-002
  -6.2112646474232071E-002
  -6.1914549083482540E-002
  -6.1478895572223802E-002
  -6.0730128678767092E-002
  -5.9607842457286911E-002
  -5.8072534197315930E-002
  -5.6108333191636148E-002
  -5.3722471510505326E-002
  -5.0941863725119337E-002
  -4.7807615563363590E-002
  -4.4368581278228326E-002
  -4.0675112472458502E-002
  -3.6773920361574744E-002
  -3.2704619153600158E-002
  -2.8498154609047987E-002
  -2.4177037866250084E-002
  -1.9757117998293217E-002
  -1.5251152797728321E-002
  -1.0674538589605601E-002
  -6.0475924414375506E-003
  -1.3988550018870761E-003
   3.2314106072256661E-003
   7.7887404921919527E-003
   1.2203639497218397E-002
   1.6393062715197478E-002
   2.0264585840838387E-002
   2.3723218609573445E-002
   2.6680197971153355E-002
   2.9062488327934750E-002
   3.0821323854266273E-002
   3.1938139122316384E-002
   3.2426705677471052E-002
   3.2331105161538989E-002
   3.1720070196288391E-002
   3.0678931450177409E-002
   2.9300731974932298E-002
   2.7677972066089275E-002
   2.5896036765247956E-002
   2.4028814506097243E-002
   2.2136511828945719E-002
   2.0265314704203150E-002
   1.8448373914705139E-002
   1.6707573527840799E-002
   1.5055623144096295E-002
   1.3498140454300761E-002
   1.2035518692477857E-002
   1.0664479879645883E-002
   9.3792905991948467E-003
   8.1726635909225957E-003
   7.0363916669673263E-003
   5.9617675226101754E-003
   4.9398403446760074E-003
   3.9615525532434095E-003
   3.0177907695842598E-003
   2.0993760654827959E-003
   1.1970106323866852E-003
   3.0119216713777859E-004
  -5.9798341832480943E-004
  -5.9798341832480943E-004
    0.000000000000000     
  -6.3274059480623895E-002
  -6.5519639510135882E-002
  -6.5761091704894442E-002
  -6.6243483918189072E-002
  -6.6687732195084837E-002
  -6.6948353808429784E-002
  -6.6896587161057300E-002
  -6.6417780210706878E-002
  -6.5421177889936621E-002
  -6.3846930159028856E-002
  -6.1669161358705656E-002
  -5.8894678844196593E-002
  -5.5557743406799906E-002
  -5.1712128059268482E-002
  -4.7422140381390449E-002
  -4.2754273143174620E-002
  -3.7770759776142651E-002
  -3.2525739705909731E-002
  -2.7064187995818882E-002
  -2.1423354767868150E-002
  -1.5637053450308955E-002
  -9.7432404341066953E-003
  -3.7874531786655573E-003
   2.1724057971229979E-003
   8.0612923357098500E-003
   1.3784224087864394E-002
   1.9226798192975868E-002
   2.4260054120623417E-002
   2.8749816804798267E-002
   3.2569562623308401E-002
   3.5614787522794469E-002
   3.7816161402354498E-002
   3.9148739250317824E-002
   3.9635264981426895E-002
   3.9342945342242835E-002
   3.8374556873454799E-002
   3.6855904596022157E-002
   3.4922158483943762E-002
   3.2705399456609122E-002
   3.0324999911412950E-002
   2.7881556264935152E-002
   2.5454274061760235E-002
   2.3101156804561079E-002
   2.0861109473692879E-002
   1.8757079551492195E-002
   1.6799522634495578E-002
   1.4989700941557068E-002
   1.3322534086379234E-002
   1.1788887784220289E-002
   1.0377298478146465E-002
   9.0751959774056611E-003
   7.8697140788144115E-003
   6.7481833351338300E-003
   5.6983910018380156E-003
   4.7086781137806490E-003
   3.7679272510466192E-003
   2.8654793742616596E-003
   1.9910052339492889E-003
   1.1343464951478011E-003
   2.8533425132162913E-004
  -5.6649929471511596E-004
  -5.6649929471511596E-004
    0.000000000000000     
  -6.5724867082274374E-002
  -6.8315219866524862E-002
  -6.9065576916210125E-002
  -7.0272396723175021E-002
  -7.1607424216659069E-002
  -7.2872222794425595E-002
  -7.3875527057855633E-002
  -7.4431950171028313E-002
  -7.4376159239581949E-002
  -7.3576164589481935E-002
  -7.1943273721630049E-002
  -6.9436714929113991E-002
  -6.6061999946860586E-002
  -6.1863586989030800E-002
  -5.6913752965892864E-002
  -5.1300327387130557E-002
  -4.5115877849587205E-002
  -3.8450163192141049E-002
  -3.1386489896136391E-002
  -2.4001499139056304E-002
  -1.6368919892562311E-002
  -8.5687702647682419E-003
  -6.9232529069955463E-004
   7.1503684270835784E-003
   1.4823057684247080E-002
   2.2160022258577442E-002
   2.8970510454425016E-002
   3.5052773422576206E-002
   4.0214959901595904E-002
   4.4298615816329989E-002
   4.7199880974866326E-002
   4.8883822776782958E-002
   4.9388879591400828E-002
   4.8820728510297846E-002
   4.7337315362333335E-002
   4.5128551326473754E-002
   4.2394837822405378E-002
   3.9328103965369163E-002
   3.6097777786831084E-002
   3.2842590674670970E-002
   2.9667809108309160E-002
   2.6646669127453365E-002
   2.3824495480089927E-002
   2.1224095858565904E-002
   1.8851348838421850E-002
   1.6700290834388919E-002
   1.4757348970163786E-002
   1.3004617995419215E-002
   1.1422236253517730E-002
   9.9899954533167155E-003
   8.6883451695792899E-003
   7.4989470343527678E-003
   6.4049115924344827E-003
   5.3908233124405824E-003
   4.4426323083344328E-003
   3.5474678364701149E-003
   2.6934095389134667E-003
   1.8692375634791884E-003
   1.0641714324517702E-003
   2.6759962740335647E-004
  -5.3128917643175755E-004
  -5.3128917643175755E-004
    0.000000000000000     
  -6.7396153176208895E-002
  -7.0360068345289267E-002
  -7.1735132057286377E-002
  -7.3848417432520908E-002
  -7.6335238085219040E-002
  -7.8952394592306102E-002
  -8.1446929142980962E-002
  -8.3552607939924375E-002
  -8.5006360749193419E-002
  -8.5568240459659412E-002
  -8.5041571654361769E-002
  -8.3289248606781288E-002
  -8.0242498737916335E-002
  -7.5900103038085892E-002
  -7.0318620107484936E-002
  -6.3596833704376285E-002
  -5.5859548009748836E-002
  -4.7246047663858898E-002
  -3.7905428056239962E-002
  -2.7992649990653949E-002
  -1.7661953677326085E-002
  -7.0716791778648895E-003
   3.6089557427249216E-003
   1.4183845043518214E-002
   2.4412069260285482E-002
   3.3999942306845943E-002
   4.2616846181649522E-002
   4.9942245328208623E-002
   5.5713256327198424E-002
   5.9762219548123420E-002
   6.2038424010353491E-002
   6.2611180753604903E-002
   6.1655250688117495E-002
   5.9423039598636103E-002
   5.6210034651500387E-002
   5.2320287315200394E-002
   4.8037489965001103E-002
   4.3604927703296485E-002
   3.9215105552638456E-002
   3.5007855836157627E-002
   3.1074599059318551E-002
   2.7466168074939970E-002
   2.4201959055714043E-002
   2.1278817417253612E-002
   1.8678736117440885E-002
   1.6374985331642118E-002
   1.4336656965373822E-002
   1.2531810012996214E-002
   1.0929485677807525E-002
   9.5008691304732454E-003
   8.2198434476121376E-003
   7.0631346032426628E-003
   6.0101983169334218E-003
   5.0429569325957449E-003
   4.1454597646965689E-003
   3.3035135679035420E-003
   2.5043099098004448E-003
   1.7360618155078241E-003
   9.8765164478221978E-004
   2.4828504425241364E-004
  -4.9294222526595434E-004
  -4.9294222526595434E-004
    0.000000000000000     
  -6.7986189813135381E-002
  -7.1322495362338423E-002
  -7.3403245264946737E-002
  -7.6563994194645713E-002
  -8.0430653634530377E-002
  -8.4740636460093471E-002
  -8.9199304921776051E-002
  -9.3467609909569815E-002
  -9.7174052650311982E-002
  -9.9936601581155859E-002
  -0.1013925568925685     
  -0.1012318594402336     
  -9.9227203687529339E-002
  -9.5253513985740071E-002
  -8.9290633452868057E-002
  -8.1407321582408793E-002
  -7.1733480309025516E-002
  -6.0443857541404043E-002
  -4.7791500157901831E-002
  -3.4127965861399739E-002
  -1.9801598704725247E-002
  -5.1147834871841796E-003
   9.6601955952070190E-003
   2.4223367415079064E-002
   3.8175178937149015E-002
   5.0968741037941585E-002
   6.1955278796597506E-002
   7.0615834407756484E-002
   7.6642137840148894E-002
   7.9957732159224526E-002
   8.0701934294125768E-002
   7.9186655543270090E-002
   7.5837926975608025E-002
   7.1133767135777543E-002
   6.5548129674989297E-002
   5.9507750022868226E-002
   5.3365148825887235E-002
   4.7387514325182602E-002
   4.1758487953301004E-002
   3.6588532744689012E-002
   3.1929552023887510E-002
   2.7790307300802834E-002
   2.4150403736975700E-002
   2.0971742195819799E-002
   1.8207167442176750E-002
   1.5806539478079855E-002
   1.3720683354707478E-002
   1.1903724031854005E-002
   1.0314267891599340E-002
   8.9158079369128368E-003
   7.6766387941167961E-003
   6.5694866356682917E-003
   5.5709938021694591E-003
   4.6611484328502881E-003
   3.8227135908736791E-003
   3.0406852724512729E-003
   2.3017915152888130E-003
   1.5940331925636362E-003
   9.0625907362961583E-004
   2.2776241064865387E-004
  -4.5219682462989955E-004
  -4.5219682462989955E-004
    0.000000000000000     
  -6.7259963494848946E-002
  -7.0926854905015657E-002
  -7.3732031717031035E-002
  -7.7996863425814522E-002
  -8.3378009046798263E-002
  -8.9638220486618375E-002
  -9.6488161357384361E-002
  -0.1035571292522263     
  -0.1103886754026870     
  -0.1164505661306549     
  -0.1211619963143219     
  -0.1239389551651276     
  -0.1242550736483788     
  -0.1217092522980719     
  -0.1160808746709859     
  -0.1073364545359613     
  -9.5530411036474236E-002
  -8.0611793996193740E-002
  -6.2805635032600921E-002
  -4.3262659596562517E-002
  -2.2960986074796089E-002
  -2.4212031744821269E-003
   1.8120884899633052E-002
   3.8441929695673831E-002
   5.8022401614372561E-002
   7.5740183677426576E-002
   8.9806067229242170E-002
   9.9506446318842035E-002
   0.1047498776902451     
   0.1058754610391919     
   0.1035087922453616     
   9.8425695429058407E-002
   9.1437853500934890E-002
   8.3306071163879558E-002
   7.4682275817493149E-002
   6.6079285439920421E-002
   5.7864802021116081E-002
   5.0273529228948260E-002
   4.3430055674507945E-002
   3.7375668704872564E-002
   3.2094056251794144E-002
   2.7533017515510308E-002
   2.3621137361708663E-002
   2.0279590480114296E-002
   1.7429854546360889E-002
   1.4998296814492258E-002
   1.2918539982275766E-002
   1.1132349758351201E-002
   9.5896021798441144E-003
   8.2477242704445033E-003
   7.0708712188975393E-003
   6.0290071470712964E-003
   5.0969892543076857E-003
   4.2537098490123895E-003
   3.4813212948789679E-003
   2.7645502393890283E-003
   2.0900959488982800E-003
   1.4461004774521391E-003
   8.2167382847544101E-004
   2.0645435678988156E-004
  -4.0989205965572846E-004
  -4.0989205965572846E-004
    0.000000000000000     
  -6.5093534548428117E-002
  -6.9004325238153502E-002
  -7.2470928351347330E-002
  -7.7775786993673157E-002
  -8.4652177708985935E-002
  -9.2946389751593236E-002
  -0.1024477521278444     
  -0.1128382764075407     
  -0.1236603192267834     
  -0.1342931710765208     
  -0.1439452637680638     
  -0.1516723573096803     
  -0.1564394948201676     
  -0.1572560549355381     
  -0.1534176522864290     
  -0.1448693446982445     
  -0.1321547745628147     
  -0.1133079038059972     
  -8.5368432392074589E-002
  -5.5231706344480810E-002
  -2.6163728186838233E-002
   1.6698258666306921E-003
   2.9156277091184103E-002
   5.7235428722619150E-002
   8.6041819912897763E-002
   0.1135082884966294     
   0.1309843942312917     
   0.1400169832633874     
   0.1418896750241228     
   0.1380699471027058     
   0.1301137716404769     
   0.1194750279935643     
   0.1074040659059522     
   9.4901217917646358E-002
   8.2705169390727945E-002
   7.1308859161883925E-002
   6.0995547949986392E-002
   5.1885429880601477E-002
   4.3983314096477447E-002
   3.7220584322473257E-002
   3.1488150798673425E-002
   2.6659972308173685E-002
   2.2608402089730910E-002
   1.9213243040189655E-002
   1.6366374029792033E-002
   1.3973485174751377E-002
   1.1954063654800444E-002
   1.0240415749255435E-002
   8.7762334959553372E-003
   7.5150162077125809E-003
   6.4185237638528228E-003
   5.4553531045464076E-003
   4.5996768388465448E-003
   3.8301520040399124E-003
   3.1289897787388212E-003
   2.4811679681226015E-003
   1.8737638333754599E-003
   1.2953830669478262E-003
   7.3565993633683700E-004
   1.8480327757850785E-004
  -3.6690625609273205E-004
  -3.6690625609273205E-004
    0.000000000000000     
  -6.1500905930257047E-002
  -6.5529543888954794E-002
  -6.9510300222130311E-002
  -7.5656840611829257E-002
  -8.3818031192405149E-002
  -9.3979709477929052E-002
  -0.1060934507887161     
  -0.1200117612011131     
  -0.1354295256790069     
  -0.1518178220217541     
  -0.1683470724838633     
  -0.1837941859339276     
  -0.1964369948339623     
  -0.2039916675425097     
  -0.2038590085421497     
  -0.1952415957181274     
  -0.1899302608984452     
  -0.1813469999375190     
  -0.1152322844750393     
  -6.1733357684215923E-002
  -2.3093923277535768E-002
   8.7071280829523375E-003
   3.9910196954509980E-002
   7.5510125978804382E-002
   0.1199871663927050     
   0.1808870634474276     
   0.1936555548895313     
   0.1958850000809295     
   0.1889815492787291     
   0.1757607439631171     
   0.1589340926140627     
   0.1405465908475156     
   0.1220824780009447     
   0.1045566063422333     
   8.8587241389425447E-002
   7.4475289023767433E-002
   6.2289232877382195E-002
   5.1945228728116320E-002
   4.3273165500691650E-002
   3.6064991603503224E-002
   3.0106365406182493E-002
   2.5195098773757300E-002
   2.1150319993163795E-002
   1.7815713105702062E-002
   1.5059310438055012E-002
   1.2771496057894290E-002
   1.0862248232019006E-002
   9.2582140621170848E-003
   7.8999301602707961E-003
   6.7393340033474677E-003
   5.7376136758372290E-003
   4.8633917461106541E-003
   4.0912137478533572E-003
   3.4003015614489738E-003
   2.7735298417983912E-003
   2.1965853562034539E-003
   1.6572722965645268E-003
   1.1449299751158336E-003
   6.4993202475280244E-004
   1.6323821791978292E-004
  -3.2409123475914570E-004
  -3.2409123475914570E-004
    0.000000000000000     
  -5.6632500623360053E-002
  -6.0628713040545741E-002
  -6.4910113680172146E-002
  -7.1584653822370725E-002
  -8.0636214216583985E-002
  -9.2223740427324230E-002
  -0.1065243453500919     
  -0.1236714652882795     
  -0.1436933158432563     
  -0.1664367214641959     
  -0.1914645527502235     
  -0.2178810629488570     
  -0.2439422472193915     
  -0.2660213377748687     
  -0.2764286198155685     
  -0.2324697538754921     
  -0.2564897610291542     
  -0.4100284143410999     
  -0.1164790101710631     
  -2.2722423835589992E-002
   2.3031872933229891E-003
   1.8436702799989626E-002
   3.8219268365829416E-002
   6.9562565873108551E-002
   0.1071212306281081     
   0.3753792365399960     
   0.2775242079840005     
   0.2666734908261142     
   0.2437587455258729     
   0.2156477091514084     
   0.1867408080007969     
   0.1589388679529767     
   0.1334156270551713     
   0.1108232184277507     
   9.1385726823075580E-002
   7.5019780483065290E-002
   6.1455805822289496E-002
   5.0337051224201318E-002
   4.1287740678414474E-002
   3.3953039380679582E-002
   2.8018331903606891E-002
   2.3215421807594908E-002
   1.9321456200429958E-002
   1.6154373172515224E-002
   1.3567106120502982E-002
   1.1441738194757174E-002
   9.6841710756364434E-003
   8.2195191996616516E-003
   6.9882566278286970E-003
   5.9430573132360611E-003
   5.0462363053077027E-003
   4.2676934702733762E-003
   3.5832680259155992E-003
   2.9734237301653624E-003
   2.4221969254947791E-003
   1.9163509469155942E-003
   1.4446898920766284E-003
   9.9749221267513705E-004
   5.6603001871745676E-004
   1.4214381005039098E-004
  -2.8221064007181377E-004
  -2.8221064007181377E-004
    0.000000000000000     
  -5.0743897080617675E-002
  -5.4553728041046898E-002
  -5.8889611440065812E-002
  -6.5711174471745223E-002
  -7.5131132926706284E-002
  -8.7479076169978714E-002
  -0.1031724966938313     
  -0.1226742949418728     
  -0.1464524236472304     
  -0.1749401156447697     
  -0.2085277001809446     
  -0.2476594819439232     
  -0.2932427239071081     
  -0.3502543393596979     
  -0.4480174050510772     
  -0.1097125848941804     
  -1.1935606303646257E-002
   4.7513696112132922E-002
   1.2841761531034565E-002
   1.3214675853414652E-003
   2.4990374262261902E-003
   5.8918509682031762E-003
   7.3859374572106465E-003
   1.6145358019496877E-003
  -4.1879659490798513E-002
   4.3970785599768511E-002
   0.1093388346530297     
   0.3622498340063471     
   0.3016809494339244     
   0.2514900319050405     
   0.2090451957678012     
   0.1715965656397752     
   0.1394254461481761     
   0.1125194881331769     
   9.0477241465017136E-002
   7.2682254425207940E-002
   5.8451455330576677E-002
   4.7131874925215693E-002
   3.8148627693476399E-002
   3.1019756503074310E-002
   2.5353092573778040E-002
   2.0835313720178966E-002
   1.7218853481392023E-002
   1.4309366173655722E-002
   1.1954815692778901E-002
   1.0036439297650617E-002
   8.4614734444043993E-003
   7.1573948370486813E-003
   6.0674049332693630E-003
   5.1469078017730204E-003
   4.3607688872365127E-003
   3.6811817725602115E-003
   3.0860055534565182E-003
   2.5574650615366665E-003
   2.0811298086151216E-003
   1.6451058273517253E-003
   1.2393884023136159E-003
   8.5533383184746982E-004
   4.8521550791351961E-004
   1.2183461464872016E-004
  -2.4188899718290073E-004
  -2.4188899718290073E-004
    0.000000000000000     
  -4.4144321140446252E-002
  -4.7629649757979564E-002
  -5.1778801144375046E-002
  -5.8359549460016362E-002
  -6.7584924399419294E-002
  -7.9917910974414197E-002
  -9.5977832551347134E-002
  -0.1165242230634947     
  -0.1424374580979300     
  -0.1746850176637979     
  -0.2142907501166162     
  -0.2622174414188458     
  -0.3178578944115023     
  -0.3580441563703537     
  -2.9631968982303716E-002
  -6.3316577134950721E-003
  -2.2002722663250038E-003
   9.9466307303447028E-003
   7.1578885447881185E-003
   3.9233458169911153E-003
   2.7120107500690858E-003
   2.1633888610641315E-003
   6.9058311340632311E-004
  -3.1426143925136077E-003
  -9.5613764627730247E-003
  -3.5866859387134633E-004
  -2.0595932509914663E-002
   9.1026587845217166E-002
   0.3067755701140958     
   0.2749939059392966     
   0.2218739309870794     
   0.1760820681094376     
   0.1387638203498981     
   0.1090346449867988     
   8.5706247246934958E-002
   6.7554937424876588E-002
   5.3479184054100529E-002
   4.2563143605882529E-002
   3.4078441602476882E-002
   2.7459403655502437E-002
   2.2271953752994351E-002
   1.8184770932426552E-002
   1.4945347708689407E-002
   1.2361106716639654E-002
   1.0284881448783818E-002
   8.6038941169131883E-003
   7.2314371523841828E-003
   6.1006065401609504E-003
   5.1595775846926869E-003
   4.3680351028779251E-003
   3.6944665491353123E-003
   3.1141006048400711E-003
   2.6073293904499981E-003
   2.1584937154993742E-003
   1.7549410960031105E-003
   1.3862883594111322E-003
   1.0438365966279918E-003
   7.2009754478376980E-004
   4.0839832009950449E-004
   1.0253694958945605E-004
  -2.0357563499662890E-004
  -2.0357563499662890E-004
    0.000000000000000     
  -3.7140639234741535E-002
  -4.0192285978442696E-002
  -4.3948242947056619E-002
  -4.9945709132661373E-002
  -5.8456539428618663E-002
  -7.0017612646974176E-002
  -8.5375036214853164E-002
  -0.1055003886830103     
  -0.1316000641661265     
  -0.1650844548146100     
  -0.2076336821938019     
  -0.2629099049782885     
  -0.3600886605061648     
  -2.5500494858935248E-002
   7.2342218032555687E-003
   1.3192763547718244E-003
   1.0807312011275401E-003
   3.5245602877241114E-003
   3.5172782423179075E-003
   2.5407253987177409E-003
   1.5363650700889568E-003
   4.7032582387818297E-004
  -1.0258506493161105E-003
  -3.1970144804096688E-003
  -5.5744942444776995E-003
  -6.1129790151731294E-003
  -1.0721242417619807E-002
  -2.0997112325971005E-002
   9.5193937973008180E-002
   0.3025184461128272     
   0.2259511600886467     
   0.1712158015951322     
   0.1309666964986619     
   0.1004208429392365     
   7.7381864871810674E-002
   6.0031677756093714E-002
   4.6922680839633399E-002
   3.6963338661202411E-002
   2.9347853310289600E-002
   2.3484539980147608E-002
   1.8938298038795164E-002
   1.5387775414618138E-002
   1.2594316403826265E-002
   1.0379629169810577E-002
   8.6097226370794554E-003
   7.1833098808362682E-003
   6.0233910625096419E-003
   5.0711064767541211E-003
   4.2812179679787383E-003
   3.6187647789339486E-003
   3.0565713933423415E-003
   2.5733771528863303E-003
   2.1524222712652461E-003
   1.7803705776314248E-003
   1.4464815992232464E-003
   1.1419673845257995E-003
   8.5948550575040391E-004
   5.9273085165587481E-004
   3.3609645133969021E-004
   8.4378968414099994E-005
  -1.6752498807968437E-004
  -1.6752498807968437E-004
    0.000000000000000     
  -2.9991509403147716E-002
  -3.2533755336031547E-002
  -3.5740279788021856E-002
  -4.0887912377075508E-002
  -4.8263079232750958E-002
  -5.8409278871679640E-002
  -7.2106154254365437E-002
  -9.0423281047542825E-002
  -0.1147789211472945     
  -0.1468122483962747     
  -0.1868426371220470     
  -0.2241777108430031     
  -0.1721124352616411     
  -2.0331145579334780E-002
   8.3601745355308429E-004
   1.3285283240081834E-003
   1.4137204037715820E-003
   1.9069692480954234E-003
   1.8392309996966556E-003
   1.3098304764618644E-003
   5.4807046940390063E-004
  -4.0098057110043750E-004
  -1.6004718200696481E-003
  -3.0631144489643601E-003
  -4.5839888460165994E-003
  -5.7443804153699627E-003
  -6.8629248543768274E-003
  -3.5570829080644817E-003
   2.1211862104352622E-002
   0.1803821871966862     
   0.1984923922427144     
   0.1556066750028984     
   0.1163625454280896     
   8.7274400529832416E-002
   6.6144595926481531E-002
   5.0683220033480726E-002
   3.9243412930716336E-002
   3.0686376531365415E-002
   2.4220473740393000E-002
   1.9288341410267470E-002
   1.5492415861076530E-002
   1.2545711164306358E-002
   1.0238830922802016E-002
   8.4175141462655891E-003
   6.9671254804241287E-003
   5.8017985497607841E-003
   4.8567447516018516E-003
   4.0827448581822719E-003
   3.4421640258091349E-003
   2.9060414927529771E-003
   2.4519458456319864E-003
   2.0623805468438232E-003
   1.7235881968223525E-003
   1.4246457690121725E-003
   1.1567732887464615E-003
   9.1279939463310977E-004
   6.8674175585248525E-004
   4.7347031287013283E-004
   2.6842804498891068E-004
   6.7388669393913224E-005
  -1.3379264387775925E-004
  -1.3379264387775925E-004
    0.000000000000000     
  -2.2879947510658059E-002
  -2.4867570739813744E-002
  -2.7419869715589535E-002
  -3.1533761529693019E-002
  -3.7470975839530671E-002
  -4.5718464980514392E-002
  -5.6992112055401674E-002
  -7.2326191927217190E-002
  -9.3295991395661679E-002
  -0.1227877381082925     
  -0.1683774485837218     
  -0.2647774968242427     
   8.8313367964575860E-003
   1.4552610938559368E-002
   4.9467057812576220E-003
   2.1264228674215810E-003
   1.4392714017097295E-003
   1.2329774308711241E-003
   9.6222201435556274E-004
   5.1274069806195267E-004
  -1.0276644460936675E-004
  -8.7698255926477804E-004
  -1.8213901657316244E-003
  -2.9311556009913482E-003
  -4.1617222772670900E-003
  -5.5238889020211551E-003
  -7.5326999769094287E-003
  -1.1519378453244657E-002
  -4.0813992120076956E-002
   7.4426819169885278E-002
   0.2124683307815246     
   0.1379664092730307     
   9.6298257511061067E-002
   7.0514361257210945E-002
   5.2778310151799734E-002
   4.0114033015024170E-002
   3.0880066631838773E-002
   2.4041416685932800E-002
   1.8911114740731799E-002
   1.5018992179804248E-002
   1.2036085550005658E-002
   9.7282199470552291E-003
   7.9263188202023140E-003
   6.5068354153160566E-003
   5.3785486520617262E-003
   4.4734820255152479E-003
   3.7405581087856759E-003
   3.1411037270828268E-003
   2.6456274254027120E-003
   2.2314836059466599E-003
   1.8811619620462030E-003
   1.5810225522472220E-003
   1.3203514659734304E-003
   1.0906489804900113E-003
   8.8508734044683273E-004
   6.9809262051987798E-004
   5.2501704131297162E-004
   3.6187622145519540E-004
   2.0513122453945311E-004
   5.1498828092981306E-005
  -1.0224513576958890E-004
  -1.0224513576958890E-004
    0.000000000000000     
  -1.5905243949957071E-002
  -1.7316039370146075E-002
  -1.9152206610600082E-002
  -2.2120220692498568E-002
  -2.6427071684362265E-002
  -3.2452420653766564E-002
  -4.0758117837301155E-002
  -5.2149423547470153E-002
  -6.7759475555953630E-002
  -8.9077981525976235E-002
  -0.1172350149952200     
  -0.1474125627189005     
  -1.0213625443923312E-002
   4.6346554096055531E-003
   2.8998183046105202E-003
   1.6029819373461988E-003
   1.0147597642659277E-003
   6.8430578175588481E-004
   3.7153524164909953E-004
  -1.9861645420483597E-005
  -5.1786316582011840E-004
  -1.1312433650225357E-003
  -1.8651926092767275E-003
  -2.7180256003093467E-003
  -3.6830950548031607E-003
  -4.7873856937732297E-003
  -6.1691855926749228E-003
  -7.9217283715020716E-003
  -9.0520678205167539E-003
   2.4040985555721067E-002
   0.1332721883848862     
   9.7759879389622467E-002
   6.9706831270829495E-002
   5.0973259633083690E-002
   3.8037612803093153E-002
   2.8849283280824412E-002
   2.2179195516490623E-002
   1.7253464235193292E-002
   1.3564655918326366E-002
   1.0768994569006074E-002
   8.6276265392331939E-003
   6.9713102195061603E-003
   5.6782323624771543E-003
   4.6595720402463001E-003
   3.8498439227764550E-003
   3.2002966662182560E-003
   2.6743198718033427E-003
   2.2442011695457845E-003
   1.8888071299144758E-003
   1.5919056776875398E-003
   1.3409395931533244E-003
   1.1261207154811595E-003
   9.3975437189291653E-004
   7.7573045168825990E-004
   6.2913585062190187E-004
   4.9595554688032658E-004
   3.7283815385097413E-004
   2.5690759871580270E-004
   1.4560631926009498E-004
   3.6557547698411617E-005
  -7.2580889570512643E-005
  -7.2580889570512643E-005
    0.000000000000000     
  -9.0902819403135202E-003
  -9.9162892404348110E-003
  -1.1004673868747195E-002
  -1.2767235996750500E-002
  -1.5336450487013233E-002
  -1.8951831130023591E-002
  -2.3967555620607029E-002
  -3.0878743705246150E-002
  -4.0303040738829808E-002
  -5.2708210864396858E-002
  -6.7174998578708622E-002
  -7.8026082360827198E-002
  -9.0970830148389015E-003
   5.0684640276599420E-004
   8.9437548367282530E-004
   6.2577511064442620E-004
   3.7736251037474291E-004
   1.5268889848960848E-004
  -9.5889349071384309E-005
  -4.0376464498618906E-004
  -7.8772641533882072E-004
  -1.2542894268280842E-003
  -1.8049501174187571E-003
  -2.4363926244753949E-003
  -3.1405206048354542E-003
  -3.9036421309856964E-003
  -4.6582736027675408E-003
  -4.9597724772621095E-003
  -2.5714748359495707E-003
   9.4756568602779659E-003
   6.6868078535528466E-002
   5.4112492053305566E-002
   4.0259391099977913E-002
   2.9979018263344023E-002
   2.2607114107917294E-002
   1.7279009717081198E-002
   1.3367536706468508E-002
   1.0453367289650621E-002
   8.2546156411547906E-003
   6.5773927887820844E-003
   5.2853742950274840E-003
   4.2809828475658136E-003
   3.4933669393825920E-003
   2.8704675463368532E-003
   2.3736429591504470E-003
   1.9739515950633994E-003
   1.6495394411057836E-003
   1.3837791720862625E-003
   1.1639292395314597E-003
   9.8015745807426597E-004
   8.2482298225094075E-004
   6.9194325567096377E-004
   5.7679452026430239E-004
   4.7560946658784263E-004
   3.8534590536015343E-004
   3.0350744222234203E-004
   2.2800201553677157E-004
   1.5702742784401872E-004
   8.8974988701864959E-005
   2.2343101264225063E-005
  -4.4359691153225743E-005
  -4.4359691153225743E-005
    0.000000000000000     
  -2.3987420909940367E-003
  -2.6386909977580376E-003
  -2.9659501949838617E-003
  -3.4968346647199556E-003
  -4.2783972768135545E-003
  -5.3926965359459740E-003
  -6.9624992177044990E-003
  -9.1616928555324009E-003
  -1.2204716852529102E-002
  -1.6228058961320631E-002
  -2.0827868703406659E-002
  -2.4143312277549657E-002
  -3.9739232471521007E-003
  -8.5422775445162730E-004
  -3.7328495853766622E-004
  -2.4272323224088416E-004
  -2.4596045985329301E-004
  -3.3218139790798453E-004
  -4.8347958500611027E-004
  -6.9555865034673934E-004
  -9.6763739962547164E-004
  -1.2984971875168636E-003
  -1.6847385743662645E-003
  -2.1196057619036202E-003
  -2.5923011923313826E-003
  -3.0846144667276820E-003
  -3.5443362046626349E-003
  -3.7584412900217340E-003
  -2.9237871212798748E-003
   8.1558370163150175E-004
   1.1363757961781068E-002
   1.1713327561483688E-002
   1.0282167904345855E-002
   8.5532856557947613E-003
   6.9713998980584641E-003
   5.6422300238111629E-003
   4.5603718373392775E-003
   3.6910773134065959E-003
   2.9960019508813609E-003
   2.4407428179025357E-003
   1.9965709680919187E-003
   1.6402658488615337E-003
   1.3533676206629102E-003
   1.1213244332588092E-003
   9.3270798186109575E-004
   7.7855041654519214E-004
   6.5180697401834406E-004
   5.4693038039652976E-004
   4.5953798237720225E-004
   3.8615301749803105E-004
   3.2400391525310693E-004
   2.7086845406950537E-004
   2.2495232779928099E-004
   1.8479397198908063E-004
   1.4918932758681795E-004
   1.1713161422818500E-004
   8.7762197183786610E-005
   6.0329282949280486E-005
   3.4151386308998535E-005
   8.5818600232695118E-006
  -1.7038281111858430E-005
  -1.7038281111858430E-005
    0.000000000000000     
   4.2424127948449009E-003
   4.5881148616060442E-003
   5.0251338086071910E-003
   5.7322495297187741E-003
   6.7515935327053106E-003
   8.1644296556228728E-003
   1.0087398735843195E-002
   1.2669826974139139E-002
   1.6053070552663189E-002
   2.0188253230517324E-002
   2.4276207043319984E-002
   2.5872297935876386E-002
   1.5103088709243172E-003
  -1.5841710592798411E-003
  -1.3205825484579831E-003
  -9.6336794884610381E-004
  -7.8273196310538662E-004
  -7.4693898458955328E-004
  -8.0487863681571233E-004
  -9.2424468189549478E-004
  -1.0903333796640231E-003
  -1.2954458876920038E-003
  -1.5314482228323376E-003
  -1.7873261640738178E-003
  -2.0506810678125342E-003
  -2.3160776539498454E-003
  -2.6231454581387725E-003
  -3.2051607287260303E-003
  -4.9609952897652892E-003
  -7.6392639127769342E-003
  -4.1666945224356398E-002
  -2.9486853116502898E-002
  -1.9232896928304231E-002
  -1.2682895217007367E-002
  -8.5693672244759808E-003
  -5.9353291699072563E-003
  -4.2035059824971407E-003
  -3.0365921463657865E-003
  -2.2336557599693177E-003
  -1.6711867945512840E-003
  -1.2709409075420015E-003
  -9.8204657155083431E-004
  -7.7069840529365855E-004
  -6.1401377243017533E-004
  -4.9625896443874628E-004
  -4.0647013729503675E-004
  -3.3691951052910410E-004
  -2.8210685238866509E-004
  -2.3808461818505835E-004
  -2.0199916226071652E-004
  -1.7177434360825673E-004
  -1.4589048290420398E-004
  -1.2322812119221351E-004
  -1.0295642305954568E-004
  -8.4452719418497306E-005
  -6.7244007484834349E-005
  -5.0964085200701687E-005
  -3.5321960811440130E-005
  -2.0078707434193721E-005
  -5.0317453132047939E-006
   9.9900143034214395E-006
   9.9900143034214395E-006
    0.000000000000000     
   1.0917905534223902E-002
   1.1849723289374385E-002
   1.3046357398896572E-002
   1.4982528849490886E-002
   1.7786459367355990E-002
   2.1698625521741535E-002
   2.7072431855132646E-002
   3.4393529067247984E-002
   4.4244142661798096E-002
   5.6978954188016490E-002
   7.1324277548749787E-002
   8.0579106548301138E-002
   4.6303126201691375E-003
  -3.4002212721370821E-003
  -2.4108294280336738E-003
  -1.5771194726922095E-003
  -1.1982583919763236E-003
  -1.0760313616640731E-003
  -1.0683552214109039E-003
  -1.1089624618680792E-003
  -1.1775596714661582E-003
  -1.2664242295674618E-003
  -1.3639278596404491E-003
  -1.4520885069487690E-003
  -1.5092394235339860E-003
  -1.5161059167287144E-003
  -1.5137132209100033E-003
  -1.9802153711929510E-003
  -5.7339634324442999E-003
  -2.0436109430021936E-002
  -9.9250915659818958E-002
  -6.9815232735050400E-002
  -4.7588028542275326E-002
  -3.3259291638178215E-002
  -2.3792625922395987E-002
  -1.7372571895788363E-002
  -1.2913404273055692E-002
  -9.7515453334426905E-003
  -7.4697475555622452E-003
  -5.7977715884675917E-003
  -4.5559195511525510E-003
  -3.6220049370272421E-003
  -2.9113724695075996E-003
  -2.3644274142600929E-003
  -1.9386373617377680E-003
  -1.6032821513322219E-003
  -1.3359384552057169E-003
  -1.1200846744880476E-003
  -9.4344374254060146E-004
  -7.9682037210250132E-004
  -6.7327471101207752E-004
  -5.6752806741602077E-004
  -4.7553074929213593E-004
  -3.9414442809122938E-004
  -3.2090617559143346E-004
  -2.5385114375425707E-004
  -1.9137746274090447E-004
  -1.3214142796221049E-004
  -7.4974223193008242E-005
  -1.8814150041024350E-005
   3.7353442088100265E-005
   3.7353442088100265E-005
    0.000000000000000     
   1.7700131349730908E-002
   1.9216296361253899E-002
   2.1157586711251741E-002
   2.4293676047050732E-002
   2.8828398573466078E-002
   3.5145080397429168E-002
   4.3813113800581102E-002
   5.5652715139017594E-002
   7.1830235142435583E-002
   9.3900959494366540E-002
   0.1229989701962395     
   0.1531385830046577     
  -1.0074683539467047E-003
  -7.8068824281802840E-003
  -3.5997805475011403E-003
  -1.9073824872677472E-003
  -1.3919546353398284E-003
  -1.2998105357904489E-003
  -1.2899711840615863E-003
  -1.2706441270275532E-003
  -1.2474514769052294E-003
  -1.2293132056858764E-003
  -1.2020283477496231E-003
  -1.1358413521729014E-003
  -9.9278839128396582E-004
  -6.9457689340753342E-004
  -2.3429040900363468E-005
   1.2854771764983131E-003
   2.6947872458246273E-003
  -5.7854351867090509E-002
  -0.1615688549206499     
  -0.1067618497135558     
  -7.3530463900396414E-002
  -5.2604064534491929E-002
  -3.8435930941947360E-002
  -2.8559141903130761E-002
  -2.1535977857261399E-002
  -1.6458843079272374E-002
  -1.2735432525910291E-002
  -9.9695641283204552E-003
  -7.8907395864732891E-003
  -6.3110042156599294E-003
  -5.0977648666525668E-003
  -4.1562385577772198E-003
  -3.4178759172373962E-003
  -2.8325828273035153E-003
  -2.3634084602650882E-003
  -1.9828646685094652E-003
  -1.6703419186853844E-003
  -1.4102729023771745E-003
  -1.1908125873167168E-003
  -1.0028792458853810E-003
  -8.3945055695747184E-004
  -6.9504170741257576E-004
  -5.6531439804178175E-004
  -4.4678049367749426E-004
  -3.3657412736633793E-004
  -2.3227292315061590E-004
  -1.3175368765786240E-004
  -3.3071323914769832E-005
   6.5659471072234866E-005
   6.5659471072234866E-005
    0.000000000000000     
   2.4623962797979612E-002
   2.6715385926679196E-002
   2.9367710191214702E-002
   3.3640666320133468E-002
   3.9793793535064959E-002
   4.8319810397461110E-002
   5.9948593220042361E-002
   7.5748517230575352E-002
   9.7389048560805311E-002
   0.1280579815287516     
   0.1764553798594378     
   0.2831750072876232     
  -4.3229552854099462E-002
  -1.3571122022411890E-002
  -2.9917377334020218E-003
  -1.2756789137798508E-003
  -1.1562500307923155E-003
  -1.4404716615479809E-003
  -1.5348594797352738E-003
  -1.4463753531584664E-003
  -1.3154041707423459E-003
  -1.2001743641644488E-003
  -1.0721894944250234E-003
  -8.7736137528250462E-004
  -5.8775097965086212E-004
  -1.3806011664739846E-004
   1.0761964797518526E-003
   4.6417938747264952E-003
   5.1682916234766299E-002
  -0.2187089290573749     
  -0.1799126549886970     
  -0.1308327416015387     
  -9.5140332755668855E-002
  -6.9983847530346074E-002
  -5.2124803040288992E-002
  -3.9296266737345223E-002
  -2.9970848371774501E-002
  -2.3114257427298397E-002
  -1.8018078414040815E-002
  -1.4191155764753967E-002
  -1.1288847836326282E-002
  -9.0665224834627217E-003
  -7.3486488882250241E-003
  -6.0080066420962874E-003
  -4.9515281605234116E-003
  -4.1105424043701363E-003
  -3.4339745263936242E-003
  -2.8835540748947553E-003
  -2.4304032200822287E-003
  -2.0525831513978831E-003
  -1.7333124251214505E-003
  -1.4596610524727428E-003
  -1.2215844508801543E-003
  -1.0112021684477695E-003
  -8.2225406073131030E-004
  -6.4968560285371454E-004
  -4.8932705400998226E-004
  -3.3764010060634265E-004
  -1.9151159608872976E-004
  -4.8077927840389766E-005
   9.5453409858188088E-005
   9.5453409858188088E-005
    0.000000000000000     
   3.1664476783217155E-002
   3.4307081827786148E-002
   3.7606116775069670E-002
   4.2899625775370841E-002
   5.0472054935257714E-002
   6.0872517991216027E-002
   7.4894037562917071E-002
   9.3634818015031457E-002
   0.1185699928599064     
   0.1514215059808307     
   0.1924263367683304     
   0.2292166733553371     
   0.1620158132867534     
   1.7297526684552859E-002
  -3.6280042489235165E-004
   1.2356025467941573E-004
  -3.9292412334662443E-004
  -1.8122468746556515E-003
  -2.0414704336125617E-003
  -1.6937732919888151E-003
  -1.3660743363763854E-003
  -1.1827282991427788E-003
  -1.0114574975895912E-003
  -7.0269907205767492E-004
  -3.1535211666974079E-004
  -2.3968814497684341E-004
  -6.8889533733723575E-004
  -7.7160916142947934E-003
  -6.2060623718405553E-002
  -0.2490641176180102     
  -0.1967659599971592     
  -0.1487558179753368     
  -0.1121768048304900     
  -8.4743876922472969E-002
  -6.4375179058024437E-002
  -4.9267592316746850E-002
  -3.8021074154820297E-002
  -2.9599690493043090E-002
  -2.3249969758690703E-002
  -1.8426396583434004E-002
  -1.4733547640533251E-002
  -1.1883626226319024E-002
  -9.6660108189146454E-003
  -7.9256057768360873E-003
  -6.5474701863741588E-003
  -5.4458762126955735E-003
  -4.5564836582753674E-003
  -3.8307097530987651E-003
  -3.2316510947881325E-003
  -2.7311086035352330E-003
  -2.3074009505328749E-003
  -1.9437452133366164E-003
  -1.6270482417706240E-003
  -1.3469972115472280E-003
  -1.0953691745939030E-003
  -8.6550125179680635E-004
  -6.5187830344268704E-004
  -4.4980538208709217E-004
  -2.5513926912412054E-004
  -6.4057699815895080E-005
   1.2717946529296778E-004
   1.2717946529296778E-004
    0.000000000000000     
   3.8719985276877117E-002
   4.1866034981938749E-002
   4.5704171336733490E-002
   5.1829611159752188E-002
   6.0511361839321202E-002
   7.2289131357517106E-002
   8.7915510175983813E-002
   0.1083723138287001     
   0.1348742703490879     
   0.1688093809210071     
   0.2117247572067554     
   0.2669983973368628     
   0.3654024134342448     
   1.1571942086577625E-002
  -6.8893613573555688E-003
   2.6496989798893340E-003
   1.5268406365949343E-003
  -4.0246249390982931E-003
  -3.5022433184706868E-003
  -1.9340801025155322E-003
  -1.1904193689182556E-003
  -1.1395730368135809E-003
  -1.1381786647688388E-003
  -6.0735186953206994E-004
   3.9316180731770390E-004
   2.5336653066733612E-004
   4.5287172800734642E-003
   1.8802259029186814E-002
  -0.3069041183399411     
  -0.2568972109367038     
  -0.2034895149702259     
  -0.1596875105927531     
  -0.1242005077428960     
  -9.6240867952279457E-002
  -7.4616272552233229E-002
  -5.8045124560226050E-002
  -4.5387004349765905E-002
  -3.5712608877111078E-002
  -2.8297270068920813E-002
  -2.2588492091217702E-002
  -1.8169698945549640E-002
  -1.4728249933128009E-002
  -1.2029704139212343E-002
  -9.8980080301898973E-003
  -8.2005840679029302E-003
  -6.8372346496059820E-003
  -5.7319255208104231E-003
  -4.8267072568437663E-003
  -4.0772113952875881E-003
  -3.4493024483781749E-003
  -2.9165782064590274E-003
  -2.4584936861922983E-003
  -2.0589448893132832E-003
  -1.7051926499763235E-003
  -1.3870386164348326E-003
  -1.0961881511564664E-003
  -8.2575108007500511E-004
  -5.6984250770024099E-004
  -3.2325347537189443E-004
  -8.1165807477334142E-005
   1.6114570541549909E-004
   1.6114570541549909E-004
    0.000000000000000     
   4.5605141515254403E-002
   4.9176036269728739E-002
   5.3394084351762794E-002
   6.0080230591121490E-002
   6.9442962033141195E-002
   8.1943835410996937E-002
   9.8199905314076213E-002
   0.1189638744564831     
   0.1450962507103717     
   0.1775166598470505     
   0.2171653389605423     
   0.2649462634278719     
   0.3204059088529595     
   0.3602614519960079     
   2.0656184970458655E-002
   1.6884450744397893E-002
   9.7205075972485837E-003
  -1.7535292319183739E-002
  -7.0989747936311427E-003
  -6.5357557806174104E-004
   3.0255299811672093E-004
  -9.9660118499085354E-004
  -2.1815431759267308E-003
  -1.2415011039819727E-003
   3.0216132073056746E-003
  -6.3403837807014625E-003
   2.0335962325759852E-002
  -0.3233433262406771     
  -0.2943180655910820     
  -0.2463416166829597     
  -0.2023182982216049     
  -0.1635773997448319     
  -0.1307917458490008     
  -0.1038782442774980     
  -8.2258454191684399E-002
  -6.5136581470117749E-002
  -5.1690895308701204E-002
  -4.1176063959130878E-002
  -3.2962188490251537E-002
  -2.6538448996361111E-002
  -2.1500695853891361E-002
  -1.7533838003272684E-002
  -1.4394274697061296E-002
  -1.1894493032359729E-002
  -9.8903977292810648E-003
  -8.2712493135871906E-003
  -6.9518342751994037E-003
  -5.8664421402248876E-003
  -4.9642605377746337E-003
  -4.2058630730199787E-003
  -3.5605306589697790E-003
  -3.0042049446178565E-003
  -2.5179198456580826E-003
  -2.0865942687709037E-003
  -1.6980973789250385E-003
  -1.3425188714356298E-003
  -1.0115921976816666E-003
  -6.9822976957090513E-004
  -3.9613667528365772E-004
  -9.9474039135136880E-005
   1.9749465791174791E-004
   1.9749465791174791E-004
    0.000000000000000     
   5.2059630306844434E-002
   5.5943341287441550E-002
   6.0332233334488547E-002
   6.7232896850186533E-002
   7.6751727929820601E-002
   8.9213030712974081E-002
   0.1050255624536560     
   0.1246359090888694     
   0.1484813892052105     
   0.1769403084081605     
   0.2103100018123965     
   0.2488728136789903     
   0.2931774370106484     
   0.3474037385437149     
   0.4369521165764398     
   0.1573192686852996     
   3.6890881361937314E-002
  -0.1039237285776572     
  -6.0669019370107116E-003
   1.2350050589631458E-002
   6.9375446905070512E-003
  -9.3419118709116961E-004
  -7.5266264537179814E-003
  -8.4481861531941413E-003
   2.8331542370285290E-002
  -5.4415435957735327E-002
  -0.3924928427901313     
  -0.3279762762622342     
  -0.2732817859482904     
  -0.2308259487667830     
  -0.1935939157732961     
  -0.1605481290776206     
  -0.1317484685096639     
  -0.1072317902664096     
  -8.6803811533285313E-002
  -7.0070816736211128E-002
  -5.6533852838913309E-002
  -4.5673162222588971E-002
  -3.7002412151809175E-002
  -3.0095287419967063E-002
  -2.4593335312444044E-002
  -2.0203256538231264E-002
  -1.6689316972150470E-002
  -1.3864243563781697E-002
  -1.1580356399353555E-002
  -9.7217110171518052E-003
  -8.1974883063232178E-003
  -6.9366032813978256E-003
  -5.8833907527292319E-003
  -4.9941926454441701E-003
  -4.2346767184335268E-003
  -3.5777371168310285E-003
  -3.0018520681388849E-003
  -2.4897977413597594E-003
  -2.0276376938498674E-003
  -1.6039238905076149E-003
  -1.2090581578264050E-003
  -8.3477252311948535E-004
  -4.7369354277186214E-004
  -1.1895994738786556E-004
   2.3618175596831103E-004
   2.3618175596831103E-004
    0.000000000000000     
   5.7776292978926946E-002
   6.1832305245246855E-002
   6.6149127443144218E-002
   7.2874581833880042E-002
   8.1985197847891170E-002
   9.3632671616165897E-002
   0.1079834183846440     
   0.1251546429872643     
   0.1451510247981093     
   0.1677885857439370     
   0.1925974844546888     
   0.2186649253454700     
   0.2442958129195608     
   0.2661394424432291     
   0.2774610693059040     
   0.2398378664390942     
   0.2558748353092227     
   0.3915776084095488     
   0.1517337585472073     
   4.9262622817515769E-002
   1.3027049543586994E-002
  -9.8963712621617447E-003
  -3.9411364602208176E-002
  -0.1103701449746848     
  -0.4196683252054018     
  -0.2988365624016585     
  -0.2860667778664190     
  -0.2622674100545248     
  -0.2334522755089038     
  -0.2045335950026117     
  -0.1767883378844007     
  -0.1508382249035302     
  -0.1271862507417407     
  -0.1061831921676845     
  -8.7973861239482948E-002
  -7.2505074994932167E-002
  -5.9576564512925506E-002
  -4.8903175313746466E-002
  -4.0168035782033693E-002
  -3.3059447851794946E-002
  -2.7292245943413253E-002
  -2.2617483803522076E-002
  -1.8824589488208001E-002
  -1.5739275154774260E-002
  -1.3219436766676952E-002
  -1.1150404783039462E-002
  -9.4402924549161944E-003
  -8.0157989427547191E-003
  -6.8185971599831786E-003
  -5.8023142237079335E-003
  -4.9300539073620373E-003
  -4.1723879299772476E-003
  -3.5057392379025179E-003
  -2.9110856759442783E-003
  -2.3729210807518380E-003
  -1.8784199689864333E-003
  -1.4167602283044574E-003
  -9.7856491665751933E-004
  -5.5542914674116227E-004
  -1.3950129655030728E-004
   2.7696431426274965E-004
   2.7696431426274965E-004
    0.000000000000000     
   6.2447572493990140E-002
   6.6520336281601561E-002
   7.0518540276659936E-002
   7.6688161017603812E-002
   8.4870824461388591E-002
   9.5045253157142101E-002
   0.1071539457130596     
   0.1210383677582088     
   0.1363818515850393     
   0.1526473394118325     
   0.1690083766465136     
   0.1842690660520953     
   0.1967756042294210     
   0.2043661280400451     
   0.2045867148479605     
   0.1965358477961333     
   0.1904071933121088     
   0.1816073384384963     
   0.1213653037999762     
   6.6605073043472435E-002
   2.2753304453672359E-002
  -1.7107986203073328E-002
  -6.1009365034246039E-002
  -0.1172956386791871     
  -0.1870657031658702     
  -0.2022327203374905     
  -0.2060372844428786     
  -0.2002739820435565     
  -0.1879564446618615     
  -0.1719117684188239     
  -0.1540685030867068     
  -0.1357374868711205     
  -0.1178528801925491     
  -0.1010746687835896     
  -8.5826890213869619E-002
  -7.2326829001605725E-002
  -6.0624139829831190E-002
  -5.0647456594026238E-002
  -4.2249884662618878E-002
  -3.5246760784725037E-002
  -2.9443090776285818E-002
  -2.4651158942866555E-002
  -2.0700307229618138E-002
  -1.7441197768158990E-002
  -1.4746569685069454E-002
  -1.2509995900439533E-002
  -1.0643659118766071E-002
  -9.0757819685644871E-003
  -7.7480750470360939E-003
  -6.6133897089684117E-003
  -5.6336543350311644E-003
  -4.7781109164331710E-003
  -4.0218360504290472E-003
  -3.3445151161422518E-003
  -2.7294328899202490E-003
  -2.1626434581600061E-003
  -1.6322841764470637E-003
  -1.1280009509666115E-003
  -6.4045429037357614E-004
  -1.6087722318805129E-004
   3.1940383307332658E-004
   3.1940383307332658E-004
    0.000000000000000     
   6.5821828121587239E-002
   6.9760458776257153E-002
   7.3227546039051572E-002
   7.8530027815616577E-002
   8.5395008481128271E-002
   9.3663022592571907E-002
   0.1031170780655388     
   0.1134330845244194     
   0.1241492369944307     
   0.1346451492171002     
   0.1441369206849735     
   0.1516969994227823     
   0.1563137164242158     
   0.1570152004101498     
   0.1530862670772159     
   0.1443928741361843     
   0.1313427631598910     
   0.1121547381364315     
   8.3913702911794327E-002
   5.2168186029634647E-002
   1.9948142388620790E-002
  -1.2452330410763476E-002
  -4.5653550073087079E-002
  -7.9668083272086743E-002
  -0.1114319055181831     
  -0.1320685359464714     
  -0.1435387290552903     
  -0.1473737670491410     
  -0.1451744199800452     
  -0.1385438295021943     
  -0.1289063160200606     
  -0.1174521803511362     
  -0.1051458092822654     
  -9.2743039565132260E-002
  -8.0804738501640633E-002
  -6.9711799530341886E-002
  -5.9687266245638852E-002
  -5.0825827235333992E-002
  -4.3126760668659350E-002
  -3.6525502753299487E-002
  -3.0920351000333676E-002
  -2.6192793751930028E-002
  -2.2221558690320976E-002
  -1.8891375728833294E-002
  -1.6097752692687078E-002
  -1.3748995854524078E-002
  -1.1766476186880849E-002
  -1.0083877072267110E-002
  -8.6459249719882600E-003
  -7.4069229746983201E-003
  -6.3292776505880482E-003
  -5.3821227776341858E-003
  -4.5400881287484540E-003
  -3.7822278436710254E-003
  -3.0911034581497490E-003
  -2.4520060882886789E-003
  -1.8522969442033408E-003
  -1.2808428712204611E-003
  -7.2752239775214012E-004
  -1.8277723763069221E-004
   3.6288386978116098E-004
   3.6288386978116098E-004
    0.000000000000000     
   6.7754744434704431E-002
   7.1433560637227139E-002
   7.4224454654498034E-002
   7.8465283756488646E-002
   8.3808095219308348E-002
   9.0011502976131086E-002
   9.6782108067792222E-002
   0.1037458690374560     
   0.1104445898329118     
   0.1163465487513665     
   0.1208736316658833     
   0.1234451883822750     
   0.1235354258084116     
   0.1207357989984118     
   0.1148047843985091     
   0.1056727391725508     
   9.3351342947916610E-002
   7.7756222951103016E-002
   5.9030267023533443E-002
   3.8152068889564315E-002
   1.6052556691766844E-002
  -6.6424825235913065E-003
  -2.9420567066741787E-002
  -5.1531846407513925E-002
  -7.1627265669156906E-002
  -8.7856260408038692E-002
  -9.9522261600861528E-002
  -0.1065564303085187     
  -0.1093000302235186     
  -0.1083541635437668     
  -0.1044485438247946     
  -9.8343285912717668E-002
  -9.0763113100383527E-002
  -8.2354804035987092E-002
  -7.3660678931554771E-002
  -6.5105242595117602E-002
  -5.6994054605693761E-002
  -4.9523236198452954E-002
  -4.2796522749644544E-002
  -3.6845961559907117E-002
  -3.1652676147619498E-002
  -2.7165198497933845E-002
  -2.3314124939105688E-002
  -2.0022869076918092E-002
  -1.7214918284422322E-002
  -1.4818283709103864E-002
  -1.2767877234862508E-002
  -1.1006462834286407E-002
  -9.4846947953286971E-003
  -8.1606185519365604E-003
  -6.9988931117317497E-003
  -5.9699036762277252E-003
  -5.0488674658754245E-003
  -4.2149904288349338E-003
  -3.4507023705054951E-003
  -2.7409786452178690E-003
  -2.0727443905791060E-003
  -1.4343497367063254E-003
  -8.1509957584348055E-004
  -2.0481848930194705E-004
   4.0664431725658890E-004
   4.0664431725658890E-004
    0.000000000000000     
   6.8240090658837016E-002
   7.1573624932670027E-002
   7.3628355717224842E-002
   7.6748203414537447E-002
   8.0556148936528960E-002
   8.4786894591047768E-002
   8.9143259069386693E-002
   9.3284156486470565E-002
   9.6836802695531271E-002
   9.9418538786430893E-002
   0.1006661066446675     
   0.1002678491213840     
   9.7992407568347553E-002
   9.3706954196578679E-002
   8.7379444583662064E-002
   7.9063502081192782E-002
   6.8872742597116052E-002
   5.6966109928094755E-002
   4.3580038923834205E-002
   2.9055920718860553E-002
   1.3764670512942195E-002
  -1.9197566543008643E-003
  -1.7596111896014129E-002
  -3.2778177115399827E-002
  -4.6854861871386003E-002
  -5.9150094699420154E-002
  -6.9134378598870935E-002
  -7.6486130101026589E-002
  -8.1101865278684029E-002
  -8.3077780351452718E-002
  -8.2671274153754373E-002
  -8.0252339525652791E-002
  -7.6253403182173607E-002
  -7.1123314862981124E-002
  -6.5288961451303446E-002
  -5.9126684570340787E-002
  -5.2944613523728860E-002
  -4.6975714881534250E-002
  -4.1379960687046385E-002
  -3.6252996884155238E-002
  -3.1638367601414565E-002
  -2.7540690722672501E-002
  -2.3937914703409714E-002
  -2.0791603165291890E-002
  -1.8054875589127922E-002
  -1.5678091832496979E-002
  -1.3612613597312223E-002
  -1.1813061541853118E-002
  -1.0238474259058661E-002
  -8.8527148315736704E-003
  -7.6243951824920657E-003
  -6.5265162783439429E-003
  -5.5359614646888159E-003
  -4.6329328228413621E-003
  -3.8003853890362666E-003
  -3.0234891474723046E-003
  -2.2891314651600166E-003
  -1.5854608837044060E-003
  -9.0146509459436116E-004
  -2.2657062024201708E-004
   4.4983074775835862E-004
   4.4983074775835862E-004
    0.000000000000000     
   6.7410430388858286E-002
   7.0358737318061193E-002
   7.1699537144391534E-002
   7.3760204261877585E-002
   7.6174756805053867E-002
   7.8698511559788895E-002
   8.1077122798885723E-002
   8.3043253968417718E-002
   8.4333065890780337E-002
   8.4706035715146677E-002
   8.3964797117170517E-002
   8.1971062606030320E-002
   7.8654105824931334E-002
   7.4009962022275000E-002
   6.8091993329238765E-002
   6.0996026490742927E-002
   5.2845079595346053E-002
   4.3778906136126117E-002
   3.3950810680007715E-002
   2.3526601602939748E-002
   1.2682489644044328E-002
   1.6135810901087930E-003
  -9.4585787476343126E-003
  -2.0273747161529049E-002
  -3.0527318655053700E-002
  -3.9885874035434817E-002
  -4.8027791995697081E-002
  -5.4682809682489716E-002
  -5.9663687477640795E-002
  -6.2886089231631442E-002
  -6.4374334475606448E-002
  -6.4253239883142105E-002
  -6.2728687447139941E-002
  -6.0061057701671236E-002
  -5.6536149335709891E-002
  -5.2437865119228433E-002
  -4.8025987099719059E-002
  -4.3520997178086079E-002
  -3.9096399811225216E-002
  -3.4877702857264256E-002
  -3.0946374306293323E-002
  -2.7346806254722789E-002
  -2.4094491452377916E-002
  -2.1184059702462801E-002
  -1.8596336182485303E-002
  -1.6304035595483581E-002
  -1.4276032817486999E-002
  -1.2480346977104052E-002
  -1.0886066825824438E-002
  -9.4644649733032771E-003
  -8.1895277260564114E-003
  -7.0380882917255999E-003
  -5.9897080348297847E-003
  -5.0264107990788034E-003
  -4.1323421974870170E-003
  -3.2933998185234068E-003
  -2.4968608144159839E-003
  -1.7310191097234932E-003
  -9.8483416357396858E-004
  -2.4758620366069622E-004
   4.9155484528487460E-004
   4.9155484528487460E-004
    0.000000000000000     
   6.5509285585481136E-002
   6.8073445308510019E-002
   6.8784875402755158E-002
   6.9932565829091783E-002
   7.1188495684411601E-002
   7.2353851079607595E-002
   7.3237039172032115E-002
   7.3652567314749270E-002
   7.3435259867420735E-002
   7.2453509274579816E-002
   7.0619151062532012E-002
   6.7892024066377232E-002
   6.4278337537811175E-002
   5.9823433677662671E-002
   5.4600850153694265E-002
   4.8700313829614046E-002
   4.2217245460166794E-002
   3.5245619254716698E-002
   2.7874886495878659E-002
   2.0190562408971650E-002
   1.2278954904742827E-002
   4.2371572068095539E-003
  -3.8222267070085062E-003
  -1.1765103892952496E-002
  -1.9432089431435071E-002
  -2.6641025629543551E-002
  -3.3197525767885275E-002
  -3.8911548212067729E-002
  -4.3617079515898043E-002
  -4.7191322068984236E-002
  -4.9569662746466819E-002
  -5.0753481468046577E-002
  -5.0809392778263643E-002
  -4.9860328187417910E-002
  -4.8070442213632700E-002
  -4.5626789425961004E-002
  -4.2720925467415280E-002
  -3.9533098064560471E-002
  -3.6220742910324816E-002
  -3.2911894631650562E-002
  -2.9703157967009234E-002
  -2.6661248373853488E-002
  -2.3826854857780397E-002
  -2.1219635257088563E-002
  -1.8843402126526850E-002
  -1.6690872216336299E-002
  -1.4747645430456884E-002
  -1.2995304466752150E-002
  -1.1413673451285772E-002
  -9.9823529091440863E-003
  -8.6816777011887742E-003
  -7.4932425496900424E-003
  -6.4001212329339776E-003
  -5.3868805953154221E-003
  -4.4394652899875852E-003
  -3.5450067520507037E-003
  -2.6915914495653005E-003
  -1.8680090017760499E-003
  -1.0634897330561524E-003
  -2.6743349379297382E-004
   5.3095942676214603E-004
   5.3095942676214603E-004
    0.000000000000000     
   6.2845840769832406E-002
   6.5057023983301016E-002
   6.5258187732025186E-002
   6.5679682783677751E-002
   6.6044028001170402E-002
   6.6206342479747340E-002
   6.6038500256249452E-002
   6.5426706905278562E-002
   6.4281332377074868E-002
   6.2543920820878313E-002
   6.0190237881679459E-002
   5.7228953091157705E-002
   5.3696392995962100E-002
   4.9648596519224916E-002
   4.5152349315236547E-002
   4.0276867658129697E-002
   3.5087423234187842E-002
   2.9641635452117183E-002
   2.3988604237794663E-002
   1.8170626783325150E-002
   1.2227813529563326E-002
   6.2059346528172514E-003
   1.5972587198701408E-004
  -5.8428439010741601E-003
  -1.1716872732201495E-002
  -1.7359456131261428E-002
  -2.2652270328979481E-002
  -2.7468165291684662E-002
  -3.1681336397669790E-002
  -3.5179751186834939E-002
  -3.7877773026271364E-002
  -3.9726619470885245E-002
  -4.0720588093429905E-002
  -4.0897832599589290E-002
  -4.0335630795457184E-002
  -3.9141208323364915E-002
  -3.7439959382068372E-002
  -3.5363168849988247E-002
  -3.3037096564084420E-002
  -3.0574686633388200E-002
  -2.8070435017462529E-002
  -2.5598294288397723E-002
  -2.3212046802741505E-002
  -2.0947373655625469E-002
  -1.8824849305784916E-002
  -1.6853225945428225E-002
  -1.5032560690486167E-002
  -1.3356924718225681E-002
  -1.1816584159584755E-002
  -1.0399647041822191E-002
  -9.0932319564473382E-003
  -7.8842420028765008E-003
  -6.7598328694298123E-003
  -5.7076561309377643E-003
  -4.7159449488511961E-003
  -3.7734938738666736E-003
  -2.8695699121003707E-003
  -1.9937795728876863E-003
  -1.1359065409943798E-003
  -2.8572734319913046E-004
   5.6727982489466848E-004
   5.6727982489466848E-004
    0.000000000000000     
   5.9746894521504113E-002
   6.1653558770189763E-002
   6.1471680712129648E-002
   6.1356562911740645E-002
   6.1082473525040558E-002
   6.0555062758532840E-002
   5.9700160076869006E-002
   5.8458942526832203E-002
   5.6793706580365158E-002
   5.4690581246454331E-002
   5.2158957420323344E-002
   4.9228010385480844E-002
   4.5941145378095134E-002
   4.2349496077618926E-002
   3.8505630140095136E-002
   3.4458396413169626E-002
   3.0249493506859154E-002
   2.5911971738726055E-002
   2.1470588743926298E-002
   1.6943740967172528E-002
   1.2347216304098383E-002
   7.7000761203972279E-003
   3.0269002486515654E-003
  -1.6390624891281325E-003
  -6.2527645739473793E-003
  -1.0755483808210602E-002
  -1.5074831644908457E-002
  -1.9127119338239476E-002
  -2.2822258563784920E-002
  -2.6070900349488463E-002
  -2.8792968907502922E-002
  -3.0926283593211541E-002
  -3.2433757253929572E-002
  -3.3307824018452455E-002
  -3.3571271714488565E-002
  -3.3274391607168302E-002
  -3.2489093772825994E-002
  -3.1301163594291151E-002
  -2.9802032650081550E-002
  -2.8081302231887800E-002
  -2.6220885676704608E-002
  -2.4291170017916454E-002
  -2.2349171925579652E-002
  -2.0438362950694667E-002
  -1.8589691106031810E-002
  -1.6823309540305781E-002
  -1.5150594301265667E-002
  -1.3576144945146130E-002
  -1.2099577348576933E-002
  -1.0717015570399759E-002
  -9.4222602444947422E-003
  -8.2076550251394109E-003
  -7.0646950032918271E-003
  -5.9844281443650407E-003
  -4.9576985511531977E-003
  -3.9752732867914253E-003
  -3.0278856933994265E-003
  -2.1062194518686275E-003
  -1.2008499634311412E-003
  -3.0215396661115103E-004
   5.9989305402180764E-004
   5.9989305402180764E-004
    0.000000000000000     
   5.6517993437706242E-002
   5.8174832047996769E-002
   5.7726022543256261E-002
   5.7241554635266687E-002
   5.6541689925075356E-002
   5.5573581201342724E-002
   5.4304158286801407E-002
   5.2713083899927175E-002
   5.0795602461641311E-002
   4.8562843231218580E-002
   4.6039818763433028E-002
   4.3261743113095968E-002
   4.0269456847050134E-002
   3.7104783140771008E-002
   3.3806513655161852E-002
   3.0407492615571127E-002
   2.6933011510114943E-002
   2.3400509969758565E-002
   1.9820434230237827E-002
   1.6198021812278765E-002
   1.2536249457300089E-002
   8.8402641443340799E-003
   5.1188646436250741E-003
   1.3867859004014519E-003
  -2.3328230008797272E-003
  -6.0065802279529457E-003
  -9.5900538209598967E-003
  -1.3028327522564956E-002
  -1.6258191568887383E-002
  -1.9212010654706731E-002
  -2.1823007716725212E-002
  -2.4031359585545052E-002
  -2.5790222826391068E-002
  -2.7070700493406520E-002
  -2.7864886745222563E-002
  -2.8186473746569615E-002
  -2.8068882661868671E-002
  -2.7561351215989915E-002
  -2.6723745589015982E-002
  -2.5620990135365628E-002
  -2.4317924117633234E-002
  -2.2875161190308878E-002
  -2.1346234129649914E-002
  -1.9776036971513880E-002
  -1.8200382178810634E-002
  -1.6646388836773961E-002
  -1.5133398082412422E-002
  -1.3674148166907974E-002
  -1.2276005584388919E-002
  -1.0942118020136348E-002
  -9.6724154028458072E-003
  -8.4644308740022857E-003
  -7.3139433762122973E-003
  -6.2154602528393509E-003
  -5.1625652995701404E-003
  -4.1481585663132930E-003
  -3.1646116472737115E-003
  -2.2038581703270289E-003
  -1.2574349249278778E-003
  -3.1648587881028857E-004
   6.2834746760746059E-004
   6.2834746760746059E-004
    0.000000000000000     
   5.3419539385363160E-002
   5.4879924333528965E-002
   5.4258722420711225E-002
   5.3537835988944765E-002
   5.2574710824749835E-002
   5.1347582575927711E-002
   4.9852271458845090E-002
   4.8093569296380714E-002
   4.6086276896809053E-002
   4.3854398850150134E-002
   4.1428889550154960E-002
   3.8844554009182866E-002
   3.6136706695033188E-002
   3.3338122728620634E-002
   3.0476667533752753E-002
   2.7573811418209505E-002
   2.4644071622652180E-002
   2.1695305678064235E-002
   1.8729715081708016E-002
   1.5745388861639398E-002
   1.2738623564135852E-002
   9.7073347700805356E-003
   6.6520166269356303E-003
   3.5774015002406996E-003
   4.9437622564991210E-004
  -2.5784531405571589E-003
  -5.6137667989458739E-003
  -8.5753390000899345E-003
  -1.1418877699496352E-002
  -1.4094020159654927E-002
  -1.6547463658797161E-002
  -1.8726996814865261E-002
  -2.0585978767139052E-002
  -2.2087651191915275E-002
  -2.3208624060915315E-002
  -2.3940982367506428E-002
  -2.4292701842976504E-002
  -2.4286374748445805E-002
  -2.3956546109532604E-002
  -2.3346168872707060E-002
  -2.2502761446818086E-002
  -2.1474796011981968E-002
  -2.0308699818482285E-002
  -1.9046669107229859E-002
  -1.7725325904591291E-002
  -1.6375123389191580E-002
  -1.5020336360724938E-002
  -1.3679453656012674E-002
  -1.2365804531915166E-002
  -1.1088284840837542E-002
  -9.8520879642405388E-003
  -8.6593813233400499E-003
  -7.5098976791887085E-003
  -6.4014304398197688E-003
  -5.3302347669458433E-003
  -4.2913431582714146E-003
  -3.2788071899274569E-003
  -2.2858777772453045E-003
  -1.3051358040182810E-003
  -3.2858472094571636E-004
   6.5236836958099988E-004
   6.5236836958099988E-004
    0.000000000000000     
   5.0657760927580162E-002
   5.1969776181847963E-002
   5.1246112591912273E-002
   5.0385439347854513E-002
   4.9273153454583198E-002
   4.7909126903700194E-002
   4.6308193195881447E-002
   4.4490601964082756E-002
   4.2482051865977623E-002
   4.0312509740584104E-002
   3.8014201285504284E-002
   3.5619261424061452E-002
   3.3157459828968949E-002
   3.0654322564685546E-002
   2.8129845611702738E-002
   2.5597871847651506E-002
   2.3066104791605330E-002
   2.0536671285510323E-002
   1.8007120160417528E-002
   1.5471736949539003E-002
   1.2923407383801580E-002
   1.0356330554914951E-002
   7.7666358602002453E-003
   5.1536134726019615E-003
   2.5212116984199904E-003
  -1.2066281996790849E-004
  -2.7551786875170056E-003
  -5.3581005217981405E-003
  -7.8979621982055905E-003
  -1.0337029559794958E-002
  -1.2633108261590165E-002
  -1.4742137923952695E-002
  -1.6621365362417703E-002
  -1.8232749100482844E-002
  -1.9546154602306007E-002
  -2.0541890593074905E-002
  -2.1212225469515508E-002
  -2.1561692784517618E-002
  -2.1606203273515517E-002
  -2.1371173775262146E-002
  -2.0889014793335627E-002
  -2.0196365322981677E-002
  -1.9331429840922058E-002
  -1.8331682429273001E-002
  -1.7232089656735831E-002
  -1.6063896514551861E-002
  -1.4853937400747580E-002
  -1.3624383897045171E-002
  -1.2392820516510149E-002
  -1.1172541163079057E-002
  -9.9729738810236182E-003
  -8.8001619576499115E-003
  -7.6572502579173602E-003
  -6.5449438270898247E-003
  -5.4619201209965143E-003
  -4.4051866959396195E-003
  -3.3703833941453256E-003
  -2.3520327935131844E-003
  -1.3437457453941359E-003
  -3.3839153124636684E-004
   6.7183869792087172E-004
   6.7183869792087172E-004
    0.000000000000000     
   4.8386847920577361E-002
   4.9592115796138037E-002
   4.8813179090949010E-002
   4.7877158672070250E-002
   4.6689096015625459E-002
   4.5262944858656728E-002
   4.3625298483932401E-002
   4.1805376427041324E-002
   3.9834551807253815E-002
   3.7745134191925891E-002
   3.5568727170870645E-002
   3.3334526861508951E-002
   3.1067831749742880E-002
   2.8788946333829127E-002
   2.6512566903312114E-002
   2.4247656225845085E-002
   2.1997756995678991E-002
   1.9761664329130731E-002
   1.7534371237496925E-002
   1.5308202587334001E-002
   1.3074363926970036E-002
   1.0825190010908689E-002
   8.5545450943836244E-003
   6.2587709463322923E-003
   3.9378946376218216E-003
   1.5967171208818550E-003
  -7.5430191116295365E-004
  -3.0984716615579441E-003
  -5.4127260652412764E-003
  -7.6680281987694925E-003
  -9.8304011398599612E-003
  -1.1862601045495370E-002
  -1.3726354054643827E-002
  -1.5384973099701207E-002
  -1.6806077757496481E-002
  -1.7964087376032511E-002
  -1.8842165450643864E-002
  -1.9433366400877200E-002
  -1.9740860028592513E-002
  -1.9777254300009546E-002
  -1.9563168887351219E-002
  -1.9125301866983399E-002
  -1.8494266446774876E-002
  -1.7702456258857944E-002
  -1.6782141483992111E-002
  -1.5763923878074845E-002
  -1.4675605082895197E-002
  -1.3541462124832969E-002
  -1.2381882589668136E-002
  -1.1213289750607782E-002
  -1.0048281509547171E-002
  -8.8959115624081368E-003
  -7.7620520214235957E-003
  -6.6497900803870183E-003
  -5.5598246574078700E-003
  -4.4908408565207157E-003
  -3.4398499568819799E-003
  -2.4024904291855983E-003
  -1.3732914813075158E-003
  -3.4590592451881955E-004
   6.8675768786827815E-004
   6.8675768786827815E-004
    0.000000000000000     
   4.6717448292250885E-002
   4.7851752360506823E-002
   4.7046397266378839E-002
   4.6074184263746425E-002
   4.4852829238068492E-002
   4.3404736575017026E-002
   4.1763241389368808E-002
   3.9962407831091236E-002
   3.8036326337807097E-002
   3.6017972597281782E-002
   3.3937879795523034E-002
   3.1822897099611627E-002
   2.9695209294152244E-002
   2.7571718503238918E-002
   2.5463819646069440E-002
   2.3377547335572804E-002
   2.1314038748973987E-002
   1.9270243742870952E-002
   1.7239815530072145E-002
   1.5214119669200325E-002
   1.3183581367412059E-002
   1.1139642506931974E-002
   9.0750326174668626E-003
   6.9845424582044282E-003
   4.8660468898615410E-003
   2.7214487295136925E-003
   5.5748559506176585E-004
  -1.6136760885190559E-003
  -3.7741536202139979E-003
  -5.9004608315756232E-003
  -7.9641057260654291E-003
  -9.9327161194618513E-003
  -1.1771678680260442E-002
  -1.3446198139779653E-002
  -1.4923602942124525E-002
  -1.6175659081682479E-002
  -1.7180624407822351E-002
  -1.7924793617086932E-002
  -1.8403349873384080E-002
  -1.8620439631150371E-002
  -1.8588500330433671E-002
  -1.8326971287081412E-002
  -1.7860586590786889E-002
  -1.7217475674481481E-002
  -1.6427284197071672E-002
  -1.5519485307593797E-002
  -1.4521993499096008E-002
  -1.3460133825140396E-002
  -1.2355968373727409E-002
  -1.1227945009998883E-002
  -1.0090811682722058E-002
  -8.9557312278686525E-003
  -7.8305332596616366E-003
  -6.7200477612546694E-003
  -5.6264761774525935E-003
  -4.5497677916994774E-003
  -3.4879804327954626E-003
  -2.4376143473446108E-003
  -1.3939161866979694E-003
  -3.5115724916117775E-004
   6.9718360739471166E-004
   6.9718360739471166E-004
    0.000000000000000     
   4.5727233185982596E-002
   4.6822163270074560E-002
   4.6006252374810222E-002
   4.5019389737902232E-002
   4.3786171406268323E-002
   4.2333318914192425E-002
   4.0697484906208933E-002
   3.8915002373685025E-002
   3.7021091212036186E-002
   3.5048790841653021E-002
   3.3027826430376966E-002
   3.0983627158500650E-002
   2.8936620043967222E-002
   2.6901859348608739E-002
   2.4888996944716343E-002
   2.2902559739592491E-002
   2.0942478776255657E-002
   1.9004808832920335E-002
   1.7082582771641194E-002
   1.5166750099250368E-002
   1.3247415356801025E-002
   1.1315639219038385E-002
   9.3636430510469926E-003
   7.3854905552053225E-003
   5.3780110750863480E-003
   3.3416623901311193E-003
   1.2812878979434252E-003
  -7.9329356465842639E-004
  -2.8669310462217908E-003
  -4.9191304891258681E-003
  -6.9244348865252032E-003
  -8.8532701799766030E-003
  -1.0673267065010515E-002
  -1.2351006116134981E-002
  -1.3854066284050249E-002
  -1.5153191312591383E-002
  -1.6224344527851237E-002
  -1.7050414147156488E-002
  -1.7622365425276128E-002
  -1.7939708534367670E-002
  -1.8010247594366750E-002
  -1.7849175966278753E-002
  -1.7477665025015434E-002
  -1.6921143333844292E-002
  -1.6207475029931993E-002
  -1.5365224269603675E-002
  -1.4422147319020863E-002
  -1.3403998354229875E-002
  -1.2333681069345754E-002
  -1.1230734033709128E-002
  -1.0111107371603981E-002
  -8.9871720486231887E-003
  -7.8678986567210681E-003
  -6.7591467682489069E-003
  -5.6640152548576538E-003
  -4.5832155703641447E-003
  -3.5154418346053508E-003
  -2.4577224169139737E-003
  -1.4057470611999470E-003
  -3.5417182228593142E-004
   7.0316870619290212E-004
   7.0316870619290212E-004
    0.000000000000000     
   4.5470262429294014E-002
   4.6555621243397301E-002
   4.5737433634908162E-002
   4.4747445479234579E-002
   4.3511964233527038E-002
   4.2058735034620862E-002
   4.0425190189477780E-002
   3.8648185782920674E-002
   3.6763185069281779E-002
   3.4803211545950237E-002
   3.2797765418855783E-002
   3.0771907324129065E-002
   2.8745619956066920E-002
   2.6733497764704114E-002
   2.4744764022130328E-002
   2.2783578887452631E-002
   2.0849583410958647E-002
   1.8938620338480143E-002
   1.7043578726151642E-002
   1.5155314732990274E-002
   1.3263863054160826E-002
   1.1360199353147355E-002
   9.4364289880032818E-003
   7.4864462887178152E-003
   5.5068336346200389E-003
   3.4977050303635847E-003
   1.4634531802194990E-003
  -5.8665888159458715E-004
  -2.6382280688943723E-003
  -4.6714985462149340E-003
  -6.6617570270733565E-003
  -8.5801321483127413E-003
  -1.0394834484824873E-002
  -1.2072820218473014E-002
  -1.3581771515295358E-002
  -1.4892220779570364E-002
  -1.5979599198593989E-002
  -1.6825975778014143E-002
  -1.7421279589022811E-002
  -1.7763863287597194E-002
  -1.7860357749494120E-002
  -1.7724866391942810E-002
  -1.7377632657362956E-002
  -1.6843369256191877E-002
  -1.6149455930638764E-002
  -1.5324196005316501E-002
  -1.4395280299912831E-002
  -1.3388552826148994E-002
  -1.2327118221970506E-002
  -1.1230785018575787E-002
  -1.0115806300589260E-002
  -8.9948609653484959E-003
  -7.8772127703119980E-003
  -6.7689874675618683E-003
  -5.6735171008703619E-003
  -4.5917119973395409E-003
  -3.5224329453799035E-003
  -2.4628472015989240E-003
  -1.4087617933775662E-003
  -3.5493715512071011E-004
   7.0468818919757815E-004
   7.0468818919757815E-004
    0.000000000000000     
   4.5984203942671178E-002
   4.7088705296751819E-002
   4.6275071114712282E-002
   4.5291333996569885E-002
   4.4060378579009608E-002
   4.2607902793763988E-002
   4.0969779622940086E-002
   3.9181818964449375E-002
   3.7278997354790594E-002
   3.5294370137355806E-002
   3.3257887441898150E-002
   3.1195346992872235E-002
   2.9127620131867524E-002
   2.7070220932513364E-002
   2.5033229867302359E-002
   2.3021540591732351E-002
   2.1035374141552668E-002
   1.9070997327360527E-002
   1.7121586817130746E-002
   1.5178185465510462E-002
   1.3230967659441224E-002
   1.1271079084929416E-002
   9.2908571140907035E-003
   7.2845348216928297E-003
   5.2491885155526571E-003
   3.1856197498986538E-003
   1.0991226156673514E-003
  -9.9992824772226563E-004
  -3.0956340235492093E-003
  -5.1667624320368023E-003
  -7.1871127459770499E-003
  -9.1264082116404646E-003
  -1.0951699645196156E-002
  -1.2629192013796949E-002
  -1.4126361052805139E-002
  -1.5414161845612402E-002
  -1.6469089857108484E-002
  -1.7274852516298834E-002
  -1.7823451261529445E-002
  -1.8115553781138147E-002
  -1.8160137439239381E-002
  -1.7973485540614696E-002
  -1.7577697392667912E-002
  -1.6998917411496707E-002
  -1.6265494129225223E-002
  -1.5406252533890849E-002
  -1.4449014338128896E-002
  -1.3419443882310755E-002
  -1.2340243916721002E-002
  -1.1230683048842470E-002
  -1.0106408442618703E-002
  -8.9794831318978814E-003
  -7.8585845431301381E-003
  -6.7493060689359455E-003
  -5.6545134088449456E-003
  -4.5747191433887485E-003
  -3.5084507238307980E-003
  -2.4525976322290234E-003
  -1.4027323290223277E-003
  -3.5340648945115274E-004
   7.0164922318822608E-004
   7.0164922318822608E-004
    0.000000000000000     
   4.4956320915916850E-002
   4.6022537190042782E-002
   4.5199796155104041E-002
   4.4203556961899274E-002
   4.2963549888044468E-002
   4.1509567275477735E-002
   3.9880600756015475E-002
   3.8114552601391974E-002
   3.6247372783772963E-002
   3.4312052954544668E-002
   3.2337643395813416E-002
   3.0348467655385895E-002
   2.8363619780266316E-002
   2.6396774596894865E-002
   2.4456298176958297E-002
   2.2545617183172911E-002
   2.0663792680364626E-002
   1.8806243349599759E-002
   1.6965570635172539E-002
   1.5132444000470086E-002
   1.3296758448880428E-002
   1.1449319621365294E-002
   9.5820008619158601E-003
   7.6883577557428006E-003
   5.7644787536874206E-003
   3.8097903108285157E-003
   1.8277837447716466E-003
  -1.7338951546690866E-004
  -2.1808221142395352E-003
  -4.1762346603930658E-003
  -6.1364013081696631E-003
  -8.0338560849850180E-003
  -9.8379693244535910E-003
  -1.1516448423149079E-002
  -1.3037181977785577E-002
  -1.4370279713528326E-002
  -1.5490108540079494E-002
  -1.6377099039729451E-002
  -1.7019107916516178E-002
  -1.7412172794056241E-002
  -1.7560578059748859E-002
  -1.7476247243270925E-002
  -1.7177567922058001E-002
  -1.6687821100887047E-002
  -1.6033417732052305E-002
  -1.5242139476742153E-002
  -1.4341546261696765E-002
  -1.3357661769987234E-002
  -1.2313992527220010E-002
  -1.1230886988309104E-002
  -1.0125204158559817E-002
  -9.0102387987991105E-003
  -7.8958409974938578E-003
  -6.7886688661877911E-003
  -5.6925207928957781E-003
  -4.6087048512903333E-003
  -3.5364151669290090E-003
  -2.4730967709688245E-003
  -1.4147912577328048E-003
  -3.5646782079026747E-004
   7.0772715520693022E-004
   7.0772715520693022E-004
