    0.000000000000000     
  -4.3490457599032070E-002
  -4.8138505319206007E-002
  -4.7387095567204530E-002
  -4.6566010729269587E-002
  -4.5232335438369208E-002
  -4.3822997717569284E-002
  -4.2394860222330313E-002
  -4.0374763090179414E-002
  -3.8582727218324855E-002
  -3.6778166460636655E-002
  -3.4806967168189637E-002
  -3.2549511611348947E-002
  -3.0529223706076303E-002
  -2.8588557846438115E-002
  -2.7043033407271683E-002
  -2.4646737685508281E-002
  -2.3220399625358542E-002
  -2.1737985113647336E-002
  -1.9102966668309348E-002
  -1.7430215778420216E-002
  -1.6402579545668212E-002
  -1.3909091159335698E-002
  -1.1872449185732189E-002
  -9.8336495055855386E-003
  -8.0399243673589735E-003
  -5.8298666321234711E-003
  -3.7773718832232071E-003
  -1.7214277549427474E-003
   2.8344664105851478E-004
   2.3725910528257137E-003
   4.4994725539795281E-003
   6.4544704206404768E-003
   8.4447094986332023E-003
   1.0184857766805454E-002
   1.1744961999143284E-002
   1.3315274926020896E-002
   1.4508290764148897E-002
   1.5528815113617096E-002
   1.6349806397943097E-002
   1.6796569070430572E-002
   1.7157830460637406E-002
   1.7127874378064973E-002
   1.6906698451126013E-002
   1.6556331993919621E-002
   1.5992277610178029E-002
   1.5198269953944972E-002
   1.4249956814241141E-002
   1.3333356029520953E-002
   1.2326283347919971E-002
   1.1258812207376965E-002
   1.0177998995545931E-002
   9.0962695846689163E-003
   7.9400446115956303E-003
   6.8731703607846318E-003
   5.7437208703576496E-003
   4.6672167515655763E-003
   3.5899450717897657E-003
   2.5029463119411472E-003
   1.4257461800752898E-003
   3.5384954106822987E-004
  -7.1689705026304522E-004
  -7.1689705026304522E-004
    0.000000000000000     
  -4.4438042992860097E-002
  -4.9490748543643145E-002
  -4.8546995152266050E-002
  -4.7312301380936846E-002
  -4.6121295413161560E-002
  -4.4628995268902405E-002
  -4.3308281138750862E-002
  -4.1536082176492781E-002
  -3.9664855195229207E-002
  -3.7623514973666047E-002
  -3.5383027107675699E-002
  -3.3758399270799266E-002
  -3.1785113425848499E-002
  -2.9665819897570597E-002
  -2.7440847751591224E-002
  -2.5732276321874279E-002
  -2.3467360174216269E-002
  -2.1346455236640034E-002
  -1.9783735432848736E-002
  -1.7610549606124667E-002
  -1.5506964617246217E-002
  -1.3824371923696581E-002
  -1.1717919232773795E-002
  -9.7035036180996986E-003
  -7.4696937936496385E-003
  -5.4227202890547166E-003
  -3.2484982999974382E-003
  -1.0426247461185374E-003
   1.1994512227702574E-003
   3.3631493522938887E-003
   5.4800001158499170E-003
   7.5828455468576464E-003
   9.4916418632757758E-003
   1.1306377068079711E-002
   1.3003061603906237E-002
   1.4406975429943169E-002
   1.5611393813071216E-002
   1.6539699590313352E-002
   1.7205646306129675E-002
   1.7664930936451616E-002
   1.7754256990192969E-002
   1.7638879864611091E-002
   1.7389149407987820E-002
   1.6817427714957311E-002
   1.6127797515787325E-002
   1.5365383757464920E-002
   1.4468893934813008E-002
   1.3464968397436383E-002
   1.2411128239551504E-002
   1.1305512537454205E-002
   1.0204716989321572E-002
   9.0501756281346300E-003
   7.9486259771641300E-003
   6.8231034041347496E-003
   5.7326998054783185E-003
   4.6208875515980777E-003
   3.5472908948871451E-003
   2.4803346019293317E-003
   1.4245724674564325E-003
   3.5165850815805212E-004
  -6.9402111826895405E-004
  -6.9402111826895405E-004
    0.000000000000000     
  -4.3964250295946083E-002
  -4.8814626931424576E-002
  -4.7967045359735290E-002
  -4.6939156055103216E-002
  -4.5676815425765384E-002
  -4.4225996493235845E-002
  -4.2851570680540588E-002
  -4.0955422633336097E-002
  -3.9123791206777031E-002
  -3.7200840717151351E-002
  -3.5094997137932668E-002
  -3.3153955441074107E-002
  -3.1157168565962401E-002
  -2.9127188872004356E-002
  -2.7241940579431453E-002
  -2.5189507003691280E-002
  -2.3343879899787406E-002
  -2.1542220175143685E-002
  -1.9443351050579042E-002
  -1.7520382692272442E-002
  -1.5954772081457215E-002
  -1.3866731541516139E-002
  -1.1795184209252992E-002
  -9.7685765618426186E-003
  -7.7548090805043060E-003
  -5.6262934605890939E-003
  -3.5129350916103226E-003
  -1.3820262505306424E-003
   7.4144893191438607E-004
   2.8678702025598012E-003
   4.9897363349147225E-003
   7.0186579837490616E-003
   8.9681756809544891E-003
   1.0745617417442583E-002
   1.2374011801524760E-002
   1.3861125177982032E-002
   1.5059842288610056E-002
   1.6034257351965224E-002
   1.6777726352036386E-002
   1.7230750003441094E-002
   1.7456043725415187E-002
   1.7383377121338032E-002
   1.7147923929556916E-002
   1.6686879854438466E-002
   1.6060037562982677E-002
   1.5281826855704946E-002
   1.4359425374527075E-002
   1.3399162213478668E-002
   1.2368705793735738E-002
   1.1282162372415585E-002
   1.0191357992433751E-002
   9.0732226064017731E-003
   7.9443352943798801E-003
   6.8481368824596907E-003
   5.7382103379179841E-003
   4.6440521515818270E-003
   3.5686179833384554E-003
   2.4916404569352395E-003
   1.4251593237658612E-003
   3.5275402461314100E-004
  -7.0545908426599964E-004
  -7.0545908426599964E-004
    0.000000000000000     
  -4.4201146644403090E-002
  -4.9152687737533861E-002
  -4.8257020256000670E-002
  -4.7125728718020031E-002
  -4.5899055419463472E-002
  -4.4427495881069125E-002
  -4.3079925909645725E-002
  -4.1245752404914439E-002
  -3.9394323201003119E-002
  -3.7412177845408699E-002
  -3.5239012122804184E-002
  -3.3456177355936687E-002
  -3.1471140995905450E-002
  -2.9396504384787477E-002
  -2.7341394165511339E-002
  -2.5460891662782779E-002
  -2.3405620037001838E-002
  -2.1444337705891860E-002
  -1.9613543241713889E-002
  -1.7565466149198555E-002
  -1.5730868349351716E-002
  -1.3845551732606360E-002
  -1.1756551721013394E-002
  -9.7360400899711586E-003
  -7.6122514370769723E-003
  -5.5245068748219052E-003
  -3.3807166958038804E-003
  -1.2123254983245899E-003
   9.7045007734232165E-004
   3.1155097774268449E-003
   5.2348682253823197E-003
   7.3007517653033540E-003
   9.2299087721151325E-003
   1.1025997242761147E-002
   1.2688536702715499E-002
   1.4134050303962600E-002
   1.5335618050840636E-002
   1.6286978471139288E-002
   1.6991686329083031E-002
   1.7447840469946355E-002
   1.7605150357804078E-002
   1.7511128492974561E-002
   1.7268536668772368E-002
   1.6752153784697889E-002
   1.6093917539385001E-002
   1.5323605306584933E-002
   1.4414159654670041E-002
   1.3432065305457526E-002
   1.2389917016643621E-002
   1.1293837454934895E-002
   1.0198037490877662E-002
   9.0616991172682015E-003
   7.9464806357720050E-003
   6.8356201432972202E-003
   5.7354550716981513E-003
   4.6324698515899524E-003
   3.5579544391128003E-003
   2.4859875294322856E-003
   1.4248658956111469E-003
   3.5220626638559656E-004
  -6.9974010126747685E-004
  -6.9974010126747685E-004
    0.000000000000000     
  -4.5136283641291908E-002
  -5.0213744783950146E-002
  -4.9311999695905433E-002
  -4.8331129687430106E-002
  -4.7000212253124812E-002
  -4.5627297701861837E-002
  -4.4043991592688632E-002
  -4.2268737938466701E-002
  -4.0401405368256482E-002
  -3.8328493480504766E-002
  -3.6325209785749851E-002
  -3.4362476331770309E-002
  -3.2165041570693970E-002
  -3.0155167264800310E-002
  -2.8004688903833366E-002
  -2.5977999957319725E-002
  -2.3885001515178483E-002
  -2.1881787264432857E-002
  -1.9817016180417691E-002
  -1.7838832553507388E-002
  -1.5767107710881429E-002
  -1.3650041298911002E-002
  -1.1530424134409585E-002
  -9.3724216236593955E-003
  -7.1692339169929934E-003
  -4.9811458267476376E-003
  -2.7184439294993400E-003
  -4.5659036194720711E-004
   1.8287714677376228E-003
   4.0715364029236673E-003
   6.2630806555688699E-003
   8.3341038376167076E-003
   1.0342029133432242E-002
   1.2106660830408473E-002
   1.3756071013933484E-002
   1.5168841492768903E-002
   1.6324816023997754E-002
   1.7147876810475114E-002
   1.7777898719162133E-002
   1.8161648266211791E-002
   1.8236658253245112E-002
   1.8030790658586444E-002
   1.7663545338173665E-002
   1.7105651944133968E-002
   1.6335421790483581E-002
   1.5477150208428013E-002
   1.4529080209686225E-002
   1.3521378448636686E-002
   1.2420040604751607E-002
   1.1329569559183971E-002
   1.0165093216495349E-002
   9.0284314342660467E-003
   7.9282263122876003E-003
   6.7982937842298169E-003
   5.6949066084650349E-003
   4.6025224585639346E-003
   3.5314356469791372E-003
   2.4706930326614512E-003
   1.4103143292100743E-003
   3.4965654573122654E-004
  -6.9658657382755298E-004
  -6.9658657382755298E-004
    0.000000000000000     
  -4.6590423346545368E-002
  -5.1956746295854714E-002
  -5.0931980679071412E-002
  -5.0113597904855652E-002
  -4.8821328562021815E-002
  -4.7527871924043057E-002
  -4.5806565482067435E-002
  -4.4166025811081956E-002
  -4.2248616788399806E-002
  -4.0150648885760004E-002
  -3.8128194107773204E-002
  -3.5725757383258422E-002
  -3.3667644366592892E-002
  -3.1486988575967934E-002
  -2.9099834057971022E-002
  -2.7063115694954395E-002
  -2.4795361959644865E-002
  -2.2474379691805886E-002
  -2.0203123249349191E-002
  -1.7983884378372186E-002
  -1.5724798809053205E-002
  -1.3609733812742232E-002
  -1.1228435862060307E-002
  -8.8163139599819005E-003
  -6.3462738777170869E-003
  -3.9890723083178441E-003
  -1.4739920728621121E-003
   9.8193817572241613E-004
   3.3962008601083355E-003
   5.8123594435261711E-003
   8.1176659181680481E-003
   1.0238807786132188E-002
   1.2308413592618139E-002
   1.4092015676134956E-002
   1.5667448875368761E-002
   1.7057621325068918E-002
   1.8032418813269925E-002
   1.8758954182210914E-002
   1.9176669261380744E-002
   1.9370276401724600E-002
   1.9256999528058431E-002
   1.8919681413622387E-002
   1.8373482998056846E-002
   1.7625017696395941E-002
   1.6750777140583571E-002
   1.5761426687173369E-002
   1.4722958561936547E-002
   1.3627497572155634E-002
   1.2470842444852850E-002
   1.1319959796099722E-002
   1.0150250823189381E-002
   8.9929043362581181E-003
   7.8656155361366328E-003
   6.7326674819894851E-003
   5.6325993439467203E-003
   4.5572512547994715E-003
   3.4831737488272441E-003
   2.4352141299123272E-003
   1.3894994575981471E-003
   3.4432316950079041E-004
  -6.8460036152151460E-004
  -6.8460036152151460E-004
    0.000000000000000     
  -4.8624441646994809E-002
  -5.4200843462900369E-002
  -5.3470061008379061E-002
  -5.2499536906888362E-002
  -5.1462114432112710E-002
  -5.0039184680682774E-002
  -4.8642841413149812E-002
  -4.6905038539917329E-002
  -4.4826977664878025E-002
  -4.2772747659973936E-002
  -4.0514999059970649E-002
  -3.8247281698021662E-002
  -3.5821696677827163E-002
  -3.3453266740480748E-002
  -3.0859761145415048E-002
  -2.8612138857954123E-002
  -2.5982202420466269E-002
  -2.3464669964192792E-002
  -2.0889575268467180E-002
  -1.8331817278775024E-002
  -1.5893600417340586E-002
  -1.3175666728177677E-002
  -1.0552618110865414E-002
  -7.9122920452313009E-003
  -5.1384653487149042E-003
  -2.3622874384822065E-003
   3.6386445233495106E-004
   3.0955032039370442E-003
   5.8044017294303068E-003
   8.4256358964759324E-003
   1.0864739358848826E-002
   1.3166616680077006E-002
   1.5224500204135022E-002
   1.7026196409544211E-002
   1.8476977609282012E-002
   1.9707431166173201E-002
   2.0507617231919587E-002
   2.1038909658657283E-002
   2.1141545438248956E-002
   2.1101053982147160E-002
   2.0715044039842166E-002
   2.0095955418679510E-002
   1.9270586194449192E-002
   1.8314497992403041E-002
   1.7259666992815850E-002
   1.6130234812595214E-002
   1.4941993427008958E-002
   1.3729825877439501E-002
   1.2510692100485828E-002
   1.1300079512515274E-002
   1.0093036120546461E-002
   8.9211095822781493E-003
   7.7711611042361219E-003
   6.6384975697028718E-003
   5.5423068136111839E-003
   4.4764780318043464E-003
   3.4169938511659386E-003
   2.3867160387865973E-003
   1.3644516409650434E-003
   3.4067498479474706E-004
  -6.7429334732051465E-004
  -6.7429334732051465E-004
    0.000000000000000     
  -5.1092906561266388E-002
  -5.7120137886398747E-002
  -5.6344217340688743E-002
  -5.5596726129112518E-002
  -5.4739774149276388E-002
  -5.3516872058110287E-002
  -5.2061694583841883E-002
  -5.0571118146712508E-002
  -4.8557758482162941E-002
  -4.6289865085057502E-002
  -4.4163856999227827E-002
  -4.1565932489951447E-002
  -3.8857912132241726E-002
  -3.6280971007299774E-002
  -3.3539942158581366E-002
  -3.0759006174191021E-002
  -2.7732380872779537E-002
  -2.4922637434058426E-002
  -2.1912813201857062E-002
  -1.8968880594355107E-002
  -1.6026002526850162E-002
  -1.2859281320047371E-002
  -9.7172345435256255E-003
  -6.5793823204043549E-003
  -3.3822251921528709E-003
  -1.7440184087389219E-004
   3.0161781220275291E-003
   6.1732661759301101E-003
   9.2361042874611627E-003
   1.2066509402712929E-002
   1.4799806249973482E-002
   1.7120921236720280E-002
   1.9204723559312444E-002
   2.0997829371095855E-002
   2.2298189525648493E-002
   2.3288560770782361E-002
   2.3747116680388217E-002
   2.3906264255625188E-002
   2.3722518773417491E-002
   2.3287469007279942E-002
   2.2477331154355341E-002
   2.1458030448095307E-002
   2.0370423130168264E-002
   1.9160152125377718E-002
   1.7832575183757068E-002
   1.6512165175260243E-002
   1.5186781088782762E-002
   1.3829168304383686E-002
   1.2517484481988535E-002
   1.1256784054979018E-002
   9.9916684527376117E-003
   8.8010329085549226E-003
   7.6196815162148717E-003
   6.5018434866734804E-003
   5.4198613765585654E-003
   4.3662468010351382E-003
   3.3325244420824014E-003
   2.3243705558078989E-003
   1.3280351705198658E-003
   3.2945309100113767E-004
  -6.5505580705688192E-004
  -6.5505580705688192E-004
    0.000000000000000     
  -5.3833903865496927E-002
  -6.0396445645537297E-002
  -5.9911505607117221E-002
  -5.9177391030867582E-002
  -5.8743979382708221E-002
  -5.7693665255059139E-002
  -5.6446405756796145E-002
  -5.5218898804489963E-002
  -5.3158609229186117E-002
  -5.1223763489512408E-002
  -4.8745068138047673E-002
  -4.6165517650678424E-002
  -4.3205228721282123E-002
  -4.0092636091408215E-002
  -3.7167373919296587E-002
  -3.3768324552722620E-002
  -3.0387601626585818E-002
  -2.7161370082798290E-002
  -2.3468584450026052E-002
  -1.9762588082233523E-002
  -1.6151825045494655E-002
  -1.2509133465262477E-002
  -8.5810784915720667E-003
  -4.7756120167462964E-003
  -9.5225436837777342E-004
   2.9543232330682383E-003
   6.7164556946271168E-003
   1.0400390069697649E-002
   1.3883433703755114E-002
   1.7051597970356248E-002
   2.0020814322186362E-002
   2.2440242971150919E-002
   2.4525061875463609E-002
   2.6062711936698051E-002
   2.7111555975766016E-002
   2.7705196472668784E-002
   2.7742200065196957E-002
   2.7401309833608417E-002
   2.6692824341572920E-002
   2.5712398547541777E-002
   2.4442060109005417E-002
   2.3093840988345965E-002
   2.1547998143750607E-002
   1.9960648421784910E-002
   1.8373756956823611E-002
   1.6870404944767239E-002
   1.5359716832064739E-002
   1.3857528274875677E-002
   1.2442565505737009E-002
   1.1133905485437134E-002
   9.8395505506831717E-003
   8.6150336990385643E-003
   7.4373913509385376E-003
   6.3260217792366191E-003
   5.2612913844005509E-003
   4.2217257474364209E-003
   3.2213352650322779E-003
   2.2433845722764985E-003
   1.2808529528733313E-003
   3.1729865718539035E-004
  -6.3185166971179167E-004
  -6.3185166971179167E-004
    0.000000000000000     
  -5.6788822800492585E-002
  -6.3674300074360923E-002
  -6.3516595086278729E-002
  -6.3325383751861364E-002
  -6.3017356290628698E-002
  -6.2523148956876301E-002
  -6.1850565908893207E-002
  -6.0849970138696002E-002
  -5.9147906434720537E-002
  -5.7270168841767069E-002
  -5.5044994518628904E-002
  -5.2192967842041499E-002
  -4.8951172046490729E-002
  -4.5749148268390799E-002
  -4.2094149178381696E-002
  -3.8394862285419704E-002
  -3.4084114445482469E-002
  -2.9977880025001135E-002
  -2.5664705215286580E-002
  -2.1020694606827504E-002
  -1.6588855665833194E-002
  -1.1854052984262637E-002
  -7.1214730367444197E-003
  -2.2824217264544736E-003
   2.4702348662205107E-003
   7.1528111987478058E-003
   1.1840526832490476E-002
   1.6191591507240938E-002
   2.0244874822295648E-002
   2.3872845574986729E-002
   2.7025526132652047E-002
   2.9463143350209938E-002
   3.1284618401316820E-002
   3.2540755467001373E-002
   3.3134065134578970E-002
   3.3001371467618640E-002
   3.2451813584444662E-002
   3.1385949595445113E-002
   3.0081156442170756E-002
   2.8372962721854224E-002
   2.6557160779223217E-002
   2.4671068123203615E-002
   2.2722411345315024E-002
   2.0738454387372842E-002
   1.8888850863091104E-002
   1.7149974906477461E-002
   1.5423940950921360E-002
   1.3816990862840894E-002
   1.2322780319288367E-002
   1.0916922021356577E-002
   9.6255997933725711E-003
   8.3822811090686986E-003
   7.2084816883941968E-003
   6.1031566085610663E-003
   5.0681084636151211E-003
   4.0574387601058333E-003
   3.0894839631191496E-003
   2.1495102135962178E-003
   1.2213187844197075E-003
   3.0379259664477151E-004
  -6.0674287077953329E-004
  -6.0674287077953329E-004
    0.000000000000000     
  -5.9464854407782104E-002
  -6.6908689094867177E-002
  -6.7154118709498695E-002
  -6.7373496228231244E-002
  -6.7906210313444071E-002
  -6.7997063695051069E-002
  -6.8235882089220309E-002
  -6.7737079172427203E-002
  -6.6763218538786612E-002
  -6.5156741360531900E-002
  -6.3127741544838953E-002
  -6.0220942332478711E-002
  -5.7193466267212743E-002
  -5.3097049098358565E-002
  -4.9043753507088658E-002
  -4.4581563041290510E-002
  -3.9696758950084579E-002
  -3.4376621749734035E-002
  -2.8805999118882961E-002
  -2.3132602651407669E-002
  -1.7169822103684288E-002
  -1.1155908046100423E-002
  -5.1435985860032859E-003
   9.6587414096302936E-004
   7.1586213689608692E-003
   1.3114418941853147E-002
   1.8738522262335515E-002
   2.4096652933696089E-002
   2.8726242013929662E-002
   3.2977880221750994E-002
   3.6056792415008490E-002
   3.8629014836023719E-002
   3.9917059510619746E-002
   4.0515316185635489E-002
   4.0280628104403207E-002
   3.9249482535997214E-002
   3.7791159088498130E-002
   3.5714858347608069E-002
   3.3618009089573180E-002
   3.1140700600395914E-002
   2.8544145212219586E-002
   2.6123260243840974E-002
   2.3763158331046294E-002
   2.1356380345983365E-002
   1.9211557183815588E-002
   1.7206666082930366E-002
   1.5370411900568476E-002
   1.3641687338861307E-002
   1.2090108010501253E-002
   1.0637100745765793E-002
   9.3114688385149344E-003
   8.0621242485819124E-003
   6.9188998793299735E-003
   5.8281973378306838E-003
   4.8268010299844103E-003
   3.8611194653370554E-003
   2.9313109549788901E-003
   2.0401054119077010E-003
   1.1637037221252421E-003
   2.9124825267325317E-004
  -5.7770511366665700E-004
  -5.7770511366665700E-004
    0.000000000000000     
  -6.1735411633497141E-002
  -6.9645428761402423E-002
  -7.0443778268094837E-002
  -7.1286199157757746E-002
  -7.2821710439294543E-002
  -7.4005666509914789E-002
  -7.4986046096066905E-002
  -7.5977563094334954E-002
  -7.5623703172098627E-002
  -7.5071639530483444E-002
  -7.3363908473468686E-002
  -7.0896034117802237E-002
  -6.7939000837589553E-002
  -6.3572662271569449E-002
  -5.8659889423467074E-002
  -5.3514645995774296E-002
  -4.7428265847130016E-002
  -4.0534038811217497E-002
  -3.3781834300972521E-002
  -2.6624574156121208E-002
  -1.8405085388263784E-002
  -1.0638996169778788E-002
  -2.5064985628416052E-003
   5.6853757225994962E-003
   1.3692870449904469E-002
   2.1396159728046343E-002
   2.8616561412059982E-002
   3.5010510902626905E-002
   4.0549539988607879E-002
   4.4863841606981092E-002
   4.8125905654162193E-002
   5.0022644096229849E-002
   5.0682972435402790E-002
   5.0189273876886209E-002
   4.8593612014805498E-002
   4.6377042574042793E-002
   4.3639363026313466E-002
   4.0444779622205343E-002
   3.7161009637439256E-002
   3.3892576817228640E-002
   3.0456911215798015E-002
   2.7367892818360481E-002
   2.4524999319408755E-002
   2.1788320811566668E-002
   1.9336178546223104E-002
   1.7114441108914143E-002
   1.5132817207922370E-002
   1.3340497254590140E-002
   1.1684693132870946E-002
   1.0238797463688398E-002
   8.9132709207186238E-003
   7.6826076672871467E-003
   6.5625223717656663E-003
   5.5153837031585206E-003
   4.5505540481227437E-003
   3.6393587501436357E-003
   2.7565392464096957E-003
   1.9156241363340889E-003
   1.0891324928191471E-003
   2.7221540378338815E-004
  -5.4092385878720325E-004
  -5.4092385878720325E-004
    0.000000000000000     
  -6.3238178453644267E-002
  -7.1868142192582085E-002
  -7.3003803977453763E-002
  -7.4847682669630045E-002
  -7.7688168012501321E-002
  -8.0025155367510883E-002
  -8.2699260978895739E-002
  -8.4977607109341269E-002
  -8.6286551109975004E-002
  -8.6911936059058809E-002
  -8.6322458115888734E-002
  -8.4919486501260855E-002
  -8.2493423051806417E-002
  -7.7810379164517607E-002
  -7.2844984859227913E-002
  -6.6287708634087422E-002
  -5.8853766978437944E-002
  -5.0054680922886632E-002
  -4.0865398006145470E-002
  -3.0905876361620305E-002
  -2.0326748016624575E-002
  -9.6629452142053124E-003
   1.2769870281988437E-003
   1.2326188893298359E-002
   2.3019414034593691E-002
   3.2992674446446768E-002
   4.2171313718682914E-002
   5.0183306966599624E-002
   5.6533067437466229E-002
   6.0970279941384473E-002
   6.3147821932283216E-002
   6.4518042884995991E-002
   6.3341862744962424E-002
   6.1258024902912975E-002
   5.8011885969617837E-002
   5.3822479599492469E-002
   4.9643363317195169E-002
   4.4915488362250469E-002
   4.0318259064722625E-002
   3.6057481602462096E-002
   3.1966379082598098E-002
   2.8264568462498845E-002
   2.4946657441320547E-002
   2.1815090502438451E-002
   1.9205967522250959E-002
   1.6767584140763809E-002
   1.4745302817561239E-002
   1.2849684377858026E-002
   1.1214222558533120E-002
   9.7376769694842002E-003
   8.4250798217587325E-003
   7.2452685535534019E-003
   6.1636436508891628E-003
   5.1558363819905950E-003
   4.2383583943695641E-003
   3.3885338254399083E-003
   2.5653534796126008E-003
   1.7804725961169234E-003
   1.0111595108362732E-003
   2.5416846629176088E-004
  -5.0224134480540282E-004
  -5.0224134480540282E-004
    0.000000000000000     
  -6.3688410546205471E-002
  -7.2937900479288192E-002
  -7.4553000968193617E-002
  -7.7585987827095693E-002
  -8.1530505597200847E-002
  -8.5799430000164406E-002
  -9.0227831572152556E-002
  -9.4955953690132738E-002
  -9.8203227585427155E-002
  -0.1013389309607045     
  -0.1033039968403121     
  -0.1029803812184106     
  -0.1010118570552063     
  -9.8196529320047604E-002
  -9.2479927510141377E-002
  -8.4659231037846366E-002
  -7.5373960193628270E-002
  -6.4003155543265453E-002
  -5.1724526540511885E-002
  -3.8180376061351842E-002
  -2.3502523243575726E-002
  -8.6537621649571336E-003
   6.3455820002963964E-003
   2.1429223966430079E-002
   3.6126897025450078E-002
   4.9550227445056320E-002
   6.1179955257586516E-002
   7.1163506168736915E-002
   7.7816888628537986E-002
   8.1768511791262155E-002
   8.2768232296494909E-002
   8.1774447105175826E-002
   7.8359070043405310E-002
   7.3771110385354083E-002
   6.7750245921693528E-002
   6.1306720045936507E-002
   5.5326218247229414E-002
   4.8984052888811844E-002
   4.3133420398177108E-002
   3.7720175934394633E-002
   3.2892769856319864E-002
   2.8584024638198525E-002
   2.4865466047705898E-002
   2.1561004936709389E-002
   1.8674482258867073E-002
   1.6193571693299543E-002
   1.4102677813160517E-002
   1.2193099887421881E-002
   1.0552597201638628E-002
   9.1593871895807137E-003
   7.8813045208239001E-003
   6.7275575877439502E-003
   5.7078093147534814E-003
   4.7674327646778361E-003
   3.9093392712979073E-003
   3.1151198482198572E-003
   2.3595559861092708E-003
   1.6359245276963647E-003
   9.2850661900839267E-004
   2.3303496634087577E-004
  -4.6363816158778384E-004
  -4.6363816158778384E-004
    0.000000000000000     
  -6.2950853575578600E-002
  -7.2403352659575912E-002
  -7.4805457619477350E-002
  -7.8892322154769837E-002
  -8.4347417278763631E-002
  -9.0632945762696648E-002
  -9.7234555906280273E-002
  -0.1046700938642990     
  -0.1116638272002623     
  -0.1179056318102712     
  -0.1229860858335186     
  -0.1260727721075706     
  -0.1265667604999498     
  -0.1245691942782555     
  -0.1197997502199792     
  -0.1112196121057366     
  -0.1000993419621266     
  -8.5364217260562453E-002
  -6.8635883476298787E-002
  -4.8455554994706607E-002
  -2.8492923283021450E-002
  -7.2937207964331001E-003
   1.3815926514836247E-002
   3.4694593242680705E-002
   5.5054220224031586E-002
   7.3903784939352374E-002
   8.9226924695008855E-002
   0.1002990878359843     
   0.1070472458611200     
   0.1086388031139803     
   0.1063888194111300     
   0.1021537906196390     
   9.5096930397956553E-002
   8.6387005084562998E-002
   7.7749852622804580E-002
   6.8513036576484887E-002
   5.9844615315855658E-002
   5.2178309637011477E-002
   4.5019999632974865E-002
   3.8666461841618399E-002
   3.3111547157355849E-002
   2.8309108995252585E-002
   2.4309023350898441E-002
   2.0826153457083732E-002
   1.7905077719362859E-002
   1.5355511525721937E-002
   1.3266908377783188E-002
   1.1419186968051512E-002
   9.8259735611011690E-003
   8.4612567500223224E-003
   7.2618331432116687E-003
   6.1735441219685451E-003
   5.2250655867119838E-003
   4.3537823211383811E-003
   3.5610527565676799E-003
   2.8299647134842113E-003
   2.1417935553862464E-003
   1.4797393509284218E-003
   8.4176674264185326E-004
   2.1177045812546629E-004
  -4.1987161017609221E-004
  -4.1987161017609221E-004
    0.000000000000000     
  -6.0902683605894806E-002
  -7.0339321098762522E-002
  -7.3546474700782391E-002
  -7.8443317605901466E-002
  -8.5246493758537004E-002
  -9.3878235761301179E-002
  -0.1029965338424937     
  -0.1137091433311628     
  -0.1245761815062607     
  -0.1358813020940662     
  -0.1450916204085332     
  -0.1536985712261577     
  -0.1579772813872568     
  -0.1613758318060307     
  -0.1579333443685461     
  -0.1507955647116379     
  -0.1382936865677875     
  -0.1198542893721348     
  -9.2808675937636018E-002
  -6.2637338579099214E-002
  -3.3038736933482069E-002
  -4.4978037192664501E-003
   2.3623640970083216E-002
   5.1499636823350070E-002
   8.1206007407002678E-002
   0.1108525019463479     
   0.1302529494019173     
   0.1417253379764731     
   0.1463083071410169     
   0.1424650952612653     
   0.1353048912588118     
   0.1250579845383468     
   0.1116488750549557     
   9.8983251473444112E-002
   8.6200294745036946E-002
   7.4354973990284456E-002
   6.3398900500836908E-002
   5.3765686861013913E-002
   4.5741721058226464E-002
   3.8525491251248517E-002
   3.2489152610126054E-002
   2.7440589896431368E-002
   2.3277488687191969E-002
   1.9751590274833482E-002
   1.6846201586014971E-002
   1.4323172548300237E-002
   1.2258933069686263E-002
   1.0477619181954757E-002
   8.9648348807957953E-003
   7.6952443612652559E-003
   6.5801582209911733E-003
   5.5834711592366625E-003
   4.7036917952302422E-003
   3.9204926526464189E-003
   3.2017390395192849E-003
   2.5395387976162353E-003
   1.9190922447128215E-003
   1.3275200355501134E-003
   7.5300552499153880E-004
   1.8874671226580940E-004
  -3.7744058236057013E-004
  -3.7744058236057013E-004
    0.000000000000000     
  -5.7496889454198806E-002
  -6.6769811080399505E-002
  -7.0335764567718270E-002
  -7.6301174284227544E-002
  -8.4441733618086504E-002
  -9.4369298136110863E-002
  -0.1065578674705541     
  -0.1203730654664362     
  -0.1355768828842707     
  -0.1527091748764505     
  -0.1685719991605064     
  -0.1848116112642640     
  -0.1980013463353231     
  -0.2069222625609748     
  -0.2105573342257523     
  -0.2036689805268076     
  -0.1975151096148338     
  -0.1910749017698633     
  -0.1278002555470040     
  -7.0179412673702674E-002
  -2.9295399436570894E-002
   3.3350578094863653E-003
   3.3682245873365990E-002
   6.7317761865249764E-002
   0.1097877618025545     
   0.1735464796362390     
   0.1958197284131595     
   0.1996580387185178     
   0.1951662888910455     
   0.1830074941161756     
   0.1660315970324900     
   0.1473083339573135     
   0.1283882279031077     
   0.1096483134293997     
   9.2977955600899193E-002
   7.7926421014491182E-002
   6.4732083335248158E-002
   5.3787265528480260E-002
   4.4989837545646005E-002
   3.7213184972210912E-002
   3.1123900091291314E-002
   2.5903455869055368E-002
   2.1687013079871628E-002
   1.8338727807687617E-002
   1.5441452398800739E-002
   1.3066684959354584E-002
   1.1098297500399010E-002
   9.5061813041583051E-003
   8.1003907719903439E-003
   6.9170383763490087E-003
   5.8771338969332270E-003
   4.9820113809732648E-003
   4.1885059788270441E-003
   3.4822948883414754E-003
   2.8407646280679865E-003
   2.2466518143305016E-003
   1.6971525956068017E-003
   1.1739479991420621E-003
   6.6476335269458195E-004
   1.6836618413127970E-004
  -3.3391478832187256E-004
  -3.3391478832187256E-004
    0.000000000000000     
  -5.2820579794066048E-002
  -6.1858773225655792E-002
  -6.5579287587621715E-002
  -7.2135287840674217E-002
  -8.0927374365074897E-002
  -9.2209055180952015E-002
  -0.1063089028672008     
  -0.1235984943286724     
  -0.1440869467019125     
  -0.1662783219211528     
  -0.1905749240739485     
  -0.2181463872603809     
  -0.2453029057006301     
  -0.2700015207373642     
  -0.2887731162217991     
  -0.2462207137765601     
  -0.2412601836878528     
  -0.4098887293915332     
  -0.1651256222394907     
  -3.6946325961699930E-002
   1.3272221387645297E-003
   1.5911792521370236E-002
   3.3384180663344767E-002
   5.9059306231851093E-002
   7.2575749115131316E-002
   0.3527312012269819     
   0.3015204945817956     
   0.2752191703865100     
   0.2552931248798813     
   0.2272994041022436     
   0.1964578070606960     
   0.1684354493741518     
   0.1409914425741048     
   0.1166500639052322     
   9.6146171554430282E-002
   7.8602108624345343E-002
   6.4101328428823184E-002
   5.2265282198226695E-002
   4.2874379876113630E-002
   3.5048119583785300E-002
   2.8835690984425531E-002
   2.3914881414747235E-002
   1.9841129136559825E-002
   1.6601870055764398E-002
   1.3898958750463004E-002
   1.1723713581476530E-002
   9.9109293179239222E-003
   8.4268131134639726E-003
   7.1524880244579836E-003
   6.0862478799534004E-003
   5.1732406748662063E-003
   4.3691122689249844E-003
   3.6654829663869916E-003
   3.0405186678869058E-003
   2.4815493072773082E-003
   1.9605071730940072E-003
   1.4815220849897824E-003
   1.0215795386794750E-003
   5.7893942717041655E-004
   1.4660037105048465E-004
  -2.9190970693785762E-004
  -2.9190970693785762E-004
    0.000000000000000     
  -4.7316483077612187E-002
  -5.5473588540794885E-002
  -5.9576947412736378E-002
  -6.6112353459713530E-002
  -7.5238306194734247E-002
  -8.7279810788409407E-002
  -0.1025181869097334     
  -0.1216955801923696     
  -0.1453720325931002     
  -0.1728481088254888     
  -0.2064611197609262     
  -0.2439243471783978     
  -0.2891218557138620     
  -0.3411113859242828     
  -0.4618381753570612     
  -0.1833549044557573     
  -3.2281649703317608E-002
   3.2051195384678675E-002
   2.6362199622552502E-002
   7.5143141351320004E-003
   2.2206685935725642E-003
   3.6363985005619260E-003
   5.5657456137801825E-003
   5.8270090041628343E-003
  -3.8741250116531928E-002
   2.3994909786063331E-002
   7.1403786392541635E-002
   0.3436901845505086     
   0.3251998542526787     
   0.2686955485108116     
   0.2231474385526318     
   0.1831537706014360     
   0.1484135731193565     
   0.1195104756470271     
   9.5200960287946529E-002
   7.6153108661061369E-002
   6.0743167046394278E-002
   4.8937901990045551E-002
   3.9453103492361079E-002
   3.1984256928240903E-002
   2.6156185965055413E-002
   2.1450471215405820E-002
   1.7716154690523282E-002
   1.4637201046656301E-002
   1.2270291321078222E-002
   1.0256968592083172E-002
   8.6677692632861261E-003
   7.3273108897036901E-003
   6.2035648437442914E-003
   5.2509025034839993E-003
   4.4672486339554897E-003
   3.7687720411287173E-003
   3.1489197107283742E-003
   2.6148613280655869E-003
   2.1317508865558712E-003
   1.6801413676973316E-003
   1.2681825226432083E-003
   8.7562286895093372E-004
   4.9553997664103825E-004
   1.2617221066508902E-004
  -2.5085447967817653E-004
  -2.5085447967817653E-004
    0.000000000000000     
  -4.1060270926334734E-002
  -4.8525777185836824E-002
  -5.2175538096527564E-002
  -5.8600436303128015E-002
  -6.7627950829938249E-002
  -7.9494048070548273E-002
  -9.4945278074887507E-002
  -0.1154188877190834     
  -0.1404184713620765     
  -0.1711785527319404     
  -0.2093707520815065     
  -0.2563536568515806     
  -0.3103705464019543     
  -0.3748248536404779     
  -0.1036753838651926     
  -7.1159869115510156E-003
  -1.0693261854286995E-003
   7.7260252237631869E-003
   9.2217142200485321E-003
   5.8224660313333284E-003
   3.4049713615462050E-003
   2.2857136543849568E-003
   8.9209206939119541E-004
  -2.2630807171104854E-003
  -9.6576137337516799E-003
  -1.4206410639443592E-003
  -2.4949630677017304E-002
   4.9148635540793184E-002
   0.2919872732813851     
   0.2946670536980983     
   0.2409484495051082     
   0.1897829500117270     
   0.1477506113852622     
   0.1163954962704420     
   9.0420828606987219E-002
   7.0984819441220037E-002
   5.5643384771705162E-002
   4.4290254038083787E-002
   3.5224487505657522E-002
   2.8246853639265358E-002
   2.2889039130974762E-002
   1.8695047030733828E-002
   1.5354133058478098E-002
   1.2673119803495943E-002
   1.0538414853202251E-002
   8.7955409543317847E-003
   7.4176334517136004E-003
   6.2410462169460793E-003
   5.2647716011034800E-003
   4.4616086015000674E-003
   3.7884581774510553E-003
   3.1782303631301394E-003
   2.6639938781925971E-003
   2.2076299673926287E-003
   1.7950578230214028E-003
   1.4243514781857177E-003
   1.0726383540932550E-003
   7.3909240320966000E-004
   4.1884092710003733E-004
   1.0789807359413119E-004
  -2.1243195419866164E-004
  -2.1243195419866164E-004
    0.000000000000000     
  -3.4521734370853471E-002
  -4.1027921876989774E-002
  -4.4342766671093221E-002
  -5.0103296520188877E-002
  -5.8486029244310622E-002
  -6.9601867851861787E-002
  -8.4232790855479148E-002
  -0.1037587931684553     
  -0.1284963332421376     
  -0.1595951546067635     
  -0.1991248123243477     
  -0.2470153800740489     
  -0.3734099418640365     
  -0.1019981850244415     
   3.2827437768589776E-003
   8.6954843457738122E-003
   3.7633371512810951E-003
   4.2251011792276104E-003
   4.6737417961121496E-003
   3.7582269151682319E-003
   2.3640053026973721E-003
   1.1071780545624636E-003
  -5.4579184740054373E-004
  -2.8354516378459311E-003
  -5.5813301391348007E-003
  -6.3038074563112204E-003
  -8.9018316896561228E-003
  -2.8266797204961492E-002
   5.8673056367950643E-002
   0.2897636077201413     
   0.2510542875678725     
   0.1876344123234556     
   0.1412652614079128     
   0.1076221877773621     
   8.1627528867595237E-002
   6.2867523996796071E-002
   4.8419414746512221E-002
   3.8397208476094388E-002
   3.0351046041106080E-002
   2.4223561360783821E-002
   1.9426305930869397E-002
   1.5823118808225491E-002
   1.2939849225034699E-002
   1.0631260310529907E-002
   8.8125810926820286E-003
   7.3442121840692322E-003
   6.1725157773243272E-003
   5.1817259174745467E-003
   4.3696201466755877E-003
   3.7061162689026603E-003
   3.1245326053808815E-003
   2.6325329834661956E-003
   2.2056165624711353E-003
   1.8204221409651613E-003
   1.4777562256369011E-003
   1.1668581555505401E-003
   8.8214083808403555E-004
   6.0805479995329590E-004
   3.4472574031056387E-004
   8.7220722457636109E-005
  -1.7558678489743858E-004
  -1.7558678489743858E-004
    0.000000000000000     
  -2.7886528697892619E-002
  -3.3114237216820143E-002
  -3.6021019047032664E-002
  -4.0837056312090780E-002
  -4.7887943412033888E-002
  -5.7875481190701475E-002
  -7.1099965867009285E-002
  -8.8002231946284148E-002
  -0.1117825895250287     
  -0.1412182880941456     
  -0.1764814076628650     
  -0.2200188817732749     
  -0.1996378931261160     
  -6.3077300706821063E-002
  -3.8465246190173340E-003
   4.6145525597077776E-003
   3.5712865036474960E-003
   3.2632229035697482E-003
   2.9894180597625883E-003
   2.4025701094977994E-003
   1.3912037712641085E-003
   2.4790667466779005E-004
  -1.1791037479815150E-003
  -2.7667088426841409E-003
  -4.5543936215961646E-003
  -5.9021314342886204E-003
  -7.4856504870611483E-003
  -6.6253198351799956E-003
   5.7092401086708648E-003
   0.1557900250786872     
   0.2079039552323894     
   0.1720131857372888     
   0.1271359293660186     
   9.3749641026880881E-002
   6.9603328971856324E-002
   5.3109597967976110E-002
   4.0652956286057265E-002
   3.1800318882448123E-002
   2.4991383935159740E-002
   1.9876780841881110E-002
   1.5981648695483571E-002
   1.2863154409818259E-002
   1.0467762732193681E-002
   8.6113623293212985E-003
   7.1284403962676600E-003
   5.9149436599710541E-003
   4.9670538606295979E-003
   4.1707148348702917E-003
   3.5168016546640165E-003
   2.9690969667330058E-003
   2.4961122764346681E-003
   2.1080635401744094E-003
   1.7625306658576930E-003
   1.4575100204611442E-003
   1.1794631346263833E-003
   9.3825553508357427E-004
   7.0027083904775458E-004
   4.8709703677429403E-004
   2.7601412113887491E-004
   6.9598526468946705E-005
  -1.3719167225743548E-004
  -1.3719167225743548E-004
    0.000000000000000     
  -2.1218904114520695E-002
  -2.5404175778926896E-002
  -2.7600173261497166E-002
  -3.1656947741478300E-002
  -3.7286002107026581E-002
  -4.5296997339185657E-002
  -5.6097327554808313E-002
  -7.0400292538667836E-002
  -9.0205545401414594E-002
  -0.1160594534221346     
  -0.1515949013072083     
  -0.2693930095420027     
  -5.8422358781685550E-002
   1.6058094156450160E-002
   1.2626513155519768E-002
   5.4390123473090947E-003
   3.1640571334340326E-003
   2.5537045897268225E-003
   2.0550658502352668E-003
   1.4207749520124143E-003
   5.9213134847313400E-004
  -3.5242975149485552E-004
  -1.4578073577945130E-003
  -2.6570371999650104E-003
  -3.9978027601626142E-003
  -5.3114448950406261E-003
  -7.2500610043699188E-003
  -7.7443275371231850E-003
  -4.3408752418718645E-002
   4.1547518706990229E-002
   0.2058018415721531     
   0.1597436436547573     
   0.1068692682632363     
   7.5368694280211090E-002
   5.5605945185006680E-002
   4.2264280539335224E-002
   3.1911470942359042E-002
   2.4871776825064994E-002
   1.9492802527029323E-002
   1.5532470502546369E-002
   1.2372078656168434E-002
   9.9180415884555957E-003
   8.1325331654989140E-003
   6.6663385130063873E-003
   5.5008270095077902E-003
   4.5608736357266016E-003
   3.8109571171280939E-003
   3.2098009419853548E-003
   2.6980159172663182E-003
   2.2827285177761986E-003
   1.9194986723509873E-003
   1.6136566515057703E-003
   1.3506117428706027E-003
   1.1176900419661696E-003
   9.0656412079597403E-004
   7.1639462387174915E-004
   5.3321364580409688E-004
   3.7121694439956154E-004
   2.1102568698424848E-004
   5.5695276514401723E-005
  -1.0578904009615632E-004
  -1.0578904009615632E-004
    0.000000000000000     
  -1.4733702109295773E-002
  -1.7648185639886092E-002
  -1.9252975562469538E-002
  -2.2056392517883820E-002
  -2.6193047631745181E-002
  -3.1951909434291673E-002
  -3.9880726140653112E-002
  -5.0027552109697053E-002
  -6.4662417697622793E-002
  -8.3792098289997008E-002
  -0.1070964441423402     
  -0.1536000286687544     
  -4.7987027190579096E-002
   3.0959723356650104E-004
   5.9194299507986199E-003
   4.0307868332001813E-003
   2.5786066283462507E-003
   1.7460564293490827E-003
   1.1868892975575305E-003
   6.7107643867856705E-004
   8.2983895072063411E-005
  -6.4742465706263516E-004
  -1.4836018293215192E-003
  -2.4292379543840391E-003
  -3.4850365123569801E-003
  -4.5600866390028746E-003
  -5.8664943614081567E-003
  -7.2640143472509598E-003
  -1.1321071624968692E-002
   6.2174568535192975E-003
   0.1215426383597565     
   0.1122811739758389     
   7.7585068320275008E-002
   5.4861579707654262E-002
   4.0433538704593729E-002
   3.0190767645614344E-002
   2.2804422373233130E-002
   1.7794390561107661E-002
   1.3886611953199124E-002
   1.1088433678636626E-002
   8.8111264442707424E-003
   7.0983634717053214E-003
   5.8018123771914690E-003
   4.7455029114000192E-003
   3.9432781967990629E-003
   3.2629202583816575E-003
   2.7340034001060603E-003
   2.2889268108286093E-003
   1.9323966937590149E-003
   1.6279898050558532E-003
   1.3668943946417171E-003
   1.1491001958422902E-003
   9.5943490246850228E-004
   7.8946454553025696E-004
   6.4293536197554879E-004
   5.0801916312982190E-004
   3.8428026810355463E-004
   2.6225986475670248E-004
   1.4735359357743576E-004
   3.6784077462593040E-005
  -7.4707562828507814E-005
  -7.4707562828507814E-005
    0.000000000000000     
  -8.3961319469490307E-003
  -1.0084767885453124E-002
  -1.1013576003960848E-002
  -1.2724954499388909E-002
  -1.5112633206181057E-002
  -1.8677199426816643E-002
  -2.3297995698536487E-002
  -2.9367986130552033E-002
  -3.7983097100133083E-002
  -4.8599001870041292E-002
  -6.1653984339044912E-002
  -8.3314202350906863E-002
  -2.8268901129217698E-002
  -2.0298687572273726E-003
   2.5090043200682913E-003
   2.0091422657854338E-003
   1.3042676074734032E-003
   8.5361201717715478E-004
   4.9334703968236210E-004
   1.4810096714096345E-004
  -2.9892544213580427E-004
  -8.3756574979331334E-004
  -1.4691956594991170E-003
  -2.1700123470951827E-003
  -2.9383918263980791E-003
  -3.7492725418813771E-003
  -4.5333597793758614E-003
  -5.1242064044787249E-003
  -4.0843438328903268E-003
   1.2869184285352517E-003
   5.9149798573990525E-002
   6.1361843847143348E-002
   4.4335756137501903E-002
   3.2115410100285645E-002
   2.3292833150515911E-002
   1.7937854996724990E-002
   1.3860408104039237E-002
   1.0778954624403696E-002
   8.5001534634685325E-003
   6.7721741837114355E-003
   5.4136724581101553E-003
   4.3759643546729303E-003
   3.5757064453248479E-003
   2.9372259941246675E-003
   2.4247793292277481E-003
   2.0090881932686194E-003
   1.6790730643514969E-003
   1.4045191996647987E-003
   1.1910348621968943E-003
   1.0002193301692545E-003
   8.4073912463900633E-004
   7.0763879130064699E-004
   5.9161238917408102E-004
   4.8372707263602560E-004
   3.9556931387640861E-004
   3.1097417047721442E-004
   2.3208284344025047E-004
   1.6186821389084982E-004
   9.3004371592181348E-005
   2.4972095299514164E-005
  -4.6931558503423876E-005
  -4.6931558503423876E-005
    0.000000000000000     
  -2.1450120327692990E-003
  -2.6780651013398431E-003
  -2.9108556948258240E-003
  -3.4460623105043971E-003
  -4.1846364074587337E-003
  -5.0463334967267588E-003
  -6.6703899191486015E-003
  -8.6071942246803215E-003
  -1.1020247387987625E-002
  -1.4261559656538433E-002
  -1.8422763483316264E-002
  -2.4852952207675524E-002
  -9.5071053683728306E-003
  -1.6244638887990724E-003
   1.2433627155474599E-004
   2.6315050282123807E-004
   2.3503870639006533E-004
   1.5464662709595072E-004
  -3.3906018912066341E-005
  -2.6139308933470148E-004
  -5.9071041425394510E-004
  -9.5120181597326101E-004
  -1.3880853118143884E-003
  -1.8739430507394735E-003
  -2.4204162047997144E-003
  -2.9872560895293429E-003
  -3.4840132518443563E-003
  -3.8172640727006510E-003
  -3.5292877396124111E-003
  -1.1087588839174868E-003
   8.2936580996570610E-003
   1.1126956959571433E-002
   1.0034942828194247E-002
   8.4508539848806904E-003
   6.8756957381548205E-003
   5.7775704853587620E-003
   4.7485235409131903E-003
   3.6487931856316533E-003
   3.0059560265411219E-003
   2.4824575576034092E-003
   2.1104648725751656E-003
   1.6979555170955564E-003
   1.4125455340952555E-003
   1.1555258472205523E-003
   9.4650160343804973E-004
   8.0785298626034267E-004
   6.8280988937197520E-004
   5.5977550093079802E-004
   4.6335646920772178E-004
   3.9520946949540402E-004
   3.3013392849060312E-004
   2.7679791529014409E-004
   2.2789161328454801E-004
   1.8538659516528736E-004
   1.5180261674820311E-004
   1.1878681516700255E-004
   8.9832392156490281E-005
   6.3577986969283446E-005
   3.4561608745565705E-005
   9.5459207741692767E-006
  -1.9198238180071926E-005
  -1.9198238180071926E-005
    0.000000000000000     
   3.9385137990931842E-003
   4.7106235772632768E-003
   5.1303155006090853E-003
   5.8227984235954475E-003
   6.7926968446235751E-003
   8.1953596154041106E-003
   1.0062286476617756E-002
   1.2567266642127503E-002
   1.5946101445439065E-002
   1.9760749310306427E-002
   2.4106911430243506E-002
   3.0035306662695629E-002
   8.5307701239165090E-003
  -6.1006123799263381E-004
  -1.7685198426569298E-003
  -1.1931508750961956E-003
  -7.3866843652430146E-004
  -5.2238831212223077E-004
  -5.0598440445736377E-004
  -6.2284986763656554E-004
  -8.0455024661233528E-004
  -1.0271967577602681E-003
  -1.2960652868409957E-003
  -1.5840885099741308E-003
  -1.9155152090526424E-003
  -2.2161805695819535E-003
  -2.4990225679386415E-003
  -2.8740622297826145E-003
  -4.5149655097576754E-003
  -3.4970697934827832E-003
  -3.9158896286302022E-002
  -3.6704457142887725E-002
  -2.3655427876528620E-002
  -1.4271661212382649E-002
  -9.1183728434863966E-003
  -6.4439905345889045E-003
  -4.5213671202226219E-003
  -3.3651250129659621E-003
  -2.4422715261258870E-003
  -1.7006867311140917E-003
  -1.2602247865639519E-003
  -1.0165467442501950E-003
  -7.9598328862217488E-004
  -6.2994651403634923E-004
  -4.9530572537683968E-004
  -4.0620646926408695E-004
  -3.3001451153164577E-004
  -2.9093052755297885E-004
  -2.5080993544020886E-004
  -2.0971212217259043E-004
  -1.7942548870780310E-004
  -1.5483367953776918E-004
  -1.3074360420958742E-004
  -1.0607744938899387E-004
  -8.6527440829120922E-005
  -7.0539636492865219E-005
  -5.2270630265477957E-005
  -3.5808855141454535E-005
  -2.2953482751565680E-005
  -4.9184146469006935E-006
   1.0061498412876994E-005
   1.0061498412876994E-005
    0.000000000000000     
   1.0143254893686495E-002
   1.2038341612188886E-002
   1.3184718531336870E-002
   1.5126430071095190E-002
   1.7845952097035749E-002
   2.1704932862732649E-002
   2.6732184604516564E-002
   3.3799194102864444E-002
   4.2934548105521213E-002
   5.5079635157221363E-002
   6.7180807220989430E-002
   8.8615255530613640E-002
   2.6322378594774709E-002
  -8.8500652970712845E-004
  -3.9028034361486890E-003
  -2.5172088862882914E-003
  -1.4943397895299461E-003
  -1.1266550112253144E-003
  -9.6038371460831955E-004
  -9.3809240939088108E-004
  -9.9931016916681922E-004
  -1.0659693083418177E-003
  -1.1725798720029468E-003
  -1.3260700295169142E-003
  -1.4218449406484131E-003
  -1.4460211019116133E-003
  -1.4211543914652547E-003
  -1.5434542950943891E-003
  -3.8853103283985071E-003
  -8.6971417349284742E-003
  -9.3337507828053154E-002
  -8.4301983751668516E-002
  -5.5622388801650866E-002
  -3.6661630692814778E-002
  -2.5725948066673263E-002
  -1.8450916174762168E-002
  -1.3676070906946407E-002
  -1.0071596962956359E-002
  -7.7087637006835203E-003
  -5.9659878348461495E-003
  -4.7090012742650525E-003
  -3.7227104420853602E-003
  -2.9919082236337588E-003
  -2.4227821033365503E-003
  -1.9758255856603610E-003
  -1.6504048952974825E-003
  -1.3761296389399817E-003
  -1.1520814111314458E-003
  -9.6771337836622825E-004
  -8.1332169210518706E-004
  -6.9310464773985649E-004
  -5.8522606138244600E-004
  -4.8764310077807762E-004
  -4.0211065058704475E-004
  -3.2646215528965561E-004
  -2.5783506716952194E-004
  -1.9915151636859665E-004
  -1.3512478557281126E-004
  -7.8444095335683368E-005
  -1.9617903358051136E-005
   3.9970023842387264E-005
   3.9970023842387264E-005
    0.000000000000000     
   1.6463256596675337E-002
   1.9525108946578898E-002
   2.1328023465461050E-002
   2.4276502134486851E-002
   2.8733531205454639E-002
   3.4940741941164741E-002
   4.3018217916272597E-002
   5.4395865133836589E-002
   6.9787506983369524E-002
   8.9659587730016727E-002
   0.1132606515958332     
   0.1613705251647954     
   4.1984098053056265E-002
  -5.4338346623849648E-003
  -7.3547380769132167E-003
  -3.6064900308670680E-003
  -1.8816606350896036E-003
  -1.3574242900909440E-003
  -1.2875104182971295E-003
  -1.1945342672508106E-003
  -1.1161327322075140E-003
  -1.0792128772318789E-003
  -1.0534844859324643E-003
  -1.0458007549207465E-003
  -9.6850850975456482E-004
  -7.5736662799044945E-004
  -1.5112450696293310E-004
   2.1061758865899939E-004
   7.6335308333914387E-003
  -3.2059104092966570E-002
  -0.1616573389332105     
  -0.1288479875650274     
  -8.4042539167379082E-002
  -5.7291944178403581E-002
  -4.1220574963529294E-002
  -3.0025422705558909E-002
  -2.2697108009166165E-002
  -1.7135299609519785E-002
  -1.3121296375724900E-002
  -1.0296143901694959E-002
  -8.1368947993051138E-003
  -6.4821800473456852E-003
  -5.2485221024775684E-003
  -4.2572426132648170E-003
  -3.5119741676170164E-003
  -2.8941999390349905E-003
  -2.4279204935062949E-003
  -2.0341278502910226E-003
  -1.7072848333846708E-003
  -1.4436808757728348E-003
  -1.2260577144001807E-003
  -1.0254761051234729E-003
  -8.5920565761053573E-004
  -7.1380629541918704E-004
  -5.7836766255024577E-004
  -4.5428978244433342E-004
  -3.4557550459825780E-004
  -2.3759013833384992E-004
  -1.3627264633092856E-004
  -3.4389736432780370E-005
   6.9766470568275097E-005
   6.9766470568275097E-005
    0.000000000000000     
   2.2810345139907012E-002
   2.7237985530506079E-002
   2.9553111756557338E-002
   3.3702732457085868E-002
   3.9708908369840708E-002
   4.7942521513738325E-002
   5.8937088085672940E-002
   7.3875066748966059E-002
   9.3986526438813917E-002
   0.1234257084035893     
   0.1628050585569260     
   0.2900819108389796     
   3.5483550746765277E-002
  -2.3575261421795599E-002
  -1.1128518865466251E-002
  -3.2819999577773174E-003
  -1.4484526054535478E-003
  -1.3829893630498101E-003
  -1.4627855511125418E-003
  -1.3884942581267560E-003
  -1.2363938765546064E-003
  -1.1065406406561118E-003
  -9.9283825933678795E-004
  -8.1614893374205096E-004
  -5.4439098247793479E-004
  -2.6413752376845115E-004
   1.0895377492320167E-003
  -3.3810243637723853E-003
   6.5562426055960521E-002
  -0.1786022266722073     
  -0.2003844984178678     
  -0.1502449004293280     
  -0.1058272384113030     
  -7.5509856238860112E-002
  -5.5288397317727583E-002
  -4.1592967983219306E-002
  -3.1258892858362586E-002
  -2.3989620231163841E-002
  -1.8579649657563053E-002
  -1.4567630658305492E-002
  -1.1665624997393339E-002
  -9.3681197584632968E-003
  -7.5291561334237716E-003
  -6.1293804833398224E-003
  -5.0824840767685064E-003
  -4.2107391959335730E-003
  -3.5173063725345592E-003
  -2.9565075820483450E-003
  -2.4807717162355089E-003
  -2.1025789398336162E-003
  -1.7772738702234432E-003
  -1.4926657334266959E-003
  -1.2487189126531826E-003
  -1.0391690995601760E-003
  -8.4118303151314931E-004
  -6.6605362339107140E-004
  -4.9997362458449818E-004
  -3.4378274092578313E-004
  -1.9891213865760800E-004
  -5.0507445765446056E-005
   9.9601286350907826E-005
   9.9601286350907826E-005
    0.000000000000000     
   2.9419580899781469E-002
   3.4957142081063097E-002
   3.7875726698630957E-002
   4.3256694947893005E-002
   5.0387837357250546E-002
   6.0380835355126533E-002
   7.3686076738557899E-002
   9.1941860199902456E-002
   0.1155024777205193     
   0.1457554198513629     
   0.1839030848061121     
   0.2291380326817847     
   0.1879036129219496     
   5.7952280832713747E-002
   6.0973543860890255E-003
  -5.2063968464476649E-004
  -2.8931759258912207E-004
  -1.3853831286753458E-003
  -1.9269350339696672E-003
  -1.7147957845275825E-003
  -1.3543741186070671E-003
  -1.1047731678303875E-003
  -8.8497467981015941E-004
  -6.5458784526193844E-004
  -2.9338551159266386E-004
  -6.9780008694718135E-005
   1.8143037081039029E-004
  -5.8705977061856193E-004
  -3.2852728647704235E-002
  -0.2371760517901924     
  -0.2227245281279783     
  -0.1667074333814776     
  -0.1226126918341688     
  -9.0646285118414521E-002
  -6.8661900195286105E-002
  -5.2416703815670984E-002
  -3.9992838037891720E-002
  -3.0777712904099312E-002
  -2.3996907021662888E-002
  -1.9005573338136184E-002
  -1.5204909402856844E-002
  -1.2226399188622597E-002
  -9.9334175884377568E-003
  -8.1238771546117399E-003
  -6.6866206735354053E-003
  -5.5711190077642973E-003
  -4.6568689029446147E-003
  -3.9207106269062014E-003
  -3.3108258539672288E-003
  -2.7914932634249901E-003
  -2.3606722990909676E-003
  -1.9869918269827748E-003
  -1.6702874806855026E-003
  -1.3760174432231906E-003
  -1.1225472283981160E-003
  -8.8616013607450170E-004
  -6.6880009590623087E-004
  -4.6042795927911433E-004
  -2.6181391802139275E-004
  -6.7890581694540859E-005
   1.3206329195466880E-004
   1.3206329195466880E-004
    0.000000000000000     
   3.6025071304645821E-002
   4.2680038350084278E-002
   4.6153262915578634E-002
   5.2249839727200861E-002
   6.0421662132386131E-002
   7.1695439534619904E-002
   8.7019666581190772E-002
   0.1066694963908960     
   0.1316774735861159     
   0.1638855053377418     
   0.2052733107362290     
   0.2527064661697642     
   0.3731027362896294     
   0.1038459683765252     
  -1.6868171157438318E-003
  -2.6761933688938004E-003
   1.6960988916617831E-003
  -2.4268970828214618E-003
  -3.6304824739997969E-003
  -2.3191762611825444E-003
  -1.2254664874834910E-003
  -9.1141819505117648E-004
  -8.8717301613159584E-004
  -7.2430136750769615E-004
   2.0729306739761027E-004
   6.4023724039283627E-005
  -2.0607524748309734E-004
   4.2922973039827270E-002
  -0.2656952482793066     
  -0.2791119379489715     
  -0.2248829629251074     
  -0.1747492132841140     
  -0.1346985427216367     
  -0.1031327773263121     
  -7.8925620989055950E-002
  -6.1469072048619636E-002
  -4.7345893512818926E-002
  -3.7216193793034966E-002
  -2.9298862913751431E-002
  -2.3202440121501133E-002
  -1.8690413873435296E-002
  -1.5123236464755923E-002
  -1.2357019406986112E-002
  -1.0126288139912863E-002
  -8.4130836256356631E-003
  -6.9835295577631365E-003
  -5.8629618255217958E-003
  -4.9441591408089904E-003
  -4.1656419130524118E-003
  -3.5286224093848974E-003
  -2.9878817011051908E-003
  -2.5180575585280734E-003
  -2.1074910943875065E-003
  -1.7442012363293915E-003
  -1.4239306102569174E-003
  -1.1204913238105892E-003
  -8.4519550906558220E-004
  -5.8401881414011552E-004
  -3.3249611683907270E-004
  -8.6162278845473573E-005
   1.6780935463214219E-004
   1.6780935463214219E-004
    0.000000000000000     
   4.2453174226636442E-002
   4.9971937633804905E-002
   5.3828259653932842E-002
   6.0236569709189454E-002
   6.9287186775330314E-002
   8.1493296124525438E-002
   9.7236104980744587E-002
   0.1175668307403814     
   0.1426401631792686     
   0.1738591707099448     
   0.2126768581957103     
   0.2567355141910542     
   0.3123131419170858     
   0.3710763059416878     
   0.1134685494562472     
   1.9001514478552223E-002
   1.3684920321931703E-002
  -9.9775840150333230E-003
  -1.0551286896292139E-002
  -3.0396314910312453E-003
   3.3803209790902382E-004
  -9.5988765951271514E-005
  -1.5386857618177588E-003
  -1.6004242249517586E-003
   3.3280920342976389E-003
  -8.4430436803021400E-003
   4.2113101422114829E-002
  -0.2811882250371439     
  -0.3134954274032852     
  -0.2663375703673723     
  -0.2184850527669210     
  -0.1761509369098205     
  -0.1391195831670497     
  -0.1103156985810235     
  -8.6697767837236123E-002
  -6.8769105811839495E-002
  -5.3950029474230783E-002
  -4.2977370372289797E-002
  -3.4036107360538637E-002
  -2.7451637264800943E-002
  -2.2150379199776617E-002
  -1.8040814638944108E-002
  -1.4746089144178130E-002
  -1.2212811518133158E-002
  -1.0157543271928200E-002
  -8.4713881617113317E-003
  -7.1029537710552738E-003
  -6.0143042665113328E-003
  -5.0807335958860484E-003
  -4.2992630479652457E-003
  -3.6411494060681797E-003
  -3.0763086417512180E-003
  -2.5749877117453778E-003
  -2.1337124894986442E-003
  -1.7414978781395626E-003
  -1.3748726115718800E-003
  -1.0354298870776883E-003
  -7.1728321764674024E-004
  -4.0859786848055154E-004
  -1.0409460042608278E-004
   2.0608167087906139E-004
   2.0608167087906139E-004
    0.000000000000000     
   4.8520215205442863E-002
   5.6943923638278784E-002
   6.0970552552730900E-002
   6.7528259044450853E-002
   7.6687884634999162E-002
   8.9129907381731432E-002
   0.1042020368151987     
   0.1235287658033252     
   0.1463706636535653     
   0.1745175005684602     
   0.2072770275675963     
   0.2450703013254136     
   0.2862279716011208     
   0.3358400967760155     
   0.4436228570304813     
   0.2457039259411719     
   7.1887454696481515E-002
  -7.2360490150227164E-002
  -3.6231545555557985E-002
   4.5155804653059326E-003
   9.6920447556476576E-003
   3.1806743572084235E-003
  -3.8609597272779572E-003
  -1.0656320813782018E-002
   2.4155452930992360E-002
  -2.8478138582478670E-002
  -0.3544489090654744     
  -0.3491680820053609     
  -0.2909617693519888     
  -0.2448997530104761     
  -0.2050119921857554     
  -0.1711834739025350     
  -0.1399224488995504     
  -0.1138704634679285     
  -9.1288352905995046E-002
  -7.3843645600320293E-002
  -5.8967000636933713E-002
  -4.7596328871912064E-002
  -3.8352712951781068E-002
  -3.1047784226693388E-002
  -2.5390064159944083E-002
  -2.0847774371009764E-002
  -1.7132032785536089E-002
  -1.4205692885819724E-002
  -1.1890442020766301E-002
  -9.9458115849079352E-003
  -8.3809694919068176E-003
  -7.1226397481639076E-003
  -6.0295133320477541E-003
  -5.1122862607599108E-003
  -4.3356303839633351E-003
  -3.6657043308498940E-003
  -3.0686756472901753E-003
  -2.5421985085704998E-003
  -2.0766735493483448E-003
  -1.6419798513286935E-003
  -1.2393639391898811E-003
  -8.5427634142844721E-004
  -4.8935933462242957E-004
  -1.2453565134029355E-004
   2.4604857973509897E-004
   2.4604857973509897E-004
    0.000000000000000     
   5.3920480025158389E-002
   6.3032382968809683E-002
   6.6821488952823360E-002
   7.3419503549225967E-002
   8.2124472154215505E-002
   9.3895469356862132E-002
   0.1079931654814135     
   0.1248651965623017     
   0.1448230781429511     
   0.1674264832491835     
   0.1911660218686087     
   0.2180571631719069     
   0.2450296652830783     
   0.2679248549944845     
   0.2879257980599927     
   0.2531197268097415     
   0.2406354611031858     
   0.3650718710928628     
   0.2461055271018494     
   8.3570524031885557E-002
   1.5255941782267494E-002
  -1.4801322483053046E-002
  -4.3037391665345932E-002
  -8.6271980330327194E-002
  -0.3796623555834256     
  -0.3270508077881704     
  -0.2921840713987838     
  -0.2699975738334476     
  -0.2434000914976207     
  -0.2149556509068081     
  -0.1865728249709730     
  -0.1590901587960082     
  -0.1339024617985018     
  -0.1118840123453073     
  -9.2439938199086982E-002
  -7.6039908539439247E-002
  -6.2011212383613824E-002
  -5.0944029289975989E-002
  -4.1437688203419747E-002
  -3.4298389042466494E-002
  -2.8110182113744903E-002
  -2.3390715211738702E-002
  -1.9306124069708365E-002
  -1.6181105590944368E-002
  -1.3577809552824362E-002
  -1.1437897891084381E-002
  -9.6670710741654682E-003
  -8.2218960197390709E-003
  -6.9973521853887244E-003
  -5.9515146093383747E-003
  -5.0601102041259814E-003
  -4.2722214020795169E-003
  -3.5923280006711676E-003
  -2.9742458294924495E-003
  -2.4321071870434877E-003
  -1.9218294182508219E-003
  -1.4500378018425092E-003
  -1.0037472748901986E-003
  -5.6798899590286404E-004
  -1.4257977769461269E-004
   2.8619846983666256E-004
   2.8619846983666256E-004
    0.000000000000000     
   5.8261219099149122E-002
   6.7837256169651847E-002
   7.1336419933445458E-002
   7.7336687533592893E-002
   8.5423797242842492E-002
   9.5302148707288772E-002
   0.1075615045560182     
   0.1210355782549327     
   0.1369368129610485     
   0.1527993307032987     
   0.1694662804795165     
   0.1848496520008658     
   0.1984279539391691     
   0.2069951261938026     
   0.2094246841482574     
   0.2037252830115305     
   0.1977868261244858     
   0.1941935563891786     
   0.1442562620253918     
   8.1259065556231136E-002
   3.1336922355406902E-002
  -1.2648873504077654E-002
  -5.6637662350928195E-002
  -0.1085423745321798     
  -0.1798949421845666     
  -0.2033580131334361     
  -0.2090440519871724     
  -0.2045656718342357     
  -0.1933288348822792     
  -0.1789894493277801     
  -0.1604755561149453     
  -0.1418658130901797     
  -0.1233941465410794     
  -0.1060941223090105     
  -8.9888579282148329E-002
  -7.5509579478919134E-002
  -6.3158600066436546E-002
  -5.2561657521899993E-002
  -4.3644501474772134E-002
  -3.6411767152985011E-002
  -3.0324563327633343E-002
  -2.5462343884067914E-002
  -2.1257671609110303E-002
  -1.7916035083899648E-002
  -1.5120457719687962E-002
  -1.2821099259600958E-002
  -1.0913343507885705E-002
  -9.3260896977458881E-003
  -7.9405362312545587E-003
  -6.7902553500788134E-003
  -5.7705676083217965E-003
  -4.9022916746510829E-003
  -4.1200742066407397E-003
  -3.4234156922074935E-003
  -2.7982957140986172E-003
  -2.2133865021897086E-003
  -1.6699328751528450E-003
  -1.1553591316893150E-003
  -6.5545505178381952E-004
  -1.6570398228641804E-004
   3.2959059420638911E-004
   3.2959059420638911E-004
    0.000000000000000     
   6.1499478074730551E-002
   7.1075520481941795E-002
   7.4116472931231428E-002
   7.9363251482117952E-002
   8.6004147676009363E-002
   9.4268672094509121E-002
   0.1037551561032839     
   0.1143991372697727     
   0.1249475968288611     
   0.1355500090089845     
   0.1460909560453241     
   0.1537494953416254     
   0.1595136968090594     
   0.1599042724339402     
   0.1570642696164877     
   0.1493977853683163     
   0.1387192682744664     
   0.1204558536179838     
   9.3684559411433999E-002
   6.1449411169157218E-002
   2.7857307086266238E-002
  -6.1221981268741749E-003
  -4.0433041584440589E-002
  -7.5132882659630112E-002
  -0.1077812346789758     
  -0.1314997431052852     
  -0.1444695440541659     
  -0.1497541237727856     
  -0.1492108693840085     
  -0.1431211134846840     
  -0.1341443118871160     
  -0.1219892955202115     
  -0.1095572205110392     
  -9.6935714995072642E-002
  -8.4192977157815069E-002
  -7.2786506166056419E-002
  -6.2048405507164048E-002
  -5.2691905287780810E-002
  -4.4436872910027042E-002
  -3.7835398205450010E-002
  -3.1863908090639617E-002
  -2.6985101918230406E-002
  -2.2913417448944449E-002
  -1.9412375402112284E-002
  -1.6543298536484934E-002
  -1.4100726364656188E-002
  -1.2081045013220004E-002
  -1.0331622950863354E-002
  -8.8456479807314681E-003
  -7.6070279341356652E-003
  -6.4845201949821612E-003
  -5.5069661767691552E-003
  -4.6514179197397728E-003
  -3.8805098207174409E-003
  -3.1775889737728990E-003
  -2.5139628886726479E-003
  -1.8963530470371606E-003
  -1.3113323918157304E-003
  -7.4736551977960049E-004
  -1.8762437381390795E-004
   3.7212612896469008E-004
   3.7212612896469008E-004
    0.000000000000000     
   6.3436625071399549E-002
   7.2856508528726771E-002
   7.5421837631728522E-002
   7.9139343100839352E-002
   8.4815331373058966E-002
   9.0828658841854606E-002
   9.7686663037929264E-002
   0.1047572439930915     
   0.1116382457820874     
   0.1175336398993067     
   0.1225832465671784     
   0.1257661312203575     
   0.1265493273398977     
   0.1236718095883685     
   0.1189377570209070     
   0.1097054853435047     
   9.8754216861321714E-002
   8.3308502677524141E-002
   6.4970056208653731E-002
   4.4450355308606249E-002
   2.1730215762040681E-002
  -1.6986940143672979E-003
  -2.5502631330155373E-002
  -4.8376400317068177E-002
  -6.9504819019632041E-002
  -8.7118669081822392E-002
  -0.1005077041021779     
  -0.1080223320094927     
  -0.1115843305932155     
  -0.1115630151571098     
  -0.1077189593246651     
  -0.1018153445738515     
  -9.4005487840676194E-002
  -8.5490642792591345E-002
  -7.6646971003458408E-002
  -6.7346185380877749E-002
  -5.8942237468435410E-002
  -5.1273581714629424E-002
  -4.4234083200872236E-002
  -3.8129848174435287E-002
  -3.2672724181250182E-002
  -2.7950599824751208E-002
  -2.3995203245380049E-002
  -2.0607464436234933E-002
  -1.7637797327425490E-002
  -1.5200566772068349E-002
  -1.3125589113297210E-002
  -1.1316843524067432E-002
  -9.7330141484476013E-003
  -8.3645686728156463E-003
  -7.1684548098382454E-003
  -6.1224214590627725E-003
  -5.1795965884947025E-003
  -4.3110960821887805E-003
  -3.5371176257043145E-003
  -2.8079121142467675E-003
  -2.1207604304659764E-003
  -1.4689182137417422E-003
  -8.3563932058538354E-004
  -2.1143740184931655E-004
   4.1630094605959615E-004
   4.1630094605959615E-004
    0.000000000000000     
   6.3971593386447798E-002
   7.2966913605670244E-002
   7.4820972269629527E-002
   7.7814711723168520E-002
   8.1738996968674843E-002
   8.5715151471362980E-002
   9.0430428699816143E-002
   9.4440121707310865E-002
   9.7938228203655636E-002
   0.1009978729006186     
   0.1024919010132906     
   0.1020318526487204     
   0.1001603527240287     
   9.6784128624940846E-002
   9.0370326305846543E-002
   8.2630464741180215E-002
   7.2772214787037826E-002
   6.0904429744126021E-002
   4.7699648788036744E-002
   3.3628417093585203E-002
   1.8284109690450061E-002
   1.5867060681715390E-003
  -1.4475853791056280E-002
  -3.0535112274765512E-002
  -4.5091747312715286E-002
  -5.8547444369954904E-002
  -6.9171718121178810E-002
  -7.7103206364575544E-002
  -8.2178826799479326E-002
  -8.4747635291277268E-002
  -8.4903459995795072E-002
  -8.2781617335916199E-002
  -7.8562129794686408E-002
  -7.3541794090494647E-002
  -6.7432250555028356E-002
  -6.1116082000018557E-002
  -5.4425559555897021E-002
  -4.8518976938242406E-002
  -4.2677536778096978E-002
  -3.7513971984877090E-002
  -3.2643694279508188E-002
  -2.8362430486899050E-002
  -2.4635535201258957E-002
  -2.1356667972570555E-002
  -1.8514471427040376E-002
  -1.6078872228052869E-002
  -1.3973284929165351E-002
  -1.2127858978367462E-002
  -1.0484313768300221E-002
  -9.0654891790036898E-003
  -7.8061507224303174E-003
  -6.6971513492522818E-003
  -5.6784394976166393E-003
  -4.7476686990304906E-003
  -3.8928734541499857E-003
  -3.1028998698128547E-003
  -2.3451200405818595E-003
  -1.6243374467170856E-003
  -9.2500506722378059E-004
  -2.3138039370555540E-004
   4.5613165449036525E-004
   4.5613165449036525E-004
    0.000000000000000     
   6.3244922505735754E-002
   7.1778348927700963E-002
   7.2865006078161418E-002
   7.4778140112401859E-002
   7.7414596165246083E-002
   7.9847408045108287E-002
   8.2333965894104133E-002
   8.4291636096424746E-002
   8.5788974155571171E-002
   8.6462722836242081E-002
   8.5653521529514096E-002
   8.4056359468457464E-002
   8.0476700374546406E-002
   7.6455391781800011E-002
   7.0896655301646488E-002
   6.3694011903197581E-002
   5.5873393581361251E-002
   4.6875774634652860E-002
   3.6846778661098784E-002
   2.6687283209314336E-002
   1.5684012786648972E-002
   4.2515970774859909E-003
  -7.2076620929048037E-003
  -1.8544906968086635E-002
  -2.9204575940770243E-002
  -3.9211504929445834E-002
  -4.7845026215086045E-002
  -5.4866758149881394E-002
  -6.0295420341716914E-002
  -6.3824657943958182E-002
  -6.5977903731390133E-002
  -6.5904557863595059E-002
  -6.4525509744605303E-002
  -6.1810759300760652E-002
  -5.8096060526240605E-002
  -5.3987614229422852E-002
  -4.9383507545844252E-002
  -4.4887073933578062E-002
  -4.0324533711804667E-002
  -3.5972581465564132E-002
  -3.1895736178049694E-002
  -2.8164474952446058E-002
  -2.4755557345273668E-002
  -2.1749587796048287E-002
  -1.9068136758710302E-002
  -1.6738678568597284E-002
  -1.4644128956166253E-002
  -1.2799456554401003E-002
  -1.1193916514057330E-002
  -9.6922382178622653E-003
  -8.3909132266053524E-003
  -7.2254724268942770E-003
  -6.1487091115496493E-003
  -5.1423820587658238E-003
  -4.2337263118135014E-003
  -3.3733278865400920E-003
  -2.5600777511381899E-003
  -1.7757564526135431E-003
  -1.0079994812131150E-003
  -2.5264127645666221E-004
   5.0259364092440455E-004
   5.0259364092440455E-004
    0.000000000000000     
   6.1495331526619776E-002
   6.9373902697062617E-002
   7.0026371810080423E-002
   7.0962073017609609E-002
   7.2487291477503143E-002
   7.3561320129166691E-002
   7.4565450898276334E-002
   7.4753273289969738E-002
   7.4852970371689947E-002
   7.3933610521161486E-002
   7.2141789091403188E-002
   6.9669179403629045E-002
   6.6094055237993055E-002
   6.1668532588269806E-002
   5.6412264281660650E-002
   5.0955329728128260E-002
   4.4441208537223081E-002
   3.7453158272021302E-002
   3.0099807143176560E-002
   2.2464758224673118E-002
   1.4336981489343321E-002
   6.1144669083539466E-003
  -2.1431505220912430E-003
  -1.0408302583020619E-002
  -1.8426310066346430E-002
  -2.6032745293408648E-002
  -3.2945867965274246E-002
  -3.8880910675961597E-002
  -4.3962488361241524E-002
  -4.7814475191372295E-002
  -5.0602367242886984E-002
  -5.1875170062531964E-002
  -5.2081394553326193E-002
  -5.1138569270341876E-002
  -4.9447813997699257E-002
  -4.6808314699118607E-002
  -4.3995350666328085E-002
  -4.0660598574752467E-002
  -3.7332178147794291E-002
  -3.3874145346341381E-002
  -3.0556404464929698E-002
  -2.7436501802234455E-002
  -2.4398554393896987E-002
  -2.1798485809477346E-002
  -1.9328975103037320E-002
  -1.7141350898097780E-002
  -1.5120632246994684E-002
  -1.3323123817985031E-002
  -1.1708164878580245E-002
  -1.0234783321774261E-002
  -8.9035444210118359E-003
  -7.6834948327693985E-003
  -6.5710494731324783E-003
  -5.5235489623439854E-003
  -4.5456381770418372E-003
  -3.6283878142559065E-003
  -2.7555270385266530E-003
  -1.9148887253242865E-003
  -1.0900801018981579E-003
  -2.7192625085591034E-004
   5.3849889988069415E-004
   5.3849889988069415E-004
    0.000000000000000     
   5.9045238443472176E-002
   6.6454952914676180E-002
   6.6580316218455560E-002
   6.6887521258017765E-002
   6.7276351443341154E-002
   6.7201865840272199E-002
   6.7303054997814943E-002
   6.6496681520355982E-002
   6.5750975856475213E-002
   6.3955380508933041E-002
   6.1632274732109124E-002
   5.8415928964023221E-002
   5.5191617932998711E-002
   5.1271746210805796E-002
   4.6919723535621710E-002
   4.2076938716638965E-002
   3.6827939441787409E-002
   3.1531452124994745E-002
   2.5772985952249080E-002
   2.0018873884359873E-002
   1.3735413596421997E-002
   7.7864683443674299E-003
   1.4945255638223001E-003
  -4.6953852592491021E-003
  -1.0858304078485138E-002
  -1.6788387379132068E-002
  -2.2297562398059509E-002
  -2.7369067926057936E-002
  -3.1731169543768423E-002
  -3.5555215171102855E-002
  -3.8456863931569801E-002
  -4.0493910283040828E-002
  -4.1619814475959006E-002
  -4.1829800735163888E-002
  -4.1298633460138734E-002
  -4.0065549211163259E-002
  -3.8334139516552318E-002
  -3.6226002463938381E-002
  -3.3947676384866357E-002
  -3.1419618204469785E-002
  -2.8809777343259707E-002
  -2.6339395773036262E-002
  -2.3782651366486530E-002
  -2.1540510114227078E-002
  -1.9305334137033236E-002
  -1.7280117262081049E-002
  -1.5392289997042065E-002
  -1.3686034743736942E-002
  -1.2110805604221937E-002
  -1.0657559716188768E-002
  -9.3226182278711642E-003
  -8.0882444701045747E-003
  -6.9387273723212420E-003
  -5.8434917076911610E-003
  -4.8329365921224009E-003
  -3.8595788968050692E-003
  -2.9410819559862237E-003
  -2.0445682783727351E-003
  -1.1654391337297312E-003
  -2.9215853667198099E-004
   5.7796047182872244E-004
   5.7796047182872244E-004
    0.000000000000000     
   5.6217766907000789E-002
   6.3165352868671754E-002
   6.2693716083835005E-002
   6.2549480131105062E-002
   6.2206024739251124E-002
   6.1717966239112673E-002
   6.0936646494482424E-002
   5.9651803656691343E-002
   5.7966701035243373E-002
   5.5924908248765823E-002
   5.3517699207816065E-002
   5.0658296568794177E-002
   4.7218668653906559E-002
   4.3775077549928931E-002
   3.9876472351975799E-002
   3.6034815059893588E-002
   3.1743502561664041E-002
   2.7565062486806804E-002
   2.2943552929174327E-002
   1.8321045308563620E-002
   1.3716891664686325E-002
   8.9801265187427187E-003
   4.1012340346752336E-003
  -7.2472320013342007E-004
  -5.5019446512875507E-003
  -1.0167873705325521E-002
  -1.4710758258556427E-002
  -1.8975055400926456E-002
  -2.2816286547412662E-002
  -2.6191385061996177E-002
  -2.9187419691667237E-002
  -3.1315655999750121E-002
  -3.2985074592792971E-002
  -3.3882742236512164E-002
  -3.4355834343555949E-002
  -3.3965222348081331E-002
  -3.3124651535527710E-002
  -3.1965982136859472E-002
  -3.0512633721337227E-002
  -2.8882163409117298E-002
  -2.6851942119385117E-002
  -2.4943256207947191E-002
  -2.2922174763413943E-002
  -2.0957959411853785E-002
  -1.9044380222428027E-002
  -1.7262973191676960E-002
  -1.5518518480601495E-002
  -1.3916755151578647E-002
  -1.2387165616807017E-002
  -1.0974889828354577E-002
  -9.6457437761860131E-003
  -8.3992473334160017E-003
  -7.2463792039410288E-003
  -6.1264335082282127E-003
  -5.0848412314205768E-003
  -4.0696234413324312E-003
  -3.0976974015556025E-003
  -2.1547714304039848E-003
  -1.2285204467325905E-003
  -3.0755709705392666E-004
   6.0857437418087093E-004
   6.0857437418087093E-004
    0.000000000000000     
   5.3124056586737384E-002
   5.9584139901459235E-002
   5.8828006638994776E-002
   5.8331078204862837E-002
   5.7745011488236984E-002
   5.6764635349224685E-002
   5.5372323470554610E-002
   5.3822651065310922E-002
   5.2010286062191394E-002
   4.9684603838040388E-002
   4.7306944398062281E-002
   4.4476421781392918E-002
   4.1413023011078812E-002
   3.8148982543632762E-002
   3.5025034371772790E-002
   3.1661841887523162E-002
   2.8204488970096590E-002
   2.4562192011007074E-002
   2.0993580435372302E-002
   1.7339763480672482E-002
   1.3556130382739763E-002
   9.7957863620085003E-003
   5.9987096510872194E-003
   2.1513211492681372E-003
  -1.6863814575665062E-003
  -5.4911811109580634E-003
  -9.2166515342051013E-003
  -1.2840780940631697E-002
  -1.6189340429729693E-002
  -1.9222415599665497E-002
  -2.2017113735719282E-002
  -2.4294993675117477E-002
  -2.6129715944434917E-002
  -2.7536885997580821E-002
  -2.8368270093726208E-002
  -2.8720622672583653E-002
  -2.8531691890144706E-002
  -2.8134613037664326E-002
  -2.7292009419755826E-002
  -2.6255974521224787E-002
  -2.4856529956152430E-002
  -2.3399541792977381E-002
  -2.1870068628872918E-002
  -2.0243818071696427E-002
  -1.8610582263669358E-002
  -1.7053101892128861E-002
  -1.5490670536211594E-002
  -1.4005143277334840E-002
  -1.2563396858239394E-002
  -1.1202855111795989E-002
  -9.8901853101226213E-003
  -8.6619400678409966E-003
  -7.4970379796437409E-003
  -6.3590798701029499E-003
  -5.2916509235339483E-003
  -4.2514214137623074E-003
  -3.2355077601765037E-003
  -2.2532597954917476E-003
  -1.2842775495350502E-003
  -3.2004739602826168E-004
   6.3770583548334605E-004
   6.3770583548334605E-004
    0.000000000000000     
   5.0289403481349054E-002
   5.6110553109583752E-002
   5.5451638523023650E-002
   5.4624876505943679E-002
   5.3621874383064358E-002
   5.2569737421201086E-002
   5.0648347454002422E-002
   4.9130994505883208E-002
   4.7230630983918706E-002
   4.4781658125261192E-002
   4.2456791422076097E-002
   3.9953198297776001E-002
   3.7269194088895237E-002
   3.4255170552929627E-002
   3.1502320983863408E-002
   2.8500612592414806E-002
   2.5792601092568194E-002
   2.2873550500206681E-002
   1.9775092423149128E-002
   1.6739312482290943E-002
   1.3578001227287124E-002
   1.0535095360281018E-002
   7.3569860060943761E-003
   4.2332318620345727E-003
   1.0555996419539635E-003
  -2.1384105374374486E-003
  -5.2545089795673298E-003
  -8.3153712114672831E-003
  -1.1274056160467002E-002
  -1.4025205085497495E-002
  -1.6637201749500150E-002
  -1.8852658065242677E-002
  -2.0777722936015215E-002
  -2.2377876258914554E-002
  -2.3496770027406518E-002
  -2.4412138071599497E-002
  -2.4662488981130382E-002
  -2.4752502732836076E-002
  -2.4389216030587423E-002
  -2.3842742615153366E-002
  -2.2934568815955791E-002
  -2.1907107161900335E-002
  -2.0744084355563002E-002
  -1.9478676543813706E-002
  -1.8122716262864130E-002
  -1.6751709836268270E-002
  -1.5381145493558800E-002
  -1.3991274626970191E-002
  -1.2633956028374135E-002
  -1.1341060953889242E-002
  -1.0074657652286701E-002
  -8.8692308380536027E-003
  -7.6901417410722411E-003
  -6.5500546296051142E-003
  -5.4641079572492852E-003
  -4.3931263458197537E-003
  -3.3552053485261823E-003
  -2.3376325763310485E-003
  -1.3363970497207093E-003
  -3.3276948407452857E-004
   6.5665307825819982E-004
   6.5665307825819982E-004
    0.000000000000000     
   4.7705889883453700E-002
   5.3141351574680605E-002
   5.2291845923721353E-002
   5.1542789141095800E-002
   5.0202071602679116E-002
   4.8883852522717638E-002
   4.7264623559281717E-002
   4.5544270597470335E-002
   4.3413126376316710E-002
   4.1256480757183883E-002
   3.9057954580799331E-002
   3.6650435896478741E-002
   3.4094589570352912E-002
   3.1602560144494377E-002
   2.9108672736401775E-002
   2.6539717066530664E-002
   2.4026713954063285E-002
   2.1471101975863396E-002
   1.8846921033676762E-002
   1.6333618392859933E-002
   1.3716093234254590E-002
   1.1111487324230918E-002
   8.4190818019870585E-003
   5.7290035743518524E-003
   3.0300236740795567E-003
   2.7435531354117523E-004
  -2.4295358322028305E-003
  -5.0919612813358165E-003
  -7.7115356242087162E-003
  -1.0210587844398794E-002
  -1.2588866124188488E-002
  -1.4803153862516089E-002
  -1.6710101649971897E-002
  -1.8428137683498123E-002
  -1.9792404173873616E-002
  -2.0794124293427179E-002
  -2.1519588881658874E-002
  -2.1933337863146211E-002
  -2.1987479074951438E-002
  -2.1821764524399857E-002
  -2.1288320392685800E-002
  -2.0561320127761813E-002
  -1.9725986787179878E-002
  -1.8713301332690762E-002
  -1.7613086131678703E-002
  -1.6430050366618158E-002
  -1.5184739712965977E-002
  -1.3907203500310611E-002
  -1.2685318786991605E-002
  -1.1435146577554837E-002
  -1.0193437382676463E-002
  -9.0019451957032981E-003
  -7.8233996035787946E-003
  -6.7004864626488570E-003
  -5.5849099179706022E-003
  -4.5114061842251637E-003
  -3.4497952132169721E-003
  -2.4076483695752880E-003
  -1.3766916449061144E-003
  -3.4130434202177739E-004
   6.7861732551510745E-004
   6.7861732551510745E-004
    0.000000000000000     
   4.5575586747756393E-002
   5.0559056156406636E-002
   4.9848092265508188E-002
   4.8895813157139097E-002
   4.7650778595766489E-002
   4.6166616542859022E-002
   4.4602674208422524E-002
   4.2769424013394335E-002
   4.0687976436308365E-002
   3.8727028687122675E-002
   3.6509539570516031E-002
   3.4198656235895207E-002
   3.1966509697008011E-002
   2.9772865166610169E-002
   2.7439055335488627E-002
   2.5008037276307803E-002
   2.2832159249914920E-002
   2.0604013962560064E-002
   1.8275382492557279E-002
   1.6035965807306589E-002
   1.3739735725499285E-002
   1.1510410619905502E-002
   9.1299605437434803E-003
   6.7922715360990375E-003
   4.3999537926825141E-003
   2.0101347840305751E-003
  -4.0158705247457798E-004
  -2.8113840579804443E-003
  -5.1948171687667194E-003
  -7.5328536512553768E-003
  -9.7805708668535600E-003
  -1.1843742248202206E-002
  -1.3783224797672064E-002
  -1.5522310914677363E-002
  -1.6975202093150236E-002
  -1.8197680186172654E-002
  -1.9103995104982625E-002
  -1.9680316779871920E-002
  -2.0070164511408393E-002
  -2.0122590260220112E-002
  -1.9940801920804989E-002
  -1.9462404619532133E-002
  -1.8852025541796921E-002
  -1.8050108188837583E-002
  -1.7133332392448904E-002
  -1.6111091916030142E-002
  -1.5004341479073950E-002
  -1.3832116901050817E-002
  -1.2658725941412131E-002
  -1.1473888931405926E-002
  -1.0268351319144498E-002
  -9.0967780201561300E-003
  -7.9341311332106063E-003
  -6.8083524543018515E-003
  -5.6852069721928297E-003
  -4.5935473184501568E-003
  -3.5206602789555719E-003
  -2.4559319006978199E-003
  -1.4031829938979819E-003
  -3.5022565134911339E-004
   6.9465411503342057E-004
   6.9465411503342057E-004
    0.000000000000000     
   4.4038543648011200E-002
   4.8734566709018004E-002
   4.7991482789001727E-002
   4.7035741069650958E-002
   4.5818415649519037E-002
   4.4353968833867469E-002
   4.2644188940158624E-002
   4.0950214358107133E-002
   3.8878133627881166E-002
   3.6871920226258216E-002
   3.4792870977434900E-002
   3.2730715186630163E-002
   3.0483393295746807E-002
   2.8413526545371725E-002
   2.6272292542062769E-002
   2.4144444490879026E-002
   2.2076596276248341E-002
   1.9966103751227485E-002
   1.7931958187213541E-002
   1.5974937882761941E-002
   1.3986349352325643E-002
   1.1718438282407033E-002
   9.6725071309978622E-003
   7.5275988841998131E-003
   5.3423569590922764E-003
   3.1683517550655394E-003
   9.1272563999474283E-004
  -1.2965723607248428E-003
  -3.5437447188768705E-003
  -5.7459949440251679E-003
  -7.8350527001516315E-003
  -9.8917387535266514E-003
  -1.1791386860223445E-002
  -1.3473797184060523E-002
  -1.5057606429184932E-002
  -1.6304442970292259E-002
  -1.7383104105375895E-002
  -1.8147965201003976E-002
  -1.8679849597449730E-002
  -1.8916930188137025E-002
  -1.8900391072795907E-002
  -1.8650619526201732E-002
  -1.8181955444428372E-002
  -1.7541114663860723E-002
  -1.6751938040579912E-002
  -1.5829249593740477E-002
  -1.4803907705698043E-002
  -1.3741013428848137E-002
  -1.2620282029862876E-002
  -1.1469739266182485E-002
  -1.0319043476717069E-002
  -9.1663092336212205E-003
  -8.0042563851946691E-003
  -6.8686911078009207E-003
  -5.7474572445473633E-003
  -4.6534149378647631E-003
  -3.5661554554313152E-003
  -2.4921843198511262E-003
  -1.4221557434272577E-003
  -3.5372386884122028E-004
   7.0210842099938217E-004
   7.0210842099938217E-004
    0.000000000000000     
   4.3072001522041922E-002
   4.7803002576971523E-002
   4.6869588719251551E-002
   4.5901472508685183E-002
   4.4658760189696924E-002
   4.3279293165191010E-002
   4.1637351046985502E-002
   3.9812186300361735E-002
   3.7897712999913666E-002
   3.5936428921724856E-002
   3.3903247054227412E-002
   3.1774510888861532E-002
   2.9718064008131463E-002
   2.7739069294316292E-002
   2.5621760634340102E-002
   2.3705419399006361E-002
   2.1748015700303401E-002
   1.9779191877890484E-002
   1.7723064521483339E-002
   1.5857784165700210E-002
   1.3945501974813229E-002
   1.1865923344716938E-002
   9.9592263131820704E-003
   7.9170712492134185E-003
   5.8394615835535959E-003
   3.8076807399116835E-003
   1.6549143465267268E-003
  -4.8397809306442296E-004
  -2.6127546148854552E-003
  -4.7197439306311878E-003
  -6.7819992029646177E-003
  -8.7831606334001881E-003
  -1.0675388501745590E-002
  -1.2356234606913164E-002
  -1.3937641017705830E-002
  -1.5287073432422821E-002
  -1.6353044385423423E-002
  -1.7286013791508917E-002
  -1.7837914612484913E-002
  -1.8214680045141700E-002
  -1.8331972245095005E-002
  -1.8163845531154212E-002
  -1.7781081737577420E-002
  -1.7257475005270962E-002
  -1.6518988233195482E-002
  -1.5664564155692572E-002
  -1.4697074229139856E-002
  -1.3682525536023676E-002
  -1.2589284650022584E-002
  -1.1482504722585520E-002
  -1.0330699920874075E-002
  -9.1885001367745817E-003
  -8.0426571620380288E-003
  -6.9084651217757396E-003
  -5.8003348446648371E-003
  -4.6892265450601250E-003
  -3.5974112859222711E-003
  -2.5113354559633018E-003
  -1.4318591770988089E-003
  -3.5823611784442048E-004
   7.0693150924691455E-004
   7.0693150924691455E-004
    0.000000000000000     
   4.2783601811064755E-002
   4.7588676425210863E-002
   4.6648102428571626E-002
   4.5694114886281043E-002
   4.4399029158382619E-002
   4.3006221219537212E-002
   4.1256456812853552E-002
   3.9527598911383188E-002
   3.7699951110661704E-002
   3.5668657234041147E-002
   3.3596750432387842E-002
   3.1679842841626768E-002
   2.9521881778516963E-002
   2.7501645014343649E-002
   2.5487326259596321E-002
   2.3452756041894306E-002
   2.1664274299381059E-002
   1.9653658763350380E-002
   1.7752071785475533E-002
   1.5885987699331784E-002
   1.3969733842656392E-002
   1.1948231782221395E-002
   1.0008650485576339E-002
   8.0187294293841208E-003
   6.0153902731819482E-003
   3.9348096788848989E-003
   1.8370227655858278E-003
  -2.8429301274600198E-004
  -2.3817681421848961E-003
  -4.4735314522211323E-003
  -6.5324176122608510E-003
  -8.4880900775971928E-003
  -1.0370350753528589E-002
  -1.2094388277417491E-002
  -1.3664694665104461E-002
  -1.5011640447960970E-002
  -1.6116820139524403E-002
  -1.7046291273290506E-002
  -1.7634420860938225E-002
  -1.8037231706798464E-002
  -1.8178628390666383E-002
  -1.8028747478186533E-002
  -1.7653662677585839E-002
  -1.7164452266070121E-002
  -1.6455569776592689E-002
  -1.5603870871097790E-002
  -1.4668406650994996E-002
  -1.3662774983404360E-002
  -1.2582614642019326E-002
  -1.1479558625047973E-002
  -1.0352587926574848E-002
  -9.1921128242757142E-003
  -8.0419424206315902E-003
  -6.9275752171411853E-003
  -5.7996092722110010E-003
  -4.7008086503260368E-003
  -3.6058936362818330E-003
  -2.5152467416894677E-003
  -1.4380271500674833E-003
  -3.6085007084505461E-004
   7.1601422037974771E-004
   7.1601422037974771E-004
    0.000000000000000     
   4.3360401233019090E-002
   4.8017328728732184E-002
   4.7091075009931475E-002
   4.6108830131089323E-002
   4.4918491221011228E-002
   4.3552365110844808E-002
   4.2018245281117451E-002
   4.0096773689340282E-002
   3.8095474889165627E-002
   3.6204200609408564E-002
   3.4209743676066981E-002
   3.1869178936096296E-002
   2.9914246237745964E-002
   2.7976493574288934E-002
   2.5756195009083882E-002
   2.3958082756118416E-002
   2.1831757101225743E-002
   1.9904724992430588E-002
   1.7694057257491146E-002
   1.5829580632068636E-002
   1.3921270106970066E-002
   1.1783614907212480E-002
   9.9098021407878021E-003
   7.8154130690427162E-003
   5.6635328939252435E-003
   3.6805518009384681E-003
   1.4728059274676257E-003
  -6.8366317338284393E-004
  -2.8437410875860143E-003
  -4.9659564090412433E-003
  -7.0315807936683844E-003
  -9.0782311892031835E-003
  -1.0980426249962592E-002
  -1.2618080936408838E-002
  -1.4210587370307200E-002
  -1.5562506416884673E-002
  -1.6589268631322443E-002
  -1.7525736309727327E-002
  -1.8041408364031602E-002
  -1.8392128383484935E-002
  -1.8485316099523627E-002
  -1.8298943584121891E-002
  -1.7908500797569001E-002
  -1.7350497744471803E-002
  -1.6582406689798275E-002
  -1.5725257440287355E-002
  -1.4725741807284715E-002
  -1.3702276088642992E-002
  -1.2595954658025842E-002
  -1.1485450820123068E-002
  -1.0308811915173303E-002
  -9.1848874492734493E-003
  -8.0433719034444674E-003
  -6.8893550264102939E-003
  -5.8010604171186732E-003
  -4.6776444397942131E-003
  -3.5889289355627092E-003
  -2.5074241702371359E-003
  -1.4256912041301344E-003
  -3.5562216484378634E-004
   6.9784879811408138E-004
   6.9784879811408138E-004
    0.000000000000000     
   4.2206802389110419E-002
   4.7160024121689542E-002
   4.6205129847211777E-002
   4.5279399641472762E-002
   4.3879567095754010E-002
   4.2460077328229616E-002
   4.0494668344589653E-002
   3.8958424133426095E-002
   3.7304427332157782E-002
   3.5133113858673730E-002
   3.2983757188708704E-002
   3.1490506747157240E-002
   2.9129517319287961E-002
   2.7026796454398365E-002
   2.5218457510108760E-002
   2.2947429327670195E-002
   2.1496791497536374E-002
   1.9402592534270173E-002
   1.7810086313459920E-002
   1.5942394766594932E-002
   1.4018197578342719E-002
   1.2112848657230311E-002
   1.0107498830364875E-002
   8.2220457897255253E-003
   6.3672476524386529E-003
   4.1890675568313296E-003
   2.2012396037040301E-003
   1.1507714789083998E-004
  -1.9197951967837778E-003
  -3.9811064954010213E-003
  -6.0332544308533175E-003
  -7.8979489659912021E-003
  -9.7602752570945858E-003
  -1.1570695618426144E-002
  -1.3118801959901722E-002
  -1.4460774479037267E-002
  -1.5644371647726363E-002
  -1.6566846236853686E-002
  -1.7227433357844848E-002
  -1.7682335030111993E-002
  -1.7871940681809140E-002
  -1.7758551372251175E-002
  -1.7398824557602676E-002
  -1.6978406787668439E-002
  -1.6328732863387103E-002
  -1.5482484301908225E-002
  -1.4611071494705277E-002
  -1.3623273878165729E-002
  -1.2569274626012809E-002
  -1.1473666429972877E-002
  -1.0396363937976393E-002
  -9.1993381992779791E-003
  -8.0405129378187130E-003
  -6.9657954078720767E-003
  -5.7981581273033288E-003
  -4.7239728608578606E-003
  -3.6228583370009567E-003
  -2.5230693131417996E-003
  -1.4503630960048322E-003
  -3.6607797684632288E-004
   7.3417964264541405E-004
   7.3417964264541405E-004
