   0.7000000000000000     
   0.7000000000000000     
   0.6996591971753430     
   0.6993184224642559     
   0.6989875980877447     
   0.6986659773057623     
   0.6983548744649006     
   0.6980565475679705     
   0.6977737090758289     
   0.6975090972105724     
   0.6972651091281279     
   0.6970435444534369     
   0.6968454763757768     
   0.6966712423214506     
   0.6965205299155568     
   0.6963925265730483     
   0.6962861012167246     
   0.6961999917743182     
   0.6961329795027988     
   0.6960840385528243     
   0.6960524550489109     
   0.6960379146766227     
   0.6960405492406134     
   0.6960609252935412     
   0.6961000146889814     
   0.6961591430054801     
   0.6962398990288192     
   0.6963440008611050     
   0.6964731176770851     
   0.6966286519445664     
   0.6968114919737085     
   0.6970216498415802     
   0.6972581019052118     
   0.6975185842598598     
   0.6977994820844755     
   0.6980958514038149     
   0.6984015931277558     
   0.6987097776569128     
   0.6990130918990726     
   0.6993043560598957     
   0.6995770419876844     
   0.6998257229851474     
   0.7000463977240310     
   0.7002366547539025     
   0.7003956726052952     
   0.7005240765174743     
   0.7006236909114878     
   0.7006972344501998     
   0.7007480025372114     
   0.7007795732031756     
   0.7007955601004140     
   0.7007994239981963     
   0.7007943439308695     
   0.7007831420114446     
   0.7007682519321712     
   0.7007517197806989     
   0.7007352262102819     
   0.7007201204289405     
   0.7007074582720845     
   0.7006980383085442     
   0.7006924309732354     
   0.7006909943176500     
   0.7006938676288208     
   0.7006881210064793     
   0.7000000000000000     
   0.7000000000000000     
   0.6996591971753430     
   0.6993184224642559     
   0.6989875980877447     
   0.6986659773057623     
   0.6983548744649006     
   0.6980565475679705     
   0.6977737090758289     
   0.6975090972105724     
   0.6972651091281279     
   0.6970435444534369     
   0.6968454763757768     
   0.6966712423214506     
   0.6965205299155568     
   0.6963925265730483     
   0.6962861012167246     
   0.6961999917743182     
   0.6961329795027988     
   0.6960840385528243     
   0.6960524550489109     
   0.6960379146766227     
   0.6960405492406134     
   0.6960609252935412     
   0.6961000146889814     
   0.6961591430054801     
   0.6962398990288192     
   0.6963440008611050     
   0.6964731176770851     
   0.6966286519445664     
   0.6968114919737085     
   0.6970216498415802     
   0.6972581019052118     
   0.6975185842598598     
   0.6977994820844755     
   0.6980958514038149     
   0.6984015931277558     
   0.6987097776569128     
   0.6990130918990726     
   0.6993043560598957     
   0.6995770419876844     
   0.6998257229851474     
   0.7000463977240310     
   0.7002366547539025     
   0.7003956726052952     
   0.7005240765174743     
   0.7006236909114878     
   0.7006972344501998     
   0.7007480025372114     
   0.7007795732031756     
   0.7007955601004140     
   0.7007994239981963     
   0.7007943439308695     
   0.7007831420114446     
   0.7007682519321712     
   0.7007517197806989     
   0.7007352262102819     
   0.7007201204289405     
   0.7007074582720845     
   0.7006980383085442     
   0.7006924309732354     
   0.7006909943176500     
   0.7006938676288208     
   0.7006881210064793     
   0.7000000000000000     
   0.7000000000000000     
   0.7001727045143435     
   0.7003453947819644     
   0.7005130426368377     
   0.7006760264955934     
   0.7008336803024593     
   0.7009848597962205     
   0.7011281904153330     
   0.7012622845435413     
   0.7013859274026375     
   0.7014982070180957     
   0.7015985795425351     
   0.7016868739824615     
   0.7017632486364063     
   0.7018281152884533     
   0.7018820471211499     
   0.7019256836999073     
   0.7019596426326440     
   0.7019844437768671     
   0.7020004488947807     
   0.7020078172678016     
   0.7020064821028764     
   0.7019961562948689     
   0.7019763473491308     
   0.7019463835179949     
   0.7019054596714076     
   0.7018527051472290     
   0.7017872740776609     
   0.7017084557508042     
   0.7016158000083461     
   0.7015093007302090     
   0.7013894766558589     
   0.7012574750374931     
   0.7011151277151212     
   0.7009649400884463     
   0.7008100029210071     
   0.7006538278436729     
   0.7005001208254069     
   0.7003525202854015     
   0.7002143344176532     
   0.7000883132451847     
   0.6999764844736858     
   0.6998800701253501     
   0.6997994864866088     
   0.6997344167124840     
   0.6996839362628891     
   0.6996466674334419     
   0.6996209402516933     
   0.6996049415216444     
   0.6995968399957205     
   0.6995948819010697     
   0.6995974562362980     
   0.6996031328727902     
   0.6996106785173034     
   0.6996190562983682     
   0.6996274145313560     
   0.6996350694941991     
   0.6996414861337770     
   0.6996462597688915     
   0.6996491013270548     
   0.6996498293627975     
   0.6996483732913121     
   0.6996512854342829     
   0.7000000000000000     
   0.7000000000000000     
   0.7006754510982058     
   0.7013524580588206     
   0.7020108420481742     
   0.7026524960024402     
   0.7032749927580653     
   0.7038737836573414     
   0.7044432415989921     
   0.7049775774860800     
   0.7054716256864138     
   0.7059214029363774     
   0.7063244031223839     
   0.7066796411802496     
   0.7069874940618981     
   0.7072494034835992     
   0.7074675061476080     
   0.7076442472573062     
   0.7077820181137848     
   0.7078828432374900     
   0.7079481300271564     
   0.7079784838897665     
   0.7079736089728939     
   0.7079323295707132     
   0.7078526510268941     
   0.7077318680353964     
   0.7075667550458452     
   0.7073538482681256     
   0.7070898220862020     
   0.7067719530049585     
   0.7063986491469959     
   0.7059699979614692     
   0.7054882798556046     
   0.7049583589459062     
   0.7043878722092470     
   0.7037871458518061     
   0.7031687993406246     
   0.7025470461175403     
   0.7019367557128445     
   0.7013523910033720     
   0.7008069628698104     
   0.7003111437133711     
   0.6998726509696951     
   0.6994959604037381     
   0.6991823505400074     
   0.6989302284432615     
   0.6987356534512379     
   0.6985929631764842     
   0.6984954128553652     
   0.6984357587549125     
   0.6984067415400368     
   0.6984014500106879     
   0.6984135654123231     
   0.6984374999246907     
   0.6984684500963771     
   0.6985023881478230     
   0.6985360128376135     
   0.6985666785187903     
   0.6985923173219060     
   0.6986113659190929     
   0.6986227055197928     
   0.6986256216775077     
   0.6986197893620778     
   0.6986314539929377     
   0.7000000000000000     
   0.7000000000000000     
   0.7011572957231943     
   0.7023203846900072     
   0.7034571223290057     
   0.7045721031219209     
   0.7056616296900741     
   0.7067175504309958     
   0.7077292004556233     
   0.7086851771610101     
   0.7095749067871917     
   0.7103898085414904     
   0.7111239670564532     
   0.7117743206498993     
   0.7123404439252201     
   0.7128240419947889     
   0.7132282815870470     
   0.7135570695488376     
   0.7138143624076156     
   0.7140035614684284     
   0.7141270232882425     
   0.7141856948550129     
   0.7141789132684632     
   0.7141044379626479     
   0.7139585654752661     
   0.7137363402693288     
   0.7134319260171019     
   0.7130391536364877     
   0.7125522477985939     
   0.7119667127819912     
   0.7112803261616681     
   0.7104941526038829     
   0.7096134495131620     
   0.7086483117744171     
   0.7076139011301690     
   0.7065301399750805     
   0.7054208204574259     
   0.7043121780418860     
   0.7032310823114474     
   0.7022030791025391     
   0.7012505531402383     
   0.7003912581893317     
   0.6996373887042053     
   0.6989952640807779     
   0.6984655914409426     
   0.6980441898199958     
   0.6977230119613073     
   0.6974912917290907     
   0.6973366677284309     
   0.6972461743960227     
   0.6972070377460529     
   0.6972072543314617     
   0.6972359633081392     
   0.6972836411974443     
   0.6973421582033107     
   0.6974047363260529     
   0.6974658459155565     
   0.6975210712586634     
   0.6975669691900186     
   0.6976009387665885     
   0.6976211153960750     
   0.6976262996550624     
   0.6976159311370875     
   0.6976366681730373     
   0.7000000000000000     
   0.7000000000000000     
   0.7016025565310378     
   0.7032202742397711     
   0.7048142283054644     
   0.7063940824320143     
   0.7079559587871528     
   0.7094879318801459     
   0.7109730342960078     
   0.7123921471349604     
   0.7137266577637954     
   0.7149605504422486     
   0.7160817434226201     
   0.7170826390610062     
   0.7179599786976254     
   0.7187141732732396     
   0.7193483095662132     
   0.7198670194399306     
   0.7202753616654363     
   0.7205778195252668     
   0.7207774755518019     
   0.7208753882928522     
   0.7208702403210328     
   0.7207583723527755     
   0.7205339693314967     
   0.7201894169501175     
   0.7197159295839144     
   0.7191044712678286     
   0.7183469633435678     
   0.7174377304938890     
   0.7163750860318558     
   0.7151628860765450     
   0.7138118293230727     
   0.7123402477332464     
   0.7107741540715908     
   0.7091463947205620     
   0.7074948954817158     
   0.7058601570103835     
   0.7042823119031002     
   0.7027981522164508     
   0.7014385447657712     
   0.7002265696526909     
   0.6991765705734241     
   0.6982941360026105     
   0.6975768815452250     
   0.6970158056925730     
   0.6965969544603549     
   0.6963031477026932     
   0.6961155732717694     
   0.6960151239328547     
   0.6959834187922892     
   0.6960035050551860     
   0.6960602727697320     
   0.6961406353021216     
   0.6962335349005395     
   0.6963298301205919     
   0.6964221141383714     
   0.6965045032615325     
   0.6965724254431405     
   0.6966224305853419     
   0.6966520384879512     
   0.6966596365934271     
   0.6966444403824753     
   0.6966748328043789     
   0.7000000000000000     
   0.7000000000000000     
   0.7019875122828629     
   0.7040071183365777     
   0.7060210182722718     
   0.7080477192133212     
   0.7100852368732896     
   0.7121181391707800     
   0.7141217372341999     
   0.7160663651824957     
   0.7179215301566307     
   0.7196594018253932     
   0.7212572820679647     
   0.7226989091178673     
   0.7239746536328184     
   0.7250808156623061     
   0.7260183099262368     
   0.7267910349746053     
   0.7274041797488429     
   0.7278626552407810     
   0.7281697727656813     
   0.7283262286324379     
   0.7283295134898558     
   0.7281739342872937     
   0.7278509057438745     
   0.7273495333600505     
   0.7266576362145165     
   0.7257632319235415     
   0.7246564490732651     
   0.7233317645097055     
   0.7217903610209637     
   0.7200423027683738     
   0.7181081508540513     
   0.7160196295339548     
   0.7138190363586404     
   0.7115572717363714     
   0.7092906156693847     
   0.7070766390613493     
   0.7049698282708661     
   0.7030175649898129     
   0.7012570203401439     
   0.6997133212834121     
   0.6983990919910122     
   0.6973152335880266     
   0.6964526363821617     
   0.6957944424370098     
   0.6953184863874481     
   0.6949996126849249     
   0.6948116660214259     
   0.6947290510281020     
   0.6947278396586265     
   0.6947864622323292     
   0.6948860509382218     
   0.6950105171762998     
   0.6951464425723594     
   0.6952828537368632     
   0.6954109375422983     
   0.6955237401106567     
   0.6956158807715384     
   0.6956833029215915     
   0.6957230772869953     
   0.6957332694857321     
   0.6957128850882586     
   0.6957536538832056     
   0.7000000000000000     
   0.7000000000000000     
   0.7022779799963574     
   0.7046148676751872     
   0.7069850835687813     
   0.7094215107410684     
   0.7119277478363116     
   0.7144863224751430     
   0.7170639681691108     
   0.7196174242076819     
   0.7220994580758393     
   0.7244643396926713     
   0.7266721295493124     
   0.7286913947337799     
   0.7305002671207483     
   0.7320860282230892     
   0.7334435861230442     
   0.7345732808955188     
   0.7354784318570347     
   0.7361629596804451     
   0.7366293188326125     
   0.7368768746657973     
   0.7369009316987083     
   0.7366927231410878     
   0.7362398725548434     
   0.7355273507284938     
   0.7345391391150495     
   0.7332606055227227     
   0.7316814946279682     
   0.7297992999148148     
   0.7276226176691787     
   0.7251739436200993     
   0.7224913003582096     
   0.7196281519290189     
   0.7166512939115262     
   0.7136367759270426     
   0.7106643296295261     
   0.7078111150951417     
   0.7051457527794851     
   0.7027235286116315     
   0.7005833787711134     
   0.6987468739398837     
   0.6972190465076341     
   0.6959906305043608     
   0.6950411552413889     
   0.6943423415184837     
   0.6938613525327082     
   0.6935635989348292     
   0.6934149451952176     
   0.6933832851577266     
   0.6934395374140034     
   0.6935581569936344     
   0.6937172764023628     
   0.6938985857760480     
   0.6940870475390829     
   0.6942705220804837     
   0.6944393619566307     
   0.6945860154721737     
   0.6947046672958432     
   0.6947909343004384     
   0.6948416288892345     
   0.6948545993131205     
   0.6948286584653485     
   0.6948805401608926     
   0.7000000000000000     
   0.7000000000000000     
   0.7024285636772287     
   0.7049543559540707     
   0.7075783826560686     
   0.7103554517921589     
   0.7133008979182645     
   0.7163991260448542     
   0.7196093941695307     
   0.7228728232749899     
   0.7261203890903565     
   0.7292809174774046     
   0.7322880637291646     
   0.7350854555067876     
   0.7376295573846067     
   0.7398902515919477     
   0.7418494980039414     
   0.7434986564919808     
   0.7448351121224487     
   0.7458587771998504     
   0.7465689160369883     
   0.7469615799780698     
   0.7470280257601984     
   0.7467546430741538     
   0.7461237060030500     
   0.7451149715345118     
   0.7437084205792077     
   0.7418880926721749     
   0.7396467610803832     
   0.7369909212581474     
   0.7339453174626492     
   0.7305560536641867     
   0.7268913653988877     
   0.7230394271868023     
   0.7191031172588429     
   0.7151923274842451     
   0.7114149885213890     
   0.7078682840818740     
   0.7046314541965061     
   0.7017611730097928     
   0.6992898835177779     
   0.6972268737202469     
   0.6955614431389660     
   0.6942673083200122     
   0.6933074163825830     
   0.6926385061247794     
   0.6922149902521848     
   0.6919919590491999     
   0.6919272835366623     
   0.6919829111438748     
   0.6921255046076924     
   0.6923265897258200     
   0.6925623657879272     
   0.6928133074009140     
   0.6930636573944551     
   0.6933008831303149     
   0.6935151455689463     
   0.6936988127397850     
   0.6938460366585829     
   0.6939524046210227     
   0.6940146714594215     
   0.6940305781467349     
   0.6939987647721082     
   0.6940623915213615     
   0.7000000000000000     
   0.7000000000000000     
   0.7023846099952017     
   0.7049162160287877     
   0.7076392935417933     
   0.7106400025088467     
   0.7139549041249256     
   0.7175784049552676     
   0.7214676895513732     
   0.7255497469111128     
   0.7297306446929327     
   0.7339061020736612     
   0.7379719716716762     
   0.7418331665515991     
   0.7454098886833607     
   0.7486406101025170     
   0.7514819167791456     
   0.7539058485238120     
   0.7558956465251064     
   0.7574408537774239     
   0.7585325811506387     
   0.7591595168327707     
   0.7593053647115487     
   0.7589486415655984     
   0.7580639078212462     
   0.7566244818398588     
   0.7546070581041929     
   0.7519980454787025     
   0.7488009385072842     
   0.7450435297498073     
   0.7407834061030922     
   0.7361101451669718     
   0.7311430496057136     
   0.7260241171954241     
   0.7209070365413344     
   0.7159439820639621     
   0.7112725205068295     
   0.7070048551333444     
   0.7032209774129310     
   0.6999663218881531     
   0.6972535558943214     
   0.6950674473090466     
   0.6933714593082159     
   0.6921147890764846     
   0.6912388704251031     
   0.6906827492400236     
   0.6903870988632550     
   0.6902969070137872     
   0.6903630224150449     
   0.6905428142925941     
   0.6908001998842336     
   0.6911052620186602     
   0.6914336319449507     
   0.6917657653245115     
   0.6920861984754082     
   0.6923828399965928     
   0.6926463296885796     
   0.6928694809785736     
   0.6930468132990075     
   0.6931741756367260     
   0.6932484606556985     
   0.6932674096498669     
   0.6932295116615300     
   0.6933053076382037     
   0.7000000000000000     
   0.7000000000000000     
   0.7020880089384555     
   0.7043812183365109     
   0.7069849081002612     
   0.7100268869678071     
   0.7135781514533406     
   0.7176573237920102     
   0.7222324799776957     
   0.7272256581585459     
   0.7325211901954164     
   0.7379775506113969     
   0.7434413412405385     
   0.7487612953903814     
   0.7538000616339297     
   0.7584420565814523     
   0.7625966465251381     
   0.7661969721799469     
   0.7691955345718442     
   0.7715580283178612     
   0.7732568292586697     
   0.7742650974778100     
   0.7745525982984536     
   0.7740850062962371     
   0.7728256792363464     
   0.7707402188208137     
   0.7678045755853835     
   0.7640161329451380     
   0.7594058063973949     
   0.7540479236977897     
   0.7480649021373702     
   0.7416246671322452     
   0.7349302926476371     
   0.7282031987748079     
   0.7216628562304745     
   0.7155067786481832     
   0.7098943666572222     
   0.7049370283749895     
   0.7006953790137730     
   0.6971827649771313     
   0.6943732945557874     
   0.6922121644626049     
   0.6906262706414694     
   0.6895336506181082     
   0.6888509653747057     
   0.6884988008020323     
   0.6884049610635075     
   0.6885061313193754     
   0.6887483457485499     
   0.6890866635940401     
   0.6894843793553365     
   0.6899120066786222     
   0.6903461975666846     
   0.6907686968253870     
   0.6911653870709247     
   0.6915254497848350     
   0.6918406494341569     
   0.6921047373319491     
   0.6923129670924625     
   0.6924617123643638     
   0.6925481787965387     
   0.6925702052508830     
   0.6925261523421945     
   0.6926142581595714     
   0.7000000000000000     
   0.7000000000000000     
   0.7014873614466015     
   0.7032395282724293     
   0.7054367147087888     
   0.7082571162398326     
   0.7118220220977960     
   0.7161954810379416     
   0.7213803211816798     
   0.7273162306724508     
   0.7338826559422432     
   0.7409078988304885     
   0.7481841418824783     
   0.7554863667191429     
   0.7625918397286333     
   0.7692965207949213     
   0.7754255723164870     
   0.7808368581387295     
   0.7854183779838073     
   0.7890823039301282     
   0.7917586782636611     
   0.7933891361761876     
   0.7939197270404662     
   0.7932971173319950     
   0.7914690156716526     
   0.7883910557796205     
   0.7840423541266532     
   0.7784483101828499     
   0.7717035598144478     
   0.7639823704058548     
   0.7555341031509606     
   0.7466647476216839     
   0.7377081241897584     
   0.7289924461820629     
   0.7208086787596473     
   0.7133862481957259     
   0.7068794905177844     
   0.7013655232279707     
   0.6968518043568018     
   0.6932901213885366     
   0.6905933430806850     
   0.6886517891512227     
   0.6873471120829764     
   0.6865627077429159     
   0.6861905761860950     
   0.6861351191451068     
   0.6863146055906393     
   0.6866610520286447     
   0.6871191522816444     
   0.6876447334609346     
   0.6882030609912542     
   0.6887671896890166     
   0.6893164661486478     
   0.6898352268127539     
   0.6903116992652868     
   0.6907370943764420     
   0.6911048680070760     
   0.6914101286868076     
   0.6916491690990528     
   0.6918191025638262     
   0.6919175900565850     
   0.6919426482954603     
   0.6918925318177098     
   0.6919927647732107     
   0.7000000000000000     
   0.7000000000000000     
   0.7005514840965130     
   0.7014175888900379     
   0.7028595112081644     
   0.7051088834716871     
   0.7083520855386607     
   0.7127247304636952     
   0.7183002098761273     
   0.7250772843033160     
   0.7329710467676375     
   0.7418112561540269     
   0.7513507339204089     
   0.7612841805923989     
   0.7712748291010163     
   0.7809836090286291     
   0.7900939057271301     
   0.7983254798732186     
   0.8054348278411205     
   0.8112085699462848     
   0.8154712438742284     
   0.8181035519949865     
   0.8190256561710492     
   0.8181709365610209     
   0.8154698703751238     
   0.8108556928771230     
   0.8043004214482943     
   0.7958803351920367     
   0.7858420521068966     
   0.7745828107205089     
   0.7626011218223308     
   0.7504357728333452     
   0.7386044113314130     
   0.7275517074556888     
   0.7176140571822029     
   0.7090037664335915     
   0.7018116862599489     
   0.6960241410879685     
   0.6915482864123282     
   0.6882399388344034     
   0.6859291365822048     
   0.6844405646587095     
   0.6836078344001879     
   0.6832819890244426     
   0.6833353695428253     
   0.6836622063171580     
   0.6841771885129642     
   0.6848129909024607     
   0.6855174353192048     
   0.6862507028454805     
   0.6869828175503943     
   0.6876914920312138     
   0.6883603464797710     
   0.6889774714497876     
   0.6895342868020021     
   0.6900246455987034     
   0.6904441353444145     
   0.6907895357991117     
   0.6910584003026069     
   0.6912487350082770     
   0.6913587572359197     
   0.6913867204210382     
   0.6913307940508011     
   0.6914426467912753     
   0.7000000000000000     
   0.7000000000000000     
   0.6992829927960275     
   0.6989068949205737     
   0.6992071065672487     
   0.7004608341626379     
   0.7029263394015133     
   0.7068345398328537     
   0.7123719180550250     
   0.7196567128010318     
   0.7287125375891972     
   0.7394451156929636     
   0.7516286256101855     
   0.7649078683782284     
   0.7788205584532427     
   0.7928397967416466     
   0.8064289725343016     
   0.8190877704358801     
   0.8303458311835459     
   0.8396657981306626     
   0.8465042224815389     
   0.8506441351929748     
   0.8520823989679128     
   0.8508396503137505     
   0.8468503751399779     
   0.8399474316252477     
   0.8299618988619105     
   0.8169777306679463     
   0.8017065346165462     
   0.7850859084265528     
   0.7680880058220424     
   0.7515963590206561     
   0.7363240661727035     
   0.7227726917782825     
   0.7112263219652091     
   0.7017725717518259     
   0.6943413267619775     
   0.6887516971008660     
   0.6847585436072702     
   0.6820921871245222     
   0.6804879354745950     
   0.6797049136310318     
   0.6795356605029170     
   0.6798088724864002     
   0.6803877429456218     
   0.6811659315560497     
   0.6820626178806329     
   0.6830175493926745     
   0.6839865722519566     
   0.6849378468473337     
   0.6858487775819282     
   0.6867035957619042     
   0.6874914965871757     
   0.6882052239983263     
   0.6888400055653029     
   0.6893927545138387     
   0.6898614722162215     
   0.6902447994614457     
   0.6905416775521627     
   0.6907510905960598     
   0.6908718685508421     
   0.6909025372054581     
   0.6908411998962262     
   0.6909638745146901     
   0.7000000000000000     
   0.7000000000000000     
   0.6977268816319626     
   0.6957846579218838     
   0.6945609138861280     
   0.6943553411902632     
   0.6954880712402379     
   0.6982935614291925     
   0.7031051372498833     
   0.7102266885174269     
   0.7198921827070813     
   0.7322157679749551     
   0.7471375324154045     
   0.7643737105599795     
   0.7833870774651497     
   0.8034055612101112     
   0.8235325790366381     
   0.8430060149289361     
   0.8614196203780322     
   0.8774770156173874     
   0.8883983268439309     
   0.8941631085043393     
   0.8957125805284749     
   0.8937066678233485     
   0.8881769607998794     
   0.8784805192441945     
   0.8634989703161039     
   0.8424605014704275     
   0.8184649707231201     
   0.7936973239604401     
   0.7698282788748916     
   0.7480574640757147     
   0.7291240986705116     
   0.7133674307141291     
   0.7008085505216606     
   0.6912380712623702     
   0.6843014056472840     
   0.6795741555694856     
   0.6766215128804227     
   0.6750388659956099     
   0.6744745755560067     
   0.6746385280707881     
   0.6753010349763189     
   0.6762862705883195     
   0.6774634133698698     
   0.6787375277455163     
   0.6800412957604129     
   0.6813280648274163     
   0.6825662902117354     
   0.6837352500193282     
   0.6848218287417399     
   0.6858181513206557     
   0.6867198690532833     
   0.6875249310449714     
   0.6882327092831344     
   0.6888433765009617     
   0.6893574618622610     
   0.6897755298952094     
   0.6900979435954737     
   0.6903246840588743     
   0.6904552072741400     
   0.6904883247015017     
   0.6904220898467783     
   0.6905545595562250     
   0.7000000000000000     
   0.7000000000000000     
   0.6959692088369909     
   0.6922155564480537     
   0.6891435358559147     
   0.6870366396778613     
   0.6862436960337995     
   0.6871807316434246     
   0.6903281323392537     
   0.6962139053001128     
   0.7053792099593118     
   0.7183220197801556     
   0.7354114100901602     
   0.7567584894647243     
   0.7820250747825832     
   0.8101686298336808     
   0.8392442999550584     
   0.8671904711824383     
   0.8982512783065090     
   0.9339816825610922     
   0.9494387836130758     
   0.9527872608336211     
   0.9511991786309515     
   0.9475095212532737     
   0.9417474115206435     
   0.9316652115168437     
   0.9122573257858559     
   0.8721233277440120     
   0.8330725418471039     
   0.7965483698496819     
   0.7641858842989951     
   0.7369319700705115     
   0.7150006849120722     
   0.6981342544442598     
   0.6857881919682147     
   0.6772664659711553     
   0.6718283252022605     
   0.6687676831285907     
   0.6674630392450855     
   0.6674002566217481     
   0.6681747615323126     
   0.6694810988878781     
   0.6710966717445811     
   0.6728643527339470     
   0.6746765921441491     
   0.6764621387381000     
   0.6781755747256859     
   0.6797894035928346     
   0.6812882520872245     
   0.6826647257670330     
   0.6839165074545610     
   0.6850443623001180     
   0.6860507881567033     
   0.6869391154432666     
   0.6877129136452580     
   0.6883756024501558     
   0.6889301959603856     
   0.6893791305043943     
   0.6897241421803810     
   0.6899661710106331     
   0.6901052757049801     
   0.6901405475425797     
   0.6900700038673806     
   0.6902110912177788     
   0.7000000000000000     
   0.7000000000000000     
   0.6941241814314172     
   0.6884290997134614     
   0.6832943488153956     
   0.6789386832330039     
   0.6756849734572984     
   0.6739720340730357     
   0.6743722052878840     
   0.6776023573466586     
   0.6845251716731439     
   0.6961395923407824     
   0.7135556047893263     
   0.7379241217066161     
   0.7702060163675046     
   0.8103882587965996     
   0.8553871129876520     
   0.8776051756349021     
   0.9160982731004086     
    1.045283825149528     
    1.045977980609532     
    1.024365047195433     
    1.010231532712053     
    1.004743996842246     
    1.005718635471973     
    1.009248415327642     
    1.017161449332486     
   0.8925393326871984     
   0.8363226273698531     
   0.7865393530500435     
   0.7460445423126671     
   0.7150183671502166     
   0.6922559362256601     
   0.6764192024948492     
   0.6661649578120910     
   0.6602152681786326     
   0.6574320525924825     
   0.6568658948127716     
   0.6577700327084504     
   0.6595863167173035     
   0.6619156524955973     
   0.6644839086036922     
   0.6671101043899994     
   0.6696799188785487     
   0.6721251428169270     
   0.6744084916015919     
   0.6765127697301748     
   0.6784333532286708     
   0.6801730995532353     
   0.6817389810797241     
   0.6831399134063491     
   0.6843853942872872     
   0.6854846806965258     
   0.6864463143820280     
   0.6872778661101171     
   0.6879858111407053     
   0.6885754778976433     
   0.6890510318588536     
   0.6894154700351035     
   0.6896706099440925     
   0.6898170620318056     
   0.6898541769443419     
   0.6897799471192693     
   0.6899284067694146     
   0.7000000000000000     
   0.7000000000000000     
   0.6923130083216484     
   0.6846775009381560     
   0.6774090962013293     
   0.6706141702778402     
   0.6645253971326541     
   0.6595193717054249     
   0.6561525367469787     
   0.6552005982871923     
   0.6577005665973458     
   0.6650075417027423     
   0.6789112234838592     
   0.7019365589965240     
   0.7381717830606712     
   0.7971890944289388     
   0.9122686047766668     
   0.8330286990420808     
   0.6800572780158299     
   0.4004962725838684     
   0.3226179410911894     
   0.3082102438176704     
   0.3080923604257153     
   0.3157450039162484     
   0.3349671241477218     
   0.3785833526302719     
   0.4777014524702556     
   0.7073792521729481     
   0.8293108850199227     
   0.7566110106117441     
   0.7102975643578457     
   0.6801428069722022     
   0.6603948713500271     
   0.6486066772093866     
   0.6427253285719279     
   0.6409834460174324     
   0.6419606925061065     
   0.6445895390307592     
   0.6481147097192056     
   0.6520300017047588     
   0.6560133478679917     
   0.6598714226155241     
   0.6634970928388373     
   0.6668387860138582     
   0.6698793695977943     
   0.6726220437707711     
   0.6750811685830175     
   0.6772764579732335     
   0.6792294196018738     
   0.6809612634619813     
   0.6824917515304403     
   0.6838386353692101     
   0.6850174484892587     
   0.6860415015248804     
   0.6869219827392091     
   0.6876681025327394     
   0.6882872442961894     
   0.6887850991227858     
   0.6891657712650411     
   0.6894318465762936     
   0.6895844186385224     
   0.6896230674609485     
   0.6895457698160963     
   0.6897003651058007     
   0.7000000000000000     
   0.7000000000000000     
   0.6906418368943433     
   0.6811884997795272     
   0.6718633469680915     
   0.6626248119182205     
   0.6535586109389954     
   0.6448928486266705     
   0.6370426900699481     
   0.6306651947964919     
   0.6267135474432867     
   0.6264754344520123     
   0.6315764134597306     
   0.6438038472513169     
   0.6634561372873808     
   0.6693847745027343     
   0.3645839409967323     
   0.2920956276813286     
   0.2854808293593136     
   0.3104143310866119     
   0.3141324492177439     
   0.3124388630365149     
   0.3122996164938289     
   0.3147702376031102     
   0.3193042728037988     
   0.3226212964835621     
   0.2992682860569651     
   0.3326399843406451     
   0.4349655193539378     
   0.6590648940431982     
   0.6546399847678277     
   0.6331602146249203     
   0.6208221873854398     
   0.6162845043821150     
   0.6169878331257317     
   0.6208750399426315     
   0.6264497925208167     
   0.6327134706724450     
   0.6390509252326282     
   0.6451132380142863     
   0.6507235350504863     
   0.6558102829951475     
   0.6603632430409732     
   0.6644056049936350     
   0.6679769044880002     
   0.6711228665283534     
   0.6738895989074700     
   0.6763204697629079     
   0.6784546104742908     
   0.6803263777240591     
   0.6819653590437563     
   0.6833966649890298     
   0.6846413514528894     
   0.6857168788576864     
   0.6866375545888069     
   0.6874149295937320     
   0.6880581349660035     
   0.6885741529738714     
   0.6889680215294278     
   0.6892429728650991     
   0.6894005069580256     
   0.6894403983138035     
   0.6893606156022476     
   0.6895201810253595     
   0.7000000000000000     
   0.7000000000000000     
   0.6891862081262758     
   0.6781296688126155     
   0.6669480006365407     
   0.6554349333291332     
   0.6434931963734203     
   0.6311381795701072     
   0.6185412316287693     
   0.6060938030300436     
   0.5944793644332731     
   0.5847216180567845     
   0.5783056649851214     
   0.5789389637632036     
   0.6156516609439919     
   0.3400680926088884     
   0.3108235472197315     
   0.3049821188411448     
   0.3025546734293579     
   0.3071958498029803     
   0.3097890140067505     
   0.3107689556443655     
   0.3116059300451706     
   0.3128275230222026     
   0.3140931780426908     
   0.3141344805886669     
   0.3109975491228272     
   0.3157144441815707     
   0.3072468673143394     
   0.4080329725173957     
   0.6081331537783814     
   0.5807434544344023     
   0.5764736889570308     
   0.5818340733925769     
   0.5908592860682729     
   0.6013215656412130     
   0.6119127797002319     
   0.6219202044655899     
   0.6310195328410908     
   0.6391103546514884     
   0.6462104430782885     
   0.6523941148758856     
   0.6577580106927923     
   0.6624028336321700     
   0.6664241258887265     
   0.6699080834406385     
   0.6729301274363924     
   0.6755549355753808     
   0.6778371983318235     
   0.6798226862130763     
   0.6815493990439012     
   0.6830486748737826     
   0.6843461975213458     
   0.6854628768460234     
   0.6864155954394117     
   0.6872178258724101     
   0.6878801276083533     
   0.6884105343548717     
   0.6888148422338785     
   0.6890968074145107     
   0.6892582591389755     
   0.6892991304536111     
   0.6892173878243399     
   0.6893808730828823     
   0.7000000000000000     
   0.7000000000000000     
   0.6879858496899108     
   0.6755940630367887     
   0.6628373860132053     
   0.6493475201235110     
   0.6348336421446144     
   0.6190664910858116     
   0.6019084569233619     
   0.5833794014690469     
   0.5637585817666658     
   0.5435455199784897     
   0.5217361667371201     
   0.4831819203504647     
   0.3053218162650038     
   0.3006592091580031     
   0.3061833276119268     
   0.3061756391976674     
   0.3059074992819398     
   0.3071798592007868     
   0.3084807722199567     
   0.3094302974281441     
   0.3101960887006531     
   0.3108803351180088     
   0.3113415019886883     
   0.3112308527757578     
   0.3103826165510349     
   0.3100537610538851     
   0.3064527708704420     
   0.2893751939599270     
   0.3655277202139678     
   0.4978095174790672     
   0.5291069145856448     
   0.5478209281513385     
   0.5662196483501651     
   0.5835987755665099     
   0.5991599648110796     
   0.6126945370536434     
   0.6242941944699268     
   0.6341651121326637     
   0.6425410289851867     
   0.6496461013875117     
   0.6556806987102293     
   0.6608175804571734     
   0.6652026445014858     
   0.6689575278187012     
   0.6721827834808232     
   0.6749610461745502     
   0.6773599323087465     
   0.6794345831554087     
   0.6812298372274640     
   0.6827820535234278     
   0.6841206214636149     
   0.6852691970139246     
   0.6862467031137616     
   0.6870681288702879     
   0.6877451574203329     
   0.6882866475245539     
   0.6886989890923871     
   0.6889863479954691     
   0.6891508106880022     
   0.6891924343560958     
   0.6891091870199086     
   0.6892756816922829     
   0.7000000000000000     
   0.7000000000000000     
   0.6870489587705191     
   0.6736068451910451     
   0.6595933423003421     
   0.6444963913356936     
   0.6278443397302664     
   0.6091645221296773     
   0.5879851226345125     
   0.5638836385864072     
   0.5367283160184042     
   0.5079281183458216     
   0.4869377515155464     
   0.5307326651010622     
   0.3452005599702285     
   0.3111035739315680     
   0.3072574854137190     
   0.3065389663545807     
   0.3065166695620014     
   0.3070911769292930     
   0.3078279739836881     
   0.3084943088369402     
   0.3090408160908552     
   0.3094459047852469     
   0.3096380403782849     
   0.3095198707151660     
   0.3091279965863583     
   0.3089148181574363     
   0.3095922298257404     
   0.3180414598488440     
   0.3872293951675427     
   0.5115886905510512     
   0.4943260201930448     
   0.5172448941013215     
   0.5446375955957181     
   0.5686477286356661     
   0.5887059567842317     
   0.6052883024569380     
   0.6189783589032569     
   0.6303023676672861     
   0.6397013059014032     
   0.6475351328321418     
   0.6540945148767228     
   0.6596131040182838     
   0.6642784014600658     
   0.6682408119661465     
   0.6716210020039415     
   0.6745158132125268     
   0.6770029922993926     
   0.6791449672124273     
   0.6809918595877527     
   0.6825838862192428     
   0.6839532708239833     
   0.6851257619227402     
   0.6861218324465357     
   0.6869576207064116     
   0.6876456596497117     
   0.6881954310315240     
   0.6886137725625089     
   0.6889051587116206     
   0.6890718692890183     
   0.6891140543518728     
   0.6890296842261638     
   0.6891984244775817     
   0.7000000000000000     
   0.7000000000000000     
   0.6863621484661115     
   0.6721452837308133     
   0.6571944552146249     
   0.6408820350730668     
   0.6225856710707225     
   0.6016201764780883     
   0.5771949324776120     
   0.5483435133082287     
   0.5136855041550517     
   0.4702967627264623     
   0.4078761278064416     
   0.2719450364937889     
   0.2929120249624084     
   0.3033206988830850     
   0.3053769641620627     
   0.3058830692451957     
   0.3062808105947717     
   0.3067829611841267     
   0.3073157824393221     
   0.3077938274764176     
   0.3081680703025218     
   0.3084003980675247     
   0.3084413008868799     
   0.3082363771159208     
   0.3077594656313185     
   0.3069949149199891     
   0.3055142252303285     
   0.3014152216417313     
   0.2633748336288713     
   0.3268705238278082     
   0.4319000802331440     
   0.4879874737610040     
   0.5269667039691373     
   0.5570239433782977     
   0.5807748595425808     
   0.5997509368763467     
   0.6150430818641083     
   0.6274632404115352     
   0.6376253399030575     
   0.6459983475827777     
   0.6529435718583398     
   0.6587414428690102     
   0.6636109930448233     
   0.6677242053745240     
   0.6712167102011449     
   0.6741958495508525     
   0.6767468174926486     
   0.6789373753769012     
   0.6808214978666680     
   0.6824422070137518     
   0.6838337826393133     
   0.6850234884061198     
   0.6860329178824497     
   0.6868790393234001     
   0.6875749989009079     
   0.6881307276534832     
   0.6885533860526646     
   0.6888476707727925     
   0.6890160003701377     
   0.6890585903532260     
   0.6889734103870493     
   0.6891437703194028     
   0.7000000000000000     
   0.7000000000000000     
   0.6859018069916055     
   0.6711628869133286     
   0.6555749581832583     
   0.6384276710758662     
   0.6189884954596139     
   0.5964151353799594     
   0.5696876210931013     
   0.5375083093685185     
   0.4980838341097608     
   0.4485568586706415     
   0.3839144414583391     
   0.2988916985866595     
   0.2975911964929980     
   0.3021744368907180     
   0.3043058874555252     
   0.3053055177325822     
   0.3059373491433481     
   0.3064521034908348     
   0.3068981864319045     
   0.3072627447251063     
   0.3075201560255080     
   0.3076391072251135     
   0.3075795902026484     
   0.3072930992120575     
   0.3067211209643201     
   0.3057505267264039     
   0.3040146323367351     
   0.3004442249054946     
   0.2922325321120853     
   0.3116519360508895     
   0.4048232608649495     
   0.4692411852269052     
   0.5149099203340761     
   0.5490748114975074     
   0.5753788303851833     
   0.5959997642651669     
   0.6123846400191555     
   0.6255485002005388     
   0.6362266212465041     
   0.6449634259498300     
   0.6521686456958383     
   0.6581545661536868     
   0.6631615977888403     
   0.6673763090116388     
   0.6709444228194020     
   0.6739803523010199     
   0.6765743009775589     
   0.6787976148803219     
   0.6807068570779857     
   0.6823469336947685     
   0.6837535054563163     
   0.6849548538082796     
   0.6859733253776756     
   0.6868264464254386     
   0.6875277756732675     
   0.6880875465997949     
   0.6885131370192603     
   0.6888093931168223     
   0.6889788262508084     
   0.6890216938745135     
   0.6889359586271033     
   0.6891074291219237     
   0.7000000000000000     
   0.7000000000000000     
   0.6856439074567030     
   0.6706108660502957     
   0.6546609072614201     
   0.6370349018287660     
   0.6169342188374047     
   0.5934224330757772     
   0.5653499016582979     
   0.5312772136949895     
   0.4894352209726017     
   0.4379161467608907     
   0.3758493098696978     
   0.3073761554185251     
   0.3011876776370868     
   0.3027549517378544     
   0.3041522144213393     
   0.3050735801608433     
   0.3057143680867640     
   0.3062012649621410     
   0.3065848723924791     
   0.3068722361069256     
   0.3070502080451426     
   0.3070945289302406     
   0.3069713620725738     
   0.3066371633677989     
   0.3060378075147997     
   0.3051049395241880     
   0.3037776822891262     
   0.3022758821420033     
   0.3027388552049496     
   0.3147130779274814     
   0.3954782773921470     
   0.4603739803055085     
   0.5085879626243544     
   0.5447477363435012     
   0.5723897729111128     
   0.5938981520057081     
   0.6108818310450852     
   0.6244578399543106     
   0.6354246029981679     
   0.6443665389208135     
   0.6517193952088268     
   0.6578127692771586     
   0.6628988054692831     
   0.6671721472509464     
   0.6707841474422134     
   0.6738531894769144     
   0.6764723060435138     
   0.6787148782709088     
   0.6806389457324131     
   0.6822904940408181     
   0.6837059784147737     
   0.6849142681979996     
   0.6859381466585582     
   0.6867954647775975     
   0.6875000221678214     
   0.6880622294320851     
   0.6884895919342904     
   0.6887870435487756     
   0.6889571494242720     
   0.6890001889258974     
   0.6889141099226466     
   0.6890862679291483     
   0.7000000000000000     
   0.7000000000000000     
   0.6855712360080103     
   0.6704537176392064     
   0.6543971208653020     
   0.6366270437782241     
   0.6163229958626754     
   0.5925164371000019     
   0.5640127774341172     
   0.5293259277267826     
   0.4867126011048146     
   0.4346311932116522     
   0.3734626839911008     
   0.3090974528620009     
   0.3023887724535584     
   0.3032399645539457     
   0.3042973586252006     
   0.3050715700756278     
   0.3056303823735638     
   0.3060521575858149     
   0.3063742897287111     
   0.3066023609291210     
   0.3067252743408173     
   0.3067221761857528     
   0.3065631247157184     
   0.3062081343199468     
   0.3056084806780598     
   0.3047220155792503     
   0.3036104905744673     
   0.3029100517555497     
   0.3056211098586716     
   0.3174598883668573     
   0.3956047101537984     
   0.4594653260744339     
   0.5075382662169980     
   0.5438328465562985     
   0.5716555999284936     
   0.5933260145280393     
   0.6104406361444308     
   0.6241185010579332     
   0.6351632486873554     
   0.6441645187386997     
   0.6515624567738449     
   0.6576901321664063     
   0.6628023477956322     
   0.6670957517606253     
   0.6707231973278299     
   0.6738041879764045     
   0.6764325926474312     
   0.6786824180781796     
   0.6806121732785771     
   0.6822681973323996     
   0.6836872125156505     
   0.6848982905075268     
   0.6859243681136127     
   0.6867834127466195     
   0.6874893119151479     
   0.6880525418184125     
   0.6884806555528922     
   0.6887786197954958     
   0.6889490189518920     
   0.6889921369035601     
   0.6889059010002239     
   0.6890783728068963     
   0.7000000000000000     
   0.7000000000000000     
   0.6856783350768030     
   0.6706783231861606     
   0.6547630870246217     
   0.6371753399887854     
   0.6171168056533558     
   0.5936482640987213     
   0.5656087878055751     
   0.5315256644594355     
   0.4895455577890178     
   0.4375879108500158     
   0.3745823930152049     
   0.3050620667648082     
   0.3012932843722370     
   0.3033844625435383     
   0.3045861733409821     
   0.3052372851984473     
   0.3056644542334993     
   0.3059949220231879     
   0.3062556910996058     
   0.3064376042392182     
   0.3065238903095899     
   0.3064947940272290     
   0.3063231553804443     
   0.3059694917658358     
   0.3053775458907255     
   0.3044663824912826     
   0.3031444931579974     
   0.3016131726252054     
   0.3026289291564859     
   0.3203230382337774     
   0.4041143685386354     
   0.4658405504980724     
   0.5114456355685454     
   0.5461720018512751     
   0.5730848673521367     
   0.5942244402234819     
   0.6110205510282294     
   0.6245015263495999     
   0.6354213203061592     
   0.6443414989688188     
   0.6516858043206559     
   0.6577774278658730     
   0.6628650676940605     
   0.6671415135120378     
   0.6707571319328504     
   0.6738297961102652     
   0.6764522897694331     
   0.6786978875521840     
   0.6806245987743215     
   0.6822784179983512     
   0.6836958279581864     
   0.6849057326679635     
   0.6859309510194304     
   0.6867893672916499     
   0.6874948103988210     
   0.6880577154102239     
   0.6884856068113829     
   0.6887834316233401     
   0.6889537606305953     
   0.6889968663229062     
   0.6889106549382844     
   0.6890830777075281     
   0.7000000000000000     
   0.7000000000000000     
   0.6859695287449248     
   0.6712966911678423     
   0.6557782184659453     
   0.6387076341018312     
   0.6193537862368024     
   0.5968709407890860     
   0.5702228268006870     
   0.5380609034070014     
   0.4984502537467091     
   0.4481712660987270     
   0.3814438201207029     
   0.2925330456134279     
   0.2990996966585645     
   0.3039925556689259     
   0.3052562119210077     
   0.3055940531635671     
   0.3057860578731532     
   0.3060027387950454     
   0.3062142361138722     
   0.3063677705864901     
   0.3064344373088368     
   0.3063985610348468     
   0.3062386115432537     
   0.3059169093231995     
   0.3053724701931764     
   0.3044702046698348     
   0.3027580096723072     
   0.2988214713504330     
   0.2881412278869455     
   0.3380295608987103     
   0.4254675970850612     
   0.4799960470588401     
   0.5202290248988912     
   0.5517096604066583     
   0.5766717681971609     
   0.5966088525829467     
   0.6126421330213717     
   0.6256263493369207     
   0.6362152749499461     
   0.6449107900756345     
   0.6520999874824348     
   0.6580829529612110     
   0.6630934839457869     
   0.6673145714013990     
   0.6708900273489504     
   0.6739332737010831     
   0.6765340302926497     
   0.6787634372134509     
   0.6806780006038924     
   0.6823226464210526     
   0.6837330915550817     
   0.6849376875308426     
   0.6859588527534890     
   0.6868141804879178     
   0.6875172883812923     
   0.6880784590988160     
   0.6885051088985941     
   0.6888021104530897     
   0.6889719867833300     
   0.6890149832635417     
   0.6889289903031184     
   0.6891009762239650     
   0.7000000000000000     
   0.7000000000000000     
   0.6864616202645182     
   0.6723434849113730     
   0.6574967081742680     
   0.6412996113491631     
   0.6231333130144169     
   0.6023121304681542     
   0.5780351092612591     
   0.5492994664272084     
   0.5146111951315260     
   0.4706467662187083     
   0.4054018649278390     
   0.2547947590203863     
   0.3012779156876675     
   0.3073273569586603     
   0.3067165281361525     
   0.3061057455111019     
   0.3058849044463229     
   0.3060136389721193     
   0.3062345371292345     
   0.3063922671321752     
   0.3064535317438436     
   0.3064269062582539     
   0.3063056616818121     
   0.3060571341037407     
   0.3056535486039033     
   0.3050758385203528     
   0.3038817152782399     
   0.3000576762753147     
   0.2413859341487790     
   0.4440931572941382     
   0.4684206196691263     
   0.5019990853389553     
   0.5336760643963787     
   0.5604088611501363     
   0.5824650261839986     
   0.6005522909638029     
   0.6153769287631345     
   0.6275545776172127     
   0.6375953868459692     
   0.6459124313306661     
   0.6528365644453591     
   0.6586315091707673     
   0.6635071191125619     
   0.6676303618614954     
   0.6711341698630819     
   0.6741244804537917     
   0.6766858026986191     
   0.6788856094269614     
   0.6807778004799161     
   0.6824054334078998     
   0.6838028756368446     
   0.6849974980930685     
   0.6860110035099793     
   0.6868604617680822     
   0.6875591082938411     
   0.6881169485811645     
   0.6885412013046284     
   0.6888366033926578     
   0.6890055918961990     
   0.6890483680834250     
   0.6889628157089731     
   0.6891339204578768     
   0.7000000000000000     
   0.7000000000000000     
   0.6871783458695062     
   0.6738668429573258     
   0.6599914529839725     
   0.6450481343248872     
   0.6285717391834565     
   0.6100952025103967     
   0.5891520602168865     
   0.5653313015186210     
   0.5385577012022649     
   0.5105498827449277     
   0.4923948423066667     
   0.5505995967691812     
   0.3401496630089000     
   0.3099772277615623     
   0.3075175117564253     
   0.3062574706836044     
   0.3055913683145263     
   0.3059082676259664     
   0.3063338840066524     
   0.3065406985619674     
   0.3065832460924796     
   0.3065683989007641     
   0.3065155792568655     
   0.3063591685402297     
   0.3061063753983223     
   0.3062046324664061     
   0.3079898495192668     
   0.3211034820379622     
   0.4479809074497029     
   0.4836086431628707     
   0.5044253520725166     
   0.5277116638429808     
   0.5509706499362683     
   0.5721156045115839     
   0.5904992333715007     
   0.6061435745307814     
   0.6193210804472337     
   0.6303732316359703     
   0.6396350320886433     
   0.6474062735094031     
   0.6539435833177163     
   0.6594614135174051     
   0.6641364950771029     
   0.6681132572797410     
   0.6715091190605813     
   0.6744192230949744     
   0.6769204904736231     
   0.6790750094669780     
   0.6809328256553657     
   0.6825342161532599     
   0.6839115290229177     
   0.6850906605137909     
   0.6860922322947896     
   0.6869325204785873     
   0.6876241787537705     
   0.6881767894855861     
   0.6885972690564623     
   0.6888901466544562     
   0.6890577286283661     
   0.6891001524432196     
   0.6890153048135126     
   0.6891850000729267     
   0.7000000000000000     
   0.7000000000000000     
   0.6881431808387659     
   0.6759125142529587     
   0.6633266553035256     
   0.6500271401448834     
   0.6357327521132031     
   0.6202260074722892     
   0.6033878991336279     
   0.5852762106154692     
   0.5662582824803732     
   0.5470234849612994     
   0.5267798624235031     
   0.4891717194308087     
   0.2967305645872388     
   0.3018948798876189     
   0.3075298195905937     
   0.3054306375580078     
   0.3038847457286232     
   0.3056249515096671     
   0.3067574216694476     
   0.3069427967198141     
   0.3068066882813836     
   0.3067727978106054     
   0.3068744987828023     
   0.3067957079201699     
   0.3061889598695892     
   0.3057490674731190     
   0.3008794393756689     
   0.2749122141775188     
   0.5269388092267187     
   0.5354225769130203     
   0.5430860586957414     
   0.5561922271996479     
   0.5713400262214914     
   0.5865386376235773     
   0.6007203391192711     
   0.6134283330703181     
   0.6245546888361857     
   0.6341676373901106     
   0.6424127394237684     
   0.6494600679598153     
   0.6554776241022543     
   0.6606191319323597     
   0.6650194760121142     
   0.6687940459165427     
   0.6720399512718742     
   0.6748380168054180     
   0.6772549885644712     
   0.6793456677512623     
   0.6811548429386776     
   0.6827189733825344     
   0.6840676182554087     
   0.6852246269393754     
   0.6862091140237023     
   0.6870362448618172     
   0.6877178564422387     
   0.6882629355053140     
   0.6886779720747178     
   0.6889672021679892     
   0.6891327483418552     
   0.6891746606233516     
   0.6890908360603588     
   0.6892584851863445     
   0.7000000000000000     
   0.7000000000000000     
   0.6893692135649012     
   0.6785020139714075     
   0.6675211804863890     
   0.6562314562734828     
   0.6445471528089604     
   0.6324986238752074     
   0.6202799613543142     
   0.6083206294030403     
   0.5973657297207093     
   0.5885158923866954     
   0.5832723650845637     
   0.5851491629191192     
   0.6242662143031306     
   0.3353023563162651     
   0.3134515232335077     
   0.3025834016236273     
   0.2965213298527638     
   0.3062853758727189     
   0.3088472856997849     
   0.3079397191041806     
   0.3068768307900955     
   0.3067736723850418     
   0.3075430230369666     
   0.3080244939804736     
   0.3059563937354407     
   0.3113613903559134     
   0.2978066296049682     
   0.6056300716865726     
   0.5937269993854912     
   0.5832231161846260     
   0.5819965917300438     
   0.5862814579794182     
   0.5939108514190975     
   0.6031871693286552     
   0.6129104109933421     
   0.6223434525974046     
   0.6310921974656015     
   0.6389860155467243     
   0.6459875407783975     
   0.6521324652609555     
   0.6574920830242358     
   0.6621511751623739     
   0.6661956254663226     
   0.6697059700639598     
   0.6727544519122475     
   0.6754040754029622     
   0.6777087493227534     
   0.6797139760194006     
   0.6814577710519656     
   0.6829716346370152     
   0.6842814782434603     
   0.6854084581766549     
   0.6863696961009118     
   0.6871788821973590     
   0.6878467648873268     
   0.6883815346753959     
   0.6887891103928061     
   0.6890733349150011     
   0.6892360847652688     
   0.6892772942747163     
   0.6891948752558212     
   0.6893597132936113     
   0.7000000000000000     
   0.7000000000000000     
   0.6908475696856791     
   0.6816082726848427     
   0.6725095487944148     
   0.6635210383823702     
   0.6547401068292025     
   0.6464089677650491     
   0.6389614358452970     
   0.6330796551371647     
   0.6297479020997943     
   0.6302858783158813     
   0.6363536603806840     
   0.6498539756658067     
   0.6715926764460323     
   0.6813783644905664     
   0.3780997701606091     
   0.2796301263338341     
   0.2611688655658531     
   0.3185054237896616     
   0.3178302908771510     
   0.3093661130075875     
   0.3050280167537098     
   0.3049866613747404     
   0.3086063048343795     
   0.3136313186148318     
   0.2953425054374528     
   0.3315339308882661     
   0.6566426705169539     
   0.6604706652993623     
   0.6421997020842756     
   0.6280202106144823     
   0.6196295417821926     
   0.6165650311113766     
   0.6175820570210504     
   0.6213228069679082     
   0.6266339101419380     
   0.6326617140809571     
   0.6388343506015639     
   0.6448016124890149     
   0.6503706096612172     
   0.6554523364773496     
   0.6600222908711399     
   0.6640934403628163     
   0.6676985701217557     
   0.6708792349865665     
   0.6736791436596954     
   0.6761404168752053     
   0.6783016547170283     
   0.6801971077445940     
   0.6818564951332581     
   0.6833051796306558     
   0.6845645185632427     
   0.6856522809580003     
   0.6865830660845136     
   0.6873686871691895     
   0.6880185015031541     
   0.6885396784481249     
   0.6889374023773647     
   0.6892150099137411     
   0.6893740609168151     
   0.6894143414013555     
   0.6893337804322747     
   0.6894949023704363     
   0.7000000000000000     
   0.7000000000000000     
   0.6925374601817940     
   0.6851357583159488     
   0.6781131646794012     
   0.6715863976150586     
   0.6657980342010589     
   0.6611349361221232     
   0.6581638554368934     
   0.6576686513699461     
   0.6606862230434143     
   0.6685503074716020     
   0.6829831198214917     
   0.7063405305750298     
   0.7422679033003399     
   0.7992052102399807     
   0.9061711264445171     
   0.8529052685987468     
   0.7159283006212739     
   0.4131739774853732     
   0.3181447568772928     
   0.2960258263220845     
   0.2923605198247907     
   0.2978276524397375     
   0.3177052411512006     
   0.3831295285471512     
   0.6811471820060916     
   0.8505396834749451     
   0.7733825345084328     
   0.7234012717281407     
   0.6915543845493589     
   0.6694341789108516     
   0.6545547984819280     
   0.6455119031128669     
   0.6410472107511902     
   0.6399704157148678     
   0.6412290237729377     
   0.6439666580128403     
   0.6475368400004892     
   0.6514824714389965     
   0.6554994580222933     
   0.6593981452575164     
   0.6630696203866930     
   0.6664592171956134     
   0.6695470447263165     
   0.6723343516164372     
   0.6748343374335235     
   0.6770661731476726     
   0.6790512500410195     
   0.6808109294596574     
   0.6823652755688576     
   0.6837324131208117     
   0.6849282682884086     
   0.6859665322702277     
   0.6868587435508242     
   0.6876144226377974     
   0.6882412182289976     
   0.6887450400040759     
   0.6891301633280698     
   0.6893992969919598     
   0.6895536080128029     
   0.6895926986286962     
   0.6895145173969095     
   0.6896708798604829     
   0.7000000000000000     
   0.7000000000000000     
   0.6943620982215837     
   0.6889143036128209     
   0.6840371434597532     
   0.6799580880316259     
   0.6770072609951664     
   0.6756292944554357     
   0.6763996247503949     
   0.6800327586441061     
   0.6873789468705509     
   0.6994083616076854     
   0.7171796840250162     
   0.7417690906385498     
   0.7740611487618083     
   0.8140773262725708     
   0.8592651451542044     
   0.8851081363541735     
   0.9229697837393389     
    1.041585130371816     
    1.058493767150428     
    1.048885660206315     
    1.043472990682387     
    1.047540382625450     
    1.059989310294537     
    1.064099477798083     
   0.9210401218886518     
   0.8591405858154975     
   0.8054972484911580     
   0.7618992595935450     
   0.7282658284097924     
   0.7028908593780688     
   0.6842925221239362     
   0.6712899794643268     
   0.6628451363712864     
   0.6579949672030325     
   0.6558597110362716     
   0.6556743722470935     
   0.6568108275073159     
   0.6587808278336489     
   0.6612232900391263     
   0.6638831891341035     
   0.6665883850204598     
   0.6692282944255086     
   0.6717361629416654     
   0.6740752886412760     
   0.6762288224194374     
   0.6781924944073277     
   0.6799695874615314     
   0.6815675619000225     
   0.6829958534686189     
   0.6842644816013776     
   0.6853832026083498     
   0.6863610191504528     
   0.6872059149297471     
   0.6879247253152760     
   0.6885230841728945     
   0.6890054075484029     
   0.6893748885260578     
   0.6896334864292193     
   0.6897818989688962     
   0.6898195092044088     
   0.6897442887333836     
   0.6898947296754341     
   0.7000000000000000     
   0.7000000000000000     
   0.6962142149285152     
   0.6927140540991973     
   0.6899031230564141     
   0.6880717307279050     
   0.6875734388654298     
   0.6888268740465888     
   0.6923119783483058     
   0.6985520376433579     
   0.7080782227779507     
   0.7213737186384648     
   0.7387920183843089     
   0.7604383106893474     
   0.7859982516867112     
   0.8145123411399717     
   0.8441984983280326     
   0.8731270540482300     
   0.9048808131133216     
   0.9413535122899030     
   0.9607379232043558     
   0.9681732016574186     
   0.9696243777038069     
   0.9671834174528022     
   0.9589555441277149     
   0.9381963199368114     
   0.8949535120026256     
   0.8531603918286258     
   0.8142171573377666     
   0.7796332100008010     
   0.7502325399720453     
   0.7261044497918822     
   0.7069568802487414     
   0.6923206687163757     
   0.6816327080227145     
   0.6742793154610789     
   0.6696361951369498     
   0.6671085316113519     
   0.6661637216398928     
   0.6663509921149876     
   0.6673073339130283     
   0.6687528850860718     
   0.6704800863865030     
   0.6723403961576646     
   0.6742311483041914     
   0.6760839603675188     
   0.6778552327128153     
   0.6795187535103400     
   0.6810601611864693     
   0.6824729223295082     
   0.6837554828874592     
   0.6849092934745109     
   0.6859374663626532     
   0.6868438772465152     
   0.6876325726971229     
   0.6883073825745926     
   0.6888716659980398     
   0.6893281411130098     
   0.6896787643979110     
   0.6899246360562804     
   0.6900659153928212     
   0.6901017350828913     
   0.6900300957027512     
   0.6901733744630314     
   0.7000000000000000     
   0.7000000000000000     
   0.6979718939747328     
   0.6962816531499986     
   0.6953142772528778     
   0.6953744807812318     
   0.6967852393596220     
   0.6998819075386647     
   0.7049965520969833     
   0.7124296851586862     
   0.7224105277211568     
   0.7350490613798029     
   0.7502852130688894     
   0.7678435798899039     
   0.7872077829224882     
   0.8076388358897872     
   0.8282751128690566     
   0.8483645347815082     
   0.8674654543608038     
   0.8843589183645696     
   0.8964035129956933     
   0.9031542473635340     
   0.9050389139737304     
   0.9021902303260286     
   0.8940560708775713     
   0.8795392757289304     
   0.8582563514353402     
   0.8336282006347773     
   0.8079788220699178     
   0.7830236016652820     
   0.7599678100860043     
   0.7395527108884271     
   0.7221473999775119     
   0.7078432644940240     
   0.6965299640230838     
   0.6879556531601846     
   0.6817788352842536     
   0.6776147584712739     
   0.6750747594194366     
   0.6737958085941408     
   0.6734589856765421     
   0.6737977692305356     
   0.6745985055051094     
   0.6756958688296048     
   0.6769658023585473     
   0.6783177556623384     
   0.6796873385987589     
   0.6810299526791166     
   0.6823155831958148     
   0.6835247148862935     
   0.6846452269764870     
   0.6856700879821405     
   0.6865956746940638     
   0.6874205622155573     
   0.6881446602512448     
   0.6887685984623246     
   0.6892932876498046     
   0.6897196029164703     
   0.6900481499598927     
   0.6902790869015756     
   0.6904119823512782     
   0.6904456965853158     
   0.6903782681172406     
   0.6905131250533911     
   0.7000000000000000     
   0.7000000000000000     
   0.6995208149943980     
   0.6993876690846993     
   0.6999319611871302     
   0.7014343669814604     
   0.7041546668789138     
   0.7083238279723102     
   0.7141270971809591     
   0.7216806213947325     
   0.7310058770918370     
   0.7420075471379749     
   0.7544610404457416     
   0.7680152843936388     
   0.7822143391655619     
   0.7965372740053469     
   0.8104485994367665     
   0.8234394293004537     
   0.8350199802959131     
   0.8446274662520497     
   0.8516645161374816     
   0.8557869597052394     
   0.8568284855928258     
   0.8546495414515969     
   0.8490742267852553     
   0.8399695425790629     
   0.8275060531852445     
   0.8124594655132309     
   0.7957971250618890     
   0.7784978300309029     
   0.7614452436646804     
   0.7453616899703354     
   0.7307788464836231     
   0.7180361530236168     
   0.7072967129110820     
   0.6985736566194746     
   0.6917626988500090     
   0.6866774450718589     
   0.6830838259343603     
   0.6807301998349147     
   0.6793706844447924     
   0.6787808189969302     
   0.6787660973374730     
   0.6791648266620691     
   0.6798470794735146     
   0.6807113699209255     
   0.6816803210801589     
   0.6826961767269304     
   0.6837166537081004     
   0.6847113678008332     
   0.6856588955651430     
   0.6865444380692736     
   0.6873580068678611     
   0.6880930387800197     
   0.6887453495934088     
   0.6893123484693926     
   0.6897924489962253     
   0.6901846265894586     
   0.6904880839679404     
   0.6907019963892893     
   0.6908253163691276     
   0.6908566241833434     
   0.6907940085549118     
   0.6909192398117749     
   0.7000000000000000     
   0.7000000000000000     
   0.7007754509421320     
   0.7018687494371711     
   0.7035360263092585     
   0.7060110520700782     
   0.7094807219659267     
   0.7140801042650506     
   0.7198812390429041     
   0.7268810721046672     
   0.7349928429387549     
   0.7440447874630607     
   0.7537886511272258     
   0.7639181776958527     
   0.7740949055414156     
   0.7839760455017288     
   0.7932378144195240     
   0.8015881620345531     
   0.8087663603066895     
   0.8145354624900552     
   0.8186873905496695     
   0.8210597006094061     
   0.8215260786291867     
   0.8199828114307149     
   0.8163504954110050     
   0.8106034432120843     
   0.8028267503091326     
   0.7932676529303526     
   0.7823115482983600     
   0.7704370331095661     
   0.7581637744186995     
   0.7460007274150380     
   0.7344017460633181     
   0.7237333752978836     
   0.7142567509749576     
   0.7061232468661823     
   0.6993819440242495     
   0.6939959202870558     
   0.6898637005487115     
   0.6868421155568302     
   0.6847673753882713     
   0.6834722188158000     
   0.6827982124217289     
   0.6826033073953252     
   0.6827654274962036     
   0.6831831402386929     
   0.6837744487441447     
   0.6844745621151020     
   0.6852332666431762     
   0.6860122981080404     
   0.6867829390952092     
   0.6875239414377634     
   0.6882197959633367     
   0.6888593283520910     
   0.6894345798536707     
   0.6899399258250877     
   0.6903713871052570     
   0.6907260949895451     
   0.6910018775847108     
   0.6911969423650393     
   0.6913096363193481     
   0.6913382711749616     
   0.6912810014637345     
   0.6913955408861887     
   0.7000000000000000     
   0.7000000000000000     
   0.7016919242699524     
   0.7036501196611121     
   0.7060490419262314     
   0.7090678939392999     
   0.7128276763660054     
   0.7173913816433326     
   0.7227602129223694     
   0.7288718627031866     
   0.7356035910541234     
   0.7427814120746037     
   0.7501950596261567     
   0.7576166842408341     
   0.7648200016328637     
   0.7715963375602948     
   0.7777648367135988     
   0.7831757732739033     
   0.7877078961205769     
   0.7912624370301318     
   0.7937569303208900     
   0.7951197631605461     
   0.7952853518554395     
   0.7941942600115046     
   0.7917987354358892     
   0.7880752194517500     
   0.7830434347709065     
   0.7767855999539188     
   0.7694556876963534     
   0.7612772312853728     
   0.7525300742537666     
   0.7435281318660905     
   0.7345919533344647     
   0.7260207812456786     
   0.7180685731587149     
   0.7109272804804758     
   0.7047190028322280     
   0.6994968911384786     
   0.6952532205704578     
   0.6919321502530161     
   0.6894444397048596     
   0.6876817351807321     
   0.6865287586071436     
   0.6858725593702348     
   0.6856087033734459     
   0.6856447570023430     
   0.6859016615407728     
   0.6863136378855621     
   0.6868271866501280     
   0.6873996219225920     
   0.6879974442689922     
   0.6885947448723092     
   0.6891717467998321     
   0.6897135306241859     
   0.6902089550133488     
   0.6906497624560091     
   0.6910298506484258     
   0.6913446871303189     
   0.6915908456848365     
   0.6917656460323351     
   0.6918668824585574     
   0.6918926318176732     
   0.6918411330994416     
   0.6919441305359049     
   0.7000000000000000     
   0.7000000000000000     
   0.7022691689854976     
   0.7047435338282707     
   0.7075223026889501     
   0.7107333874143257     
   0.7144469055203271     
   0.7186800759548828     
   0.7233991938083635     
   0.7285242643939341     
   0.7339374433175485     
   0.7394949500851483     
   0.7450410640566543     
   0.7504220974961322     
   0.7554981297455593     
   0.7601508149417424     
   0.7642865343690397     
   0.7678352070637482     
   0.7707458773289541     
   0.7729805887219814     
   0.7745080201868928     
   0.7752979824858601     
   0.7753180724045046     
   0.7745342427644100     
   0.7729140898170628     
   0.7704330268532691     
   0.7670834395075924     
   0.7628853090278435     
   0.7578957250024503     
   0.7522148301681775     
   0.7459862285901696     
   0.7393908676543350     
   0.7326347816083220     
   0.7259324862207746     
   0.7194888012405072     
   0.7134821562834670     
   0.7080519662549682     
   0.7032916396479274     
   0.6992475384605685     
   0.6959230869969790     
   0.6932864824138452     
   0.6912801950448663     
   0.6898306100912492     
   0.6888565999184434     
   0.6882763455978116     
   0.6880122009947103     
   0.6879937326780982     
   0.6881592579513225     
   0.6884562667893457     
   0.6888410934444553     
   0.6892781404136904     
   0.6897388813902177     
   0.6902007987615404     
   0.6906463534085469     
   0.6910620418559462     
   0.6914375667050821     
   0.6917651279366444     
   0.6920388322095739     
   0.6922542122767100     
   0.6924078472912684     
   0.6924970758972784     
   0.6925197969113325     
   0.6924743548832243     
   0.6925652389394407     
   0.7000000000000000     
   0.7000000000000000     
   0.7025401223051615     
   0.7052261500723658     
   0.7080965448916785     
   0.7112369310133063     
   0.7146826536224310     
   0.7184266106820421     
   0.7224243038324647     
   0.7266009666601212     
   0.7308609361733807     
   0.7350983043727477     
   0.7392074541810841     
   0.7430920156288302     
   0.7466711005616528     
   0.7498822682489559     
   0.7526813329359721     
   0.7550396515266992     
   0.7569398164850691     
   0.7583707244009805     
   0.7593228696969212     
   0.7597844958470119     
   0.7597393684896976     
   0.7591670546686252     
   0.7580446964483667     
   0.7563503278535779     
   0.7540679900925360     
   0.7511941856939264     
   0.7477447574443798     
   0.7437609321843316     
   0.7393131137212994     
   0.7345011782246862     
   0.7294505723805739     
   0.7243043527125392     
   0.7192122107022538     
   0.7143182247173578     
   0.7097493484282207     
   0.7056064162503983     
   0.7019588161473164     
   0.6988431620115128     
   0.6962655324985447     
   0.6942063138681618     
   0.6926264686458177     
   0.6914741215596747     
   0.6906906123699245     
   0.6902154963490819     
   0.6899902830551591     
   0.6899609383626445     
   0.6900793179236399     
   0.6903037631878602     
   0.6905990966925512     
   0.6909362254936461     
   0.6912915194962236     
   0.6916460876874910     
   0.6919850367173965     
   0.6922967656106325     
   0.6925723278515793     
   0.6928048766759251     
   0.6929891997520630     
   0.6931213442199474     
   0.6931983312110597     
   0.6932179597672578     
   0.6931787026548616     
   0.6932572168796539     
   0.7000000000000000     
   0.7000000000000000     
   0.7025578740090153     
   0.7052112165398863     
   0.7079554106946677     
   0.7108443625679112     
   0.7138920973801774     
   0.7170816252662471     
   0.7203708217595035     
   0.7236995222383226     
   0.7269975946030525     
   0.7301929990591381     
   0.7332188065747962     
   0.7360183509774316     
   0.7385480714074398     
   0.7407780422616639     
   0.7426905607149319     
   0.7442773867927597     
   0.7455362925185811     
   0.7464675127339075     
   0.7470705626290453     
   0.7473417349370215     
   0.7472726875844785     
   0.7468505997566688     
   0.7460591642950202     
   0.7448804765699513     
   0.7432980482383630     
   0.7413008133714157     
   0.7388877565377152     
   0.7360725685465280     
   0.7328875250634546     
   0.7293857048126569     
   0.7256407887029169     
   0.7217440401710433     
   0.7177986037698870     
   0.7139118357247383     
   0.7101868240693268     
   0.7067144283029022     
   0.7035670212249728     
   0.7007947073509091     
   0.6984242585997207     
   0.6964605038643861     
   0.6948895535218923     
   0.6936830843991106     
   0.6928029396803790     
   0.6922054528147338     
   0.6918451131666885     
   0.6916773942029967     
   0.6916607259977778     
   0.6917576996876019     
   0.6919356458488086     
   0.6921667437639265     
   0.6924278083210437     
   0.6926998780716115     
   0.6929677005713936     
   0.6932191849679710     
   0.6934448696312894     
   0.6936374354186727     
   0.6937912828616839     
   0.6939021836178043     
   0.6939670122739785     
   0.6939835634178440     
   0.6939504611301130     
   0.6940166657055749     
   0.7000000000000000     
   0.7000000000000000     
   0.7023819222342902     
   0.7048207120348424     
   0.7072858216660838     
   0.7098091030940418     
   0.7123929358038046     
   0.7150186976703027     
   0.7176521166263780     
   0.7202491302907703     
   0.7227619596823263     
   0.7251446148842386     
   0.7273571876639354     
   0.7293685427787990     
   0.7311573247610472     
   0.7327114715557893     
   0.7340266106622120     
   0.7351037862206562     
   0.7359469424484723     
   0.7365605071078593     
   0.7369473188584876     
   0.7371070443556617     
   0.7370353108469179     
   0.7367238245419316     
   0.7361609591472369     
   0.7353328722902046     
   0.7342253333974977     
   0.7328262267623432     
   0.7311285916437484     
   0.7291339114206817     
   0.7268552265728514     
   0.7243195280424470     
   0.7215688668506466     
   0.7186597294968597     
   0.7156604867022183     
   0.7126470812202678     
   0.7096974878148554     
   0.7068857475420576     
   0.7042764668630503     
   0.7019205558704518     
   0.6998527011106040     
   0.6980907151922462     
   0.6966365755835531     
   0.6954787326116306     
   0.6945951632129437     
   0.6939566626209333     
   0.6935299643852284     
   0.6932804152504184     
   0.6931740673734635     
   0.6931791617921896     
   0.6932670538880571     
   0.6934126744458116     
   0.6935946354419699     
   0.6937950865331666     
   0.6939994144154601     
   0.6941958590329301     
   0.6943751022217528     
   0.6945298682026176     
   0.6946545624960262     
   0.6947449666166120     
   0.6947980001402345     
   0.6948115590818551     
   0.6947844411986139     
   0.6948386769650963     
   0.7000000000000000     
   0.7000000000000000     
   0.7020678512063603     
   0.7041657964235211     
   0.7062518988184061     
   0.7083436811407994     
   0.7104381372151436     
   0.7125189707768095     
   0.7145608360077291     
   0.7165336500151400     
   0.7184067636026872     
   0.7201524516650761     
   0.7217483605730813     
   0.7231787681641015     
   0.7244347191105331     
   0.7255132526835419     
   0.7264160194985598     
   0.7271475915083300     
   0.7277137257870632     
   0.7281197746008663     
   0.7283693659461491     
   0.7284634193226351     
   0.7283996254407034     
   0.7281725478288592     
   0.7277739877276387     
   0.7271936613905550     
   0.7264203239990205     
   0.7254433417564903     
   0.7242546585010052     
   0.7228510276797984     
   0.7212362824456173     
   0.7194233309422871     
   0.7174355064652818     
   0.7153069170940213     
   0.7130815444377175     
   0.7108110330980100     
   0.7085513547449058     
   0.7063587615519242     
   0.7042855967274071     
   0.7023765592932291     
   0.7006659189381417     
   0.6991759778090415     
   0.6979168383337844     
   0.6968873214327356     
   0.6960767324667883     
   0.6954671105658325     
   0.6950356126490096     
   0.6947567524046330     
   0.6946043079171585     
   0.6945528048401945     
   0.6945785589761685     
   0.6946603158474330     
   0.6947795553510545     
   0.6949205410350915     
   0.6950701916439560     
   0.6952178428986315     
   0.6953549544594975     
   0.6954748037657279     
   0.6955721968205560     
   0.6956432169152693     
   0.6956850260487973     
   0.6956957303342000     
   0.6956743217633947     
   0.6957171389050052     
   0.7000000000000000     
   0.7000000000000000     
   0.7016614813148707     
   0.7033363986690625     
   0.7049826172041430     
   0.7066089756899707     
   0.7082108155133434     
   0.7097756130263297     
   0.7112860128079870     
   0.7127227293799050     
   0.7140672043075047     
   0.7153036800355730     
   0.7164205037294307     
   0.7174106308369441     
   0.7182714257494323     
   0.7190039372372653     
   0.7196118549881187     
   0.7201003397863732     
   0.7204748802441268     
   0.7207402808551697     
   0.7208998429134021     
   0.7209547652824051     
   0.7209038402123312     
   0.7207435379388760     
   0.7204682367909362     
   0.7200706368050690     
   0.7195424498042620     
   0.7188753777366330     
   0.7180623611001787     
   0.7170990395399890     
   0.7159853078102818     
   0.7147267899090346     
   0.7133360048387744     
   0.7118329801662096     
   0.7102451037843858     
   0.7086060973036887     
   0.7069541359701854     
   0.7053293002656108     
   0.7037706818082776     
   0.7023135414809287     
   0.7009869085383171     
   0.6998119190389669     
   0.6988010472920830     
   0.6979582249948358     
   0.6972797077617618     
   0.6967554632288946     
   0.6963708265181848     
   0.6961081896614274     
   0.6959485445285004     
   0.6958727648063163     
   0.6958625759062235     
   0.6959012124885667     
   0.6959737976575535     
   0.6960674963602331     
   0.6961715012686870     
   0.6962769064948190     
   0.6963765167193260     
   0.6964646297442472     
   0.6965368211779743     
   0.6965897521501785     
   0.6966210152001455     
   0.6966290299197713     
   0.6966130004805198     
   0.6966450593590228     
   0.7000000000000000     
   0.7000000000000000     
   0.7011969508158540     
   0.7023983976007246     
   0.7035699486033824     
   0.7047155953821997     
   0.7058311060509580     
   0.7069079526682459     
   0.7079352645352575     
   0.7089016030597848     
   0.7097965182902438     
   0.7106116920506587     
   0.7113415794919008     
   0.7119835597226145     
   0.7125376784329722     
   0.7130061043235638     
   0.7133924284274511     
   0.7137009194548810     
   0.7139358201198047     
   0.7141007391014111     
   0.7141981679264985     
   0.7142291329721340     
   0.7141930258478698     
   0.7140876664799732     
   0.7139094436916493     
   0.7136535596639962     
   0.7133144381633060     
   0.7128863075105885     
   0.7123639550696020     
   0.7117436263644814     
   0.7110240123284723     
   0.7102072275784356     
   0.7092996500503512     
   0.7083124710230091     
   0.7072618112439384     
   0.7061682999133654     
   0.7050560884937166     
   0.7039513683721186     
   0.7028805579634757     
   0.7018683949644693     
   0.7009361927149270     
   0.7001004888023603     
   0.6993722379478717     
   0.6987566010785539     
   0.6982532840828122     
   0.6978573047421971     
   0.6975600265772052     
   0.6973502945218393     
   0.6972155315306460     
   0.6971426953504416     
   0.6971190388368129     
   0.6971326564254618     
   0.6971728287541067     
   0.6972301956761072     
   0.6972967962308396     
   0.6973660150272352     
   0.6974324707171067     
   0.6974918761975859     
   0.6975408936827645     
   0.6975770019747218     
   0.6975983887497960     
   0.6976038776368849     
   0.6975928998627070     
   0.6976148554110628     
   0.7000000000000000     
   0.7000000000000000     
   0.7006975525846137     
   0.7013958813527269     
   0.7020735283671360     
   0.7027320354556580     
   0.7033686762859531     
   0.7039787041417638     
   0.7045563992676276     
   0.7050959814473379     
   0.7055923860451018     
   0.7060418075527990     
   0.7064419741477119     
   0.7067921686190215     
   0.7070930461733371     
   0.7073463162599180     
   0.7075543559767637     
   0.7077198119920212     
   0.7078452321486682     
   0.7079327520143390     
   0.7079838488810798     
   0.7079991664928680     
   0.7079784324123533     
   0.7079204956442415     
   0.7078234007330193     
   0.7076845133110041     
   0.7075007295374229     
   0.7072687764167874     
   0.7069856036003899     
   0.7066488571163256     
   0.7062574044301972     
   0.7058118730269426     
   0.7053151312875836     
   0.7047726349050104     
   0.7041925600713974     
   0.7035856594272750     
   0.7029648114224141     
   0.7023442828281410     
   0.7017387775008275     
   0.7011623886381948     
   0.7006275941969230     
   0.7001444289601187     
   0.6997199333673007     
   0.6993579278479061     
   0.6990591055736527     
   0.6988213894295427     
   0.6986404694459182     
   0.6985104277004299     
   0.6984243660629393     
   0.6983749720471286     
   0.6983549825574120     
   0.6983575287262258     
   0.6983763636918454     
   0.6984059876265443     
   0.6984416908296167     
   0.6984795374684060     
   0.6985163111466437     
   0.6985494403742498     
   0.6985769183634115     
   0.6985972281680352     
   0.6986092814627389     
   0.6986123772608646     
   0.6986061856646133     
   0.6986185688571158     
   0.7000000000000000     
   0.7000000000000000     
   0.7001782545721054     
   0.7003562755845546     
   0.7005287317781512     
   0.7006959109019386     
   0.7008570710775754     
   0.7010110195759192     
   0.7011563610239127     
   0.7012917131665870     
   0.7014158899406669     
   0.7015280271861244     
   0.7016276425875880     
   0.7017146344501543     
   0.7017892322652864     
   0.7018519157014140     
   0.7019033184185973     
   0.7019441302995498     
   0.7019750077598446     
   0.7019964979357531     
   0.7020089795047219     
   0.7020126207221783     
   0.7020073599345726     
   0.7019929152841753     
   0.7019688027818002     
   0.7019343665278071     
   0.7018888289904220     
   0.7018313628357209     
   0.7017611838458735     
   0.7016776620639880     
   0.7015804887348014     
   0.7014697805905716     
   0.7013461949380355     
   0.7012110225742589     
   0.7010662291851750     
   0.7009144290340484     
   0.7007587827787692     
   0.7006028227145042     
   0.7004502218046467     
   0.7003045342362050     
   0.7001689417118445     
   0.7000460392746524     
   0.6999376871376958     
   0.6998449427423243     
   0.6997680733402463     
   0.6997066371414932     
   0.6996596129211472     
   0.6996255548827059     
   0.6996027510581682     
   0.6995893681651632     
   0.6995835719112182     
   0.6995836177232815     
   0.6995879117824574     
   0.6995950456142247     
   0.6996038093279584     
   0.6996131891961841     
   0.6996223550033780     
   0.6996306418567049     
   0.6996375302470347     
   0.6996426273138534     
   0.6996456517680499     
   0.6996464257066521     
   0.6996448778294477     
   0.6996479735838566     
   0.7000000000000000     
   0.7000000000000000     
   0.6996482450907925     
   0.6992969510715106     
   0.6989566382654153     
   0.6986267388493501     
   0.6983087167926940     
   0.6980049257413792     
   0.6977181192242270     
   0.6974510248837241     
   0.6972059832118394     
   0.6969846994798063     
   0.6967881254540963     
   0.6966164618121349     
   0.6964692556920153     
   0.6963455605506126     
   0.6962441259687726     
   0.6961635905816581     
   0.6961026590660134     
   0.6960602517425408     
   0.6960356213564582     
   0.6960284358846539     
   0.6960388169898326     
   0.6960673208698382     
   0.6961149025941380     
   0.6961828564679435     
   0.6962727168165777     
   0.6963861162413760     
   0.6965246022614332     
   0.6966894179884839     
   0.6968811726980773     
   0.6970996360393158     
   0.6973435109305507     
   0.6976102502059289     
   0.6978959749225093     
   0.6981955262814886     
   0.6985026672683060     
   0.6988104275061076     
   0.6991115590335214     
   0.6993990482739263     
   0.6996666166845085     
   0.6999091433942282     
   0.7001229575927209     
   0.7003059726015487     
   0.7004576610456297     
   0.7005788947216828     
   0.7006716888416531     
   0.7007388964364767     
   0.7007838957807644     
   0.7008103045421707     
   0.7008217423815994     
   0.7008216519140926     
   0.7008131782672958     
   0.7007991008235903     
   0.7007818070941794     
   0.7007632974960218     
   0.7007452103167865     
   0.7007288576082392     
   0.7007152645324008     
   0.7007052063320119     
   0.7006992380828341     
   0.7006977108458483     
   0.7007007653198198     
   0.7006946563718768     
   0.7000000000000000     
   0.7000000000000000     
   0.6996482450907925     
   0.6992969510715106     
   0.6989566382654153     
   0.6986267388493501     
   0.6983087167926940     
   0.6980049257413792     
   0.6977181192242270     
   0.6974510248837241     
   0.6972059832118394     
   0.6969846994798063     
   0.6967881254540963     
   0.6966164618121349     
   0.6964692556920153     
   0.6963455605506126     
   0.6962441259687726     
   0.6961635905816581     
   0.6961026590660134     
   0.6960602517425408     
   0.6960356213564582     
   0.6960284358846539     
   0.6960388169898326     
   0.6960673208698382     
   0.6961149025941380     
   0.6961828564679435     
   0.6962727168165777     
   0.6963861162413760     
   0.6965246022614332     
   0.6966894179884839     
   0.6968811726980773     
   0.6970996360393158     
   0.6973435109305507     
   0.6976102502059289     
   0.6978959749225093     
   0.6981955262814886     
   0.6985026672683060     
   0.6988104275061076     
   0.6991115590335214     
   0.6993990482739263     
   0.6996666166845085     
   0.6999091433942282     
   0.7001229575927209     
   0.7003059726015487     
   0.7004576610456297     
   0.7005788947216828     
   0.7006716888416531     
   0.7007388964364767     
   0.7007838957807644     
   0.7008103045421707     
   0.7008217423815994     
   0.7008216519140926     
   0.7008131782672958     
   0.7007991008235903     
   0.7007818070941794     
   0.7007632974960218     
   0.7007452103167865     
   0.7007288576082392     
   0.7007152645324008     
   0.7007052063320119     
   0.7006992380828341     
   0.7006977108458483     
   0.7007007653198198     
   0.7006946563695262     
