    0.000000000000000     
   5.2501181408346007E-003
   4.7329633423514508E-003
   1.8332618001777054E-003
   3.2070623676883834E-004
   3.2880517148702683E-005
   2.2168301558079059E-006
   8.7731008933795203E-008
   1.4254987822720828E-009
  -7.6779215935116262E-012
  -2.3143218002955064E-013
   4.7085851837705427E-016
   3.0313523586550282E-017
  -1.2969274392355629E-020
  -1.0186068857032821E-021
   4.1315741164467056E-025
   2.3426914458612860E-026
  -2.0402241409745063E-029
   6.3579385241052286E-033
   4.7296782212294287E-034
  -4.0747277580627990E-037
  -6.3047968061070942E-039
   1.4978010575456683E-041
  -3.3703095952777309E-045
  -2.3932246497513278E-046
   2.5293749007500413E-049
   1.9585577473569433E-051
  -6.0454317672688339E-054
   1.7623372441869891E-057
   6.1847530357164248E-059
  -7.6545006625190347E-062
  -3.1518105229324541E-064
   1.0950862560790633E-066
  -1.2910572993160079E-070
  -7.4269000992713209E-072
   6.3236841603481428E-075
   2.8790874739077384E-077
  -5.8884223017940974E-080
  -4.8782101727036762E-083
   2.4218472168205374E-085
   1.0340929625931068E-088
  -4.9078003689673600E-091
    0.000000000000000     
    0.000000000000000     
    0.000000000000000     
    0.000000000000000     
    0.000000000000000     
    0.000000000000000     
    0.000000000000000     
    0.000000000000000     
    0.000000000000000     
    0.000000000000000     
    0.000000000000000     
    0.000000000000000     
    0.000000000000000     
    0.000000000000000     
    0.000000000000000     
    0.000000000000000     
    0.000000000000000     
    0.000000000000000     
    0.000000000000000     
    0.000000000000000     
    0.000000000000000     
    0.000000000000000     
   8.2372940742888416E-003
   6.7125822081703524E-003
   1.7650768205077685E-003
   1.6993618368263045E-004
   3.2189986327311403E-006
  -4.8246384394533563E-007
  -3.1078287901750883E-008
  -5.4054948903030885E-010
   2.6764583578068845E-012
   8.6371637898884021E-014
  -1.5612636765148271E-016
  -1.2456968681719071E-017
   3.9080956312371315E-021
   4.2320387658100064E-022
  -1.2280110068673191E-025
  -9.9322234393560511E-027
   7.5151826592740236E-030
  -2.0583789723909029E-033
  -1.7452121996614246E-034
   1.4529950613514855E-037
   2.3363975745346661E-039
  -5.4833677536353900E-042
   9.6794423474572667E-046
   8.7842308157699698E-047
  -8.7778674344939741E-050
  -7.2335143459380577E-052
   2.1512493204908064E-054
  -5.5349051446870462E-058
  -2.2043369341257517E-059
   2.6329129267281029E-062
   1.1291593499669082E-064
  -3.8129098399686102E-067
   3.5581689492477972E-071
   2.5833161938870151E-072
  -2.1276328371933812E-075
  -9.9779588639054110E-078
   2.0073343642946087E-080
   1.6636795665915999E-083
  -8.2559660420693865E-086
  -3.5266532564864592E-089
   1.6729719320965357E-091
    0.000000000000000     
    0.000000000000000     
    0.000000000000000     
    0.000000000000000     
    0.000000000000000     
    0.000000000000000     
    0.000000000000000     
    0.000000000000000     
    0.000000000000000     
    0.000000000000000     
    0.000000000000000     
    0.000000000000000     
    0.000000000000000     
    0.000000000000000     
    0.000000000000000     
    0.000000000000000     
    0.000000000000000     
    0.000000000000000     
    0.000000000000000     
    0.000000000000000     
    0.000000000000000     
    0.000000000000000     
   6.7437061075617212E-003
   5.7227727752609016E-003
   1.7991693103427370E-003
   2.4532121022573439E-004
   1.8049757890716913E-005
   8.6718315593128522E-007
   2.8326360516022163E-008
   4.4247464662088697E-010
  -2.5007316178523712E-012
  -7.2530271065333312E-014
   1.5736607536278579E-016
   8.9282774524156066E-018
  -4.5305893805592490E-021
  -2.9770150456114071E-022
   1.4517815547896933E-025
   6.7473455096284044E-027
  -6.4435293752355192E-030
   2.1497797758571629E-033
   1.4922330107840022E-034
  -1.3108663483556568E-037
  -1.9841996157862144E-039
   4.7473214109106457E-042
  -1.2011826802660023E-045
  -7.5740078408716539E-047
   8.2579407865032206E-050
   6.1760315638156868E-052
  -1.9470912233890136E-054
   6.0442336485914229E-058
   1.9902080507953365E-059
  -2.5107938678954661E-062
  -1.0113255864827731E-064
   3.5689763604110114E-067
  -4.6762020219561406E-071
  -2.4217919526921526E-072
   2.0980256615773811E-075
   9.4064579375859864E-078
  -1.9405439687497444E-080
  -1.6072653030560380E-083
   7.9812530630679937E-086
   3.4071381847223043E-089
  -1.6174142184354123E-091
    0.000000000000000     
    0.000000000000000     
    0.000000000000000     
    0.000000000000000     
    0.000000000000000     
    0.000000000000000     
    0.000000000000000     
    0.000000000000000     
    0.000000000000000     
    0.000000000000000     
    0.000000000000000     
    0.000000000000000     
    0.000000000000000     
    0.000000000000000     
    0.000000000000000     
    0.000000000000000     
    0.000000000000000     
    0.000000000000000     
    0.000000000000000     
    0.000000000000000     
    0.000000000000000     
    0.000000000000000     
   7.4905000909252810E-003
   6.2176774917156270E-003
   1.7821230654252527E-003
   2.0762869695418242E-004
   1.0634378261724027E-005
   1.9235965599297482E-007
  -1.3759636928643589E-009
  -4.9037421204710933E-011
   8.7863369977256739E-014
   6.9206834167753532E-015
   6.1985385565153236E-019
  -1.7643456146517321E-018
  -3.1124687466105853E-022
   6.2751186009929963E-023
   1.1188527396118706E-026
  -1.5924389648638233E-027
   5.3582664201925191E-031
   4.5700401733130034E-035
  -1.2648959443871114E-035
   7.1064356497914301E-039
   1.7609897937422581E-040
  -3.6802317136237215E-043
  -1.1661922276013785E-046
   6.0511148744915772E-048
  -2.5996332399537725E-051
  -5.2874139106118564E-053
   1.0207904855089644E-055
   2.5466425195218837E-059
  -1.0706444166520764E-060
   6.1059529416318359E-064
   5.8916881742067591E-066
  -1.2196673977879957E-068
  -5.5901653635417166E-072
   8.0762120597431264E-074
  -1.4803587808000128E-077
  -2.8575046315971219E-079
   3.3395197772432225E-082
   2.8207131767780931E-085
  -1.3735648950069661E-087
  -5.9757535882077464E-091
   2.7778856830561758E-093
    0.000000000000000     
    0.000000000000000     
    0.000000000000000     
    0.000000000000000     
    0.000000000000000     
    0.000000000000000     
    0.000000000000000     
    0.000000000000000     
    0.000000000000000     
    0.000000000000000     
    0.000000000000000     
    0.000000000000000     
    0.000000000000000     
    0.000000000000000     
    0.000000000000000     
    0.000000000000000     
    0.000000000000000     
    0.000000000000000     
    0.000000000000000     
    0.000000000000000     
    0.000000000000000     
    0.000000000000000     
   8.6898103950428865E-003
   7.0467673081509221E-003
   1.9655858248673057E-003
   2.2231465612386155E-004
   1.0918041432057127E-005
   1.7738300347290946E-007
  -1.9372025641280144E-009
  -4.8994071935110836E-011
   1.7914308072958235E-013
   7.1483794502663050E-015
  -1.1576475208757489E-017
   1.3480688625733713E-018
   8.9049387637787054E-022
  -5.4002959129047192E-023
  -4.1227614067764342E-026
   1.6078044687716451E-027
   5.4774276667329335E-031
   2.0341891662962322E-035
  -1.2764584974201415E-035
   5.4857499834676571E-039
   1.7257070986775305E-040
  -2.8559268343826672E-043
   2.7416244743526952E-048
   4.5562563872903890E-048
  -3.7790886337743178E-051
  -3.8395035631782906E-053
   1.0104515471751644E-055
   1.6984388925688920E-059
  -1.0387591543333874E-060
   6.4080122920119183E-064
   5.4903787203401713E-066
  -1.1844012903005368E-068
  -2.9548574872902975E-072
   7.8112114574585886E-074
  -3.5433632639587702E-077
  -2.8341752220562138E-079
   4.5242727155178117E-082
   3.7199024946549307E-085
  -1.9032261041328085E-087
  -8.0647349227055575E-091
   3.9536165821364597E-093
    0.000000000000000     
    0.000000000000000     
    0.000000000000000     
    0.000000000000000     
    0.000000000000000     
    0.000000000000000     
    0.000000000000000     
    0.000000000000000     
    0.000000000000000     
    0.000000000000000     
    0.000000000000000     
    0.000000000000000     
    0.000000000000000     
    0.000000000000000     
    0.000000000000000     
    0.000000000000000     
    0.000000000000000     
    0.000000000000000     
    0.000000000000000     
    0.000000000000000     
    0.000000000000000     
    0.000000000000000     
   1.0067322441847781E-002
   8.0211725765296765E-003
   2.1861512160808710E-003
   2.4171673030086286E-004
   1.1602953700286736E-005
   1.8300137234130596E-007
  -2.0728193706304251E-009
  -5.0817123577191883E-011
   1.9400762281925816E-013
   7.4114777029284307E-015
  -5.3114788252978610E-018
  -1.8349475112820272E-018
  -2.2470405248740485E-022
   6.5059093811783471E-023
   1.4349089225455650E-026
  -1.6408319661895995E-027
   2.7344912578193156E-031
  -1.6103772469509291E-034
  -5.6188277958475843E-036
   8.5840751983705355E-039
   6.0847799357710176E-041
  -2.6350608908408146E-043
   4.7426656610504421E-047
   4.1350902044629592E-048
  -4.5640112837400879E-051
  -3.4049756581125565E-053
   1.0975910915869590E-055
   8.9751392006704129E-060
  -1.1328154793761916E-060
   8.3250023525118795E-064
   6.0894217168864072E-066
  -1.4230333327259149E-068
  -4.8620415025516038E-072
   9.3727145587863753E-074
  -2.8656934056024906E-077
  -3.3382073039365703E-079
   4.4635569576702617E-082
   3.7487200686555899E-085
  -1.8421164178035938E-087
  -7.9685112748899868E-091
   3.7411409761289475E-093
    0.000000000000000     
    0.000000000000000     
    0.000000000000000     
    0.000000000000000     
    0.000000000000000     
    0.000000000000000     
    0.000000000000000     
    0.000000000000000     
    0.000000000000000     
    0.000000000000000     
    0.000000000000000     
    0.000000000000000     
    0.000000000000000     
    0.000000000000000     
    0.000000000000000     
    0.000000000000000     
    0.000000000000000     
    0.000000000000000     
    0.000000000000000     
    0.000000000000000     
    0.000000000000000     
    0.000000000000000     
   1.1659752707007014E-002
   9.1110331064840552E-003
   2.4190549219610378E-003
   2.6068137664923938E-004
   1.2193413361542039E-005
   1.8587289099687640E-007
  -2.1938939797294194E-009
  -5.1925951958701003E-011
   2.0798980383439718E-013
   7.5855676615883481E-015
  -1.5230775490884330E-017
  -2.3924179701374186E-019
   6.1362775951725880E-022
   5.2384446145216429E-024
  -2.2955972575090971E-026
  -1.0583213143596319E-030
   5.8120297102894581E-031
  -1.0523025045285517E-034
  -1.3526798551149303E-035
   9.9387352190792150E-039
   1.8352070680964995E-040
  -4.0065642852575495E-043
  -7.0203419358872053E-047
   6.4648064266063075E-048
  -3.3308004822583585E-051
  -5.4600577594743670E-053
   1.0944274469999588E-055
   3.8663169677260721E-060
  -1.1201429654517985E-060
   9.1005392665545689E-064
   5.9543366140451288E-066
  -1.4928904711462291E-068
  -4.2505869624900358E-072
   9.8204396038155813E-074
  -3.8395934980368514E-077
  -3.5295636791812773E-079
   5.2194172864863274E-082
   4.3627567739599509E-085
  -2.1620749858322699E-087
  -9.3089926577813321E-091
   4.4109047300773920E-093
    0.000000000000000     
    0.000000000000000     
    0.000000000000000     
    0.000000000000000     
    0.000000000000000     
    0.000000000000000     
    0.000000000000000     
    0.000000000000000     
    0.000000000000000     
    0.000000000000000     
    0.000000000000000     
    0.000000000000000     
    0.000000000000000     
    0.000000000000000     
    0.000000000000000     
    0.000000000000000     
    0.000000000000000     
    0.000000000000000     
    0.000000000000000     
    0.000000000000000     
    0.000000000000000     
    0.000000000000000     
   1.3502743408506511E-002
   1.0317427300880026E-002
   2.6590636563611691E-003
   2.7829021595043261E-004
   1.2638144174347008E-005
   1.8517505965387859E-007
  -2.2919046004444956E-009
  -5.2117791308611187E-011
   2.2023183202444011E-013
   7.6187003804209051E-015
  -1.2223404151165243E-017
  -1.3590120899913456E-018
   2.1744886960727968E-022
   4.7171008201159334E-023
  -4.6393474480328518E-027
  -1.1481320780934952E-027
   5.9447868966132484E-031
  -8.6883303886810301E-035
  -1.3774768789590228E-035
   9.2298968651936039E-039
   1.8435418892879018E-040
  -3.8284275420756345E-043
   3.0471154171933540E-047
   6.1501113449130892E-048
   5.5645459051346843E-046
   6.9492450679680084E-048
  -4.9437345733905640E-053
  -1.8138758396088348E-055
   2.3718752788907642E-057
   5.2681086286899533E-060
  -4.0169086923286833E-062
  -1.7880773675978388E-066
   5.2648036573978796E-068
   2.2655897302334918E-071
  -5.2619645105638009E-073
  -9.6227878657842275E-079
   8.5870023300588353E-081
   5.4315511920744778E-084
  -5.1057666917618420E-086
  -1.4999646169994984E-089
   5.9999532807871119E-093
   3.5461906976323852E-097
  -4.1196809110073343E-099
    0.000000000000000     
    0.000000000000000     
    0.000000000000000     
    0.000000000000000     
    0.000000000000000     
    0.000000000000000     
    0.000000000000000     
    0.000000000000000     
    0.000000000000000     
    0.000000000000000     
    0.000000000000000     
    0.000000000000000     
    0.000000000000000     
    0.000000000000000     
    0.000000000000000     
    0.000000000000000     
    0.000000000000000     
    0.000000000000000     
    0.000000000000000     
    0.000000000000000     
   1.5632697057312683E-002
   1.1640637807235121E-002
   2.9005478690664831E-003
   2.9366115865494998E-004
   1.2895077605338454E-005
   1.8042986986065052E-007
  -2.3588598468518683E-009
  -5.1257248774022465E-011
   2.3000107272745445E-013
   7.5028094070199441E-015
  -1.6181243033165580E-017
  -8.1185755137826042E-019
   4.9908378702911955E-022
   2.6705751476695329E-023
  -1.5954139538986714E-026
  -5.8797827055502036E-028
   6.1320601378237377E-031
  -2.1615439921021480E-034
  -1.4297659569160168E-035
   1.3634889114137818E-038
   1.9458660103475501E-040
  -4.9504239824369624E-043
  -2.0851041880484413E-047
  -2.8963159073455694E-043
   1.1888262403143769E-039
   1.5097166233037544E-041
  -8.2034859444386331E-044
  -9.3054644445959067E-046
   5.2617205912164369E-051
   1.4755667667942127E-053
  -1.8548026858544332E-055
  -2.7009895828839834E-058
   2.6152346279224502E-060
   5.5271361358237598E-065
  -1.2759912588679319E-066
  -5.1539681716626705E-070
   9.7712633037687481E-072
   1.3108066163861406E-077
  -1.4790088796820405E-079
  -1.0109056036762118E-082
   7.3138371198494038E-085
   2.7683256508666781E-088
  -1.5271056800358808E-092
  -4.8053209194406850E-096
   4.9745412500993856E-098
    0.000000000000000     
    0.000000000000000     
    0.000000000000000     
    0.000000000000000     
    0.000000000000000     
    0.000000000000000     
    0.000000000000000     
    0.000000000000000     
    0.000000000000000     
    0.000000000000000     
    0.000000000000000     
    0.000000000000000     
    0.000000000000000     
    0.000000000000000     
    0.000000000000000     
    0.000000000000000     
    0.000000000000000     
    0.000000000000000     
   1.8088445158376834E-002
   1.3075602524249490E-002
   3.1361228257009220E-003
   3.0581837538309285E-004
   1.2925334969788244E-005
   1.7137858772204167E-007
  -2.3869386846327991E-009
  -4.9261928126860349E-011
   2.3629118956107430E-013
   7.2235716616211459E-015
  -1.5770339046889351E-017
  -2.2788723759889618E-019
   6.7354104330662387E-022
   5.0226948525105173E-024
  -2.6707902809474133E-026
  -4.9747258314294609E-030
   7.8181583799145338E-031
  -6.8177505655256829E-030
  -2.0929530715893090E-035
   3.3623945716764457E-037
   8.1153406585226714E-040
  -1.5434785674493792E-041
   1.8025251577565976E-040
  -4.9012000966063199E-037
   4.8162681177510953E-030
   1.7659776085209092E-035
  -1.3749681989555360E-037
  -1.5492471857667955E-039
   4.3422761932622679E-042
   4.3151568144668091E-044
   1.7417447398434778E-047
  -6.0619711666228448E-052
   7.7424446637703691E-054
   7.7996702229410270E-057
  -8.3990289554275193E-059
  -1.0319605037475010E-063
   1.9295756192579969E-065
   7.4126472558543137E-069
  -1.1758842030671982E-070
  -2.1531487971604980E-076
   1.8563777139775452E-078
   1.4251080400438684E-081
  -7.6505076730642588E-084
  -3.7063906427222197E-087
   1.5607960892323442E-091
   4.7181920585109600E-095
  -4.4053149582985379E-097
    0.000000000000000     
    0.000000000000000     
    0.000000000000000     
    0.000000000000000     
    0.000000000000000     
    0.000000000000000     
    0.000000000000000     
    0.000000000000000     
    0.000000000000000     
    0.000000000000000     
    0.000000000000000     
    0.000000000000000     
    0.000000000000000     
    0.000000000000000     
    0.000000000000000     
    0.000000000000000     
   2.0909575507660781E-002
   1.4609562036867616E-002
   3.3565334655891849E-003
   3.1374813066186005E-004
   1.2698131901247013E-005
   1.5807285823276042E-007
  -2.3693524122915931E-009
  -4.6126040559115411E-011
   2.3833302044683494E-013
   6.7751756606159037E-015
  -1.7175367158705599E-017
  -2.0622825002256441E-018
   2.1121921804368670E-022
   7.3900505461229978E-023
   5.3093848150073141E-028
  -1.8904808506890106E-027
   1.3777934355251754E-027
  -7.1220673544865993E-024
  -4.9092349690240527E-027
   6.4528327650101039E-028
   1.4360734093286416E-030
  -2.0057193355259529E-035
   2.0550635895619397E-034
  -1.0314526528760768E-027
   4.6695280818510038E-024
   2.7100607601777607E-027
  -3.1509925128687532E-028
  -1.3021364551381130E-033
   5.4384813888240388E-036
   5.1983382309171776E-038
  -7.1587661909307617E-041
  -8.6036874757700449E-043
  -1.5246541794916434E-045
   1.3494586948638672E-050
  -1.7185484124985624E-052
  -1.2920642366644913E-055
   1.4306521846450674E-057
   1.1778848058514521E-062
  -1.8363946160632051E-064
  -6.7672027906590818E-068
   9.1739289455042849E-070
   2.3824260916965468E-075
  -1.5791937054625439E-077
  -1.3757384632633944E-080
   5.5322785210548502E-083
   3.3544479325829248E-086
  -1.1443297297833464E-090
  -3.3390982413650036E-094
   2.8393189208243678E-096
    0.000000000000000     
    0.000000000000000     
    0.000000000000000     
    0.000000000000000     
    0.000000000000000     
    0.000000000000000     
    0.000000000000000     
    0.000000000000000     
    0.000000000000000     
    0.000000000000000     
    0.000000000000000     
    0.000000000000000     
    0.000000000000000     
    0.000000000000000     
   2.4133034564391677E-002
   1.6219353861531630E-002
   3.5507495013931672E-003
   3.1648596569061030E-004
   1.2196373394211572E-005
   1.4094488556524994E-007
  -2.3014027473947735E-009
  -4.1938892781644681E-011
   2.3531339171555395E-013
   6.1872498137694233E-015
  -1.5706095127359231E-017
  -8.3623822963959675E-019
   3.8545122911965304E-022
   2.8202690452652341E-023
  -1.8707320840342143E-023
  -7.8978384825379861E-026
   8.4148349709930876E-022
  -4.3910756736681367E-018
  -3.3424575085868193E-021
   4.2673892382250832E-022
   1.5451244963354679E-024
  -1.7842430960096996E-026
   6.1983105745575048E-026
  -6.1066270006397202E-022
   2.7393872649247121E-018
   1.6632516419037982E-021
  -1.8081358902198380E-022
  -1.0348472431160567E-025
   5.4716910713299131E-027
   2.8596740816904830E-032
  -5.7654436640200016E-035
  -6.7856036447677699E-037
  -9.1718200727499985E-040
   7.2319229989422681E-042
   4.4618073994241103E-044
  -1.6306529474255888E-049
   2.0048002202798321E-051
   1.2034017816455302E-054
  -1.3013530845084579E-056
  -8.2174554679874731E-062
   1.0893698797261826E-063
   3.8859444909107788E-067
  -4.5657628681916921E-069
  -1.7532609915360769E-074
   8.9773197803343921E-077
   8.9377718434747090E-080
  -2.7168586861255925E-082
  -2.0269074006758003E-085
   5.9398036910444184E-090
   1.6803957752172442E-093
  -1.3112580340604113E-095
    0.000000000000000     
    0.000000000000000     
    0.000000000000000     
    0.000000000000000     
    0.000000000000000     
    0.000000000000000     
    0.000000000000000     
    0.000000000000000     
    0.000000000000000     
    0.000000000000000     
    0.000000000000000     
    0.000000000000000     
   2.7787225737290637E-002
   1.7868342437702814E-002
   3.7063251972285945E-003
   3.1323079535676499E-004
   1.1422020058980207E-005
   1.2083295663974427E-007
  -2.1815936831399288E-009
  -3.6893101124408114E-011
   2.2683114510930191E-013
   5.4695627135619136E-015
  -1.8742966212378958E-017
   4.9956386522048167E-019
   9.7235677405018880E-022
   1.8598199919623148E-021
  -1.0699052613227777E-017
  -1.4820070373989876E-020
   1.9766146169788317E-016
  -2.9186940848783552E-013
  -1.1087689327008606E-015
   1.3254656562414091E-016
   7.6818049493838683E-019
  -5.4626447449362142E-021
   1.2150973387117668E-020
  -1.5849997636441941E-016
   8.9772223103338547E-014
   4.8054153939560597E-016
  -4.2585479444627088E-017
  -2.8623873024217655E-020
   1.2226302248814897E-021
   7.5905349760847676E-025
  -2.0148457175479108E-026
   9.5895470568727902E-030
  -8.3412113444507803E-034
   2.8687469446379190E-036
   3.6384486797526616E-038
  -1.6291833738896607E-041
  -5.4855647880579249E-043
   1.0109423149802421E-048
  -1.1567921062942608E-050
  -5.8720067742430678E-054
   5.9306265121964836E-056
   3.4096351932214377E-061
  -3.8849087947820029E-063
  -1.3551221306496123E-066
   1.3885325317940436E-068
   8.3339986852449038E-074
  -3.3064878725736670E-076
  -3.7808940529740632E-079
   8.7535188187531046E-082
   7.9305532113358268E-085
  -2.1309921958932768E-089
  -5.8693222120442573E-093
   4.2261001311056214E-095
    0.000000000000000     
    0.000000000000000     
    0.000000000000000     
    0.000000000000000     
    0.000000000000000     
    0.000000000000000     
    0.000000000000000     
    0.000000000000000     
    0.000000000000000     
    0.000000000000000     
   3.1882331920394739E-002
   1.9503228916346288E-002
   3.8101030455291833E-003
   3.0347645571818601E-004
   1.0400010964392102E-005
   9.8939975470871068E-008
  -2.0125797880625472E-009
  -3.1276210907386226E-011
   2.1281780919441199E-013
   4.6598307383675917E-015
  -1.5589278578108794E-017
  -8.5409362082619413E-019
  -1.4850882778368283E-020
   4.1895216893673278E-016
  -6.3946935359263546E-013
   5.0188850907328509E-015
  -6.6366894253929392E-012
  -8.0779420952219553E-011
  -5.6810419295940501E-012
   1.8586605809601111E-014
   2.7464487266922294E-015
   5.1133332529464216E-018
  -3.2537559029166994E-015
   1.3441176788289811E-012
   2.3175058936252281E-011
   3.2410170120652016E-012
   1.8799481992596472E-013
  -3.3460260896424987E-016
  -1.0219673446186423E-016
  -1.7642498805337751E-020
   3.1142090965531198E-021
   7.8528320652959399E-024
  -5.4340978849591492E-026
  -2.5026503419059376E-028
   1.6446199776838958E-032
   3.0404514095892985E-036
  -3.0583297134413803E-037
  -6.3991508964562996E-041
   2.8320428798711416E-042
  -2.6875058022347412E-048
   2.6579103820897080E-050
   1.2197701505993737E-053
  -1.0483546216900402E-055
  -7.7718563948297377E-061
   7.5776289183497129E-063
   2.6230817909423471E-066
  -2.3204121689504488E-068
  -2.4176557901425335E-073
   7.4251638182157226E-076
   9.7939898549484479E-079
  -1.7328264789636184E-081
  -1.8875615760276721E-084
   5.0721783963379382E-089
   1.3657937719681997E-092
  -9.0982208649974222E-095
    0.000000000000000     
    0.000000000000000     
    0.000000000000000     
    0.000000000000000     
    0.000000000000000     
    0.000000000000000     
    0.000000000000000     
    0.000000000000000     
   3.6395197843767213E-002
   2.1051201753216862E-002
   3.8493097597908461E-003
   2.8714175029872011E-004
   9.1793544974724853E-006
   7.6713149725286828E-008
  -1.8016716183282945E-009
  -2.5443011917711347E-011
   1.9375906362196623E-013
   3.8284110615759619E-015
  -1.4727259323716893E-017
  -6.2445638175510016E-018
   1.1684214752396953E-014
  -1.2077351095231516E-011
  -1.5528255855847380E-010
  -5.9964819117956810E-011
  -1.3484312993034230E-009
  -8.2051776350903681E-009
  -1.0714320237342465E-009
  -3.3849535142995418E-011
   4.1687193408838553E-013
  -3.5399424230452043E-015
   7.1352617310698754E-012
   2.5132943403740301E-010
   2.2176831456613582E-009
   6.6578657353663351E-010
   7.3656966289417740E-011
   5.3534406640758742E-012
  -1.4519986563383204E-014
  -2.0572912202051387E-015
  -7.3407767716669118E-019
   3.0626404074159801E-018
   6.0074120379050252E-022
  -8.1509954500488843E-023
  -1.8625504335771022E-026
   1.3146695453375946E-027
  -6.0019575255106955E-032
  -2.7169866256637518E-035
   7.3541148209519366E-037
   2.2436019012209002E-040
  -4.9033075424001496E-042
   9.1022593755587723E-049
   2.2496509973290929E-051
  -1.1238348920647780E-054
  -3.8044511355926786E-056
   7.5326401118549916E-061
  -5.8201925340197058E-063
  -2.1028863778520952E-066
   1.4482493315206847E-068
   3.7883393225710158E-073
  -8.8675200837903748E-076
  -1.3587029340272866E-078
   1.8156982783048211E-081
   2.3620681320026069E-084
  -7.4333718306770793E-089
  -1.9667457815841830E-092
   1.2081656831155084E-094
    0.000000000000000     
    0.000000000000000     
    0.000000000000000     
    0.000000000000000     
    0.000000000000000     
    0.000000000000000     
   4.1246869249865759E-002
   2.2418159782997313E-002
   3.8130236723460027E-003
   2.6467080582795119E-004
   7.8302097110258864E-006
   5.5652891998006919E-008
  -1.5606189659547471E-009
  -1.9770354870298146E-011
   1.7068370650320237E-013
   3.0118126480673687E-015
  -6.0525096944637635E-017
   8.5366247056291897E-014
  -7.7628567122160153E-011
  -2.1637781941174058E-009
  -1.3882642688966947E-008
  -8.5438120234132793E-009
  -9.2564462896654866E-008
  -3.8026046624867843E-007
  -6.6440134704498360E-008
  -4.0826986342988811E-009
  -6.4495565370124152E-011
   1.7318675584105155E-011
   8.5774928420544347E-010
   1.5289345156694183E-008
   9.8397061324815311E-008
   4.9612457608125900E-008
   8.0120438284362129E-009
   1.0875101974530267E-009
   4.2206874044944846E-011
  -2.5913447989990295E-013
  -1.3030168534385684E-014
   2.2856088953608816E-017
   4.3626152386978728E-018
   1.0263198910455440E-023
  -1.0819313415348849E-022
  -5.0350773496958275E-027
   1.6039991777471432E-027
  -3.0157227896332294E-031
  -7.9028455853270317E-035
   3.4766791363924137E-036
   2.3160831016790655E-040
  -2.1836522360608351E-041
   7.9157386992027097E-045
   4.3673731250413239E-048
  -5.4994156007594021E-050
  -1.7911839699282810E-053
   2.0198913853006870E-055
   1.3435437896139823E-061
  -2.5702574654260002E-063
  -6.0818557490596014E-067
   8.6179080573886503E-069
  -2.1024688628440848E-073
   3.2389414748454069E-076
   6.0169337350925627E-079
  -5.1180269854962555E-082
  -8.0099721879937648E-085
   5.6355943667283769E-089
   1.4796575307564381E-092
  -8.1665374375413574E-095
    0.000000000000000     
    0.000000000000000     
    0.000000000000000     
    0.000000000000000     
   4.6271226344361059E-002
   2.3489024092600477E-002
   3.6938802368856822E-003
   2.3707045092911887E-004
   6.4365127269224815E-006
   3.7084306099961946E-008
  -1.3045028423605874E-009
  -1.4601895475797554E-011
   1.4503218648780900E-013
   2.1147296426264004E-015
   2.5542318525311216E-013
  -2.1854562682091886E-010
  -9.8689948152675577E-009
  -1.3182752307276802E-007
  -5.6083793291553848E-007
  -3.6833008894362373E-007
  -2.5385596880079964E-006
  -8.3089202667024984E-006
  -1.4278379481681741E-006
  -1.1576121299522181E-007
  -4.1537451144550980E-009
   8.7724914136624040E-010
   2.5083941955789575E-008
   3.3674294676068252E-007
   2.1040065452281979E-006
   1.6503846004382480E-006
   3.4094648184586641E-007
   7.3135632751556521E-008
   5.7804828621846562E-009
   1.2554146026136659E-010
  -1.2837380446070819E-012
  -3.3984254482582265E-014
   1.2809033098918261E-016
   6.0431686119788289E-018
  -2.7221125798313818E-021
  -1.3936963176468649E-022
   4.5960035686769774E-026
   1.8830004518470616E-027
  -8.3740079958739224E-031
   1.0936704610938156E-034
   9.1596756050726571E-036
  -3.1355822875443907E-039
  -5.4316207529873738E-041
   4.9972915677294519E-044
   7.6240209405408158E-048
  -3.3815300974959049E-049
   5.0873593485006176E-053
   1.2448329995307028E-054
  -9.6774502473062175E-058
  -5.1898353915942676E-061
   4.5717867830032490E-063
   1.3935171839590096E-066
  -1.1353589364805558E-068
  -1.2851222746994200E-073
   2.7876115949058797E-076
   5.2352352489691984E-079
  -5.8493618104670348E-082
  -1.0430859910193657E-084
  -7.8047620055638008E-090
  -2.2730645294143418E-093
    0.000000000000000     
    0.000000000000000     
    0.000000000000000     
   5.1174961153640008E-002
   2.4131365006597336E-002
   3.4897382134248906E-003
   2.0585513767358170E-004
   5.0849117510846959E-006
   2.1945998041744241E-008
  -1.0497866262233171E-009
  -1.0196088882535676E-011
   1.1840118046612629E-013
   3.5432290503036365E-013
  -2.9362335815302051E-010
  -1.8999122904659569E-008
  -3.9416249708151812E-007
  -3.2742057550406878E-006
  -1.0414067399215465E-005
  -4.9439996182101164E-006
  -2.4199428754400917E-005
  -8.6848667352428384E-005
  -1.8093058940518750E-006
   5.4392164927479446E-008
   2.8045990287995037E-009
   4.5093579881951486E-011
   2.1922986846359747E-008
   1.1651956303593020E-006
   2.1050241301079470E-005
   2.5283436988405546E-005
   5.6432886675396594E-006
   2.0325202424038534E-006
   2.5083518944828626E-007
   1.2134140991947640E-008
   1.5846038036606428E-010
  -2.4728889345351845E-012
  -4.0711700871350437E-014
   2.3575975818053625E-016
   4.7108888656597713E-018
  -5.6403976307037329E-021
  -1.0054794812863601E-022
   9.7451888177734835E-026
   1.2155099647395488E-027
  -1.1549423192912282E-030
   5.8270594832542610E-034
   1.2036677619597260E-035
  -8.7263454450163559E-039
  -6.6557061317529551E-041
   9.8284413387598127E-044
  -3.0211238437131694E-047
  -6.4027265544547368E-049
   4.6935969733923012E-052
   2.2245332212142287E-054
  -4.2341557025194715E-057
   1.3126509082478433E-062
   2.1294309080863845E-062
  -7.0848018304654829E-066
  -6.8830160641723244E-068
   5.7489348899661002E-071
   1.3672656298429033E-073
  -1.9664043627058925E-076
  -4.4373004405098981E-079
   3.5067704627910591E-082
   7.3659576536989375E-085
   2.7246658782746117E-092
   2.7246658782746117E-092
    0.000000000000000     
   5.5493989966452550E-002
   2.4203564075431380E-002
   3.2048905257992940E-003
   1.7288619493522622E-004
   3.8521376854091925E-006
   1.0656540227718230E-008
  -8.1187056106056448E-010
  -6.6914321824803618E-012
   3.2787008377953931E-013
  -1.9324020937604172E-010
  -1.6930869927130241E-008
  -4.8201861196325292E-007
  -5.7510272262861768E-006
  -3.0921772294600081E-005
  -8.8290320505187437E-005
  -7.4771996821645415E-007
   5.7631368376030515E-006
   2.0239365718085519E-005
   1.8012064506642173E-006
   3.6823230849393779E-008
  -1.4202959246484258E-009
  -3.0198000982045752E-010
  -2.9392282133907161E-008
  -1.3159182884513269E-006
  -2.2671094403566446E-005
  -4.8266089339085858E-006
   2.1036118454496351E-005
   2.4338899559491952E-005
   4.0781477754939449E-006
   3.3372198173955700E-007
   1.1311497427030354E-008
   8.6233669622984565E-011
  -2.1480706843622311E-012
  -2.3021750688592102E-014
   1.9180420101640385E-016
   2.5381050819261997E-018
  -4.4469755356950079E-021
  -5.1412258878331031E-023
   7.2027632331433649E-026
   5.8185815222300970E-028
  -7.2827097868249174E-031
   6.8590275150737825E-034
   7.1920452544156842E-036
  -8.5964343431523483E-039
  -3.6067449233861945E-041
   8.1782470476204131E-044
  -5.6342504653900788E-047
  -5.0560520065705950E-049
   6.2313370637235783E-052
   1.5247622802125192E-054
  -4.7804093649089983E-057
   2.4668089176654634E-060
   2.2424928333068823E-062
  -2.3626512994021479E-065
  -5.9898350402029054E-068
   1.4230996932537927E-070
   2.9397825647739062E-074
  -5.1158522170802427E-076
   1.7296485710486819E-079
   1.1071493720076613E-081
   8.1284362903173498E-087
   8.1284362903173498E-087
    0.000000000000000     
   5.8561198966969909E-002
   2.3568325244180073E-002
   2.8503365253147003E-003
   1.4012018991185703E-004
   2.7938828500865878E-006
   3.1007394936231286E-009
  -6.0273729144255734E-010
  -4.0254721446919875E-012
  -5.9292545201498430E-011
  -7.0550896606324784E-009
  -2.7051978640006772E-007
  -4.2757210154577104E-006
  -2.7665616496860350E-005
  -6.5566143569085198E-005
   1.9380195093584782E-005
   1.6266181977037358E-006
   1.2171564867504449E-007
   6.4183984726745580E-007
   4.4941441910701003E-008
   3.0721775163812998E-010
  -5.0940178267162503E-011
  -2.0242451309703619E-012
  -4.1683986200832931E-010
  -3.1914993498868630E-008
  -7.6068295174475877E-007
  -1.2222763758809427E-006
  -2.2580486631579888E-005
   1.7032152217228455E-005
   2.0159394812595009E-005
   3.2674452084917877E-006
   2.0286358072940807E-007
   4.8372059564557882E-009
   1.4192154049224043E-011
  -8.5847235105080950E-013
  -5.4642455212113500E-015
   7.0739388736299363E-017
   3.3920318527573651E-018
  -1.1221686499977062E-021
  -7.1701183654459244E-023
   1.1646399478220307E-026
   9.2615244313623470E-028
  -2.1410010988497515E-031
   3.2823282739325773E-034
   1.9749572374046242E-036
  -3.6782321780357264E-039
  -8.2816127238892061E-042
   3.0964000452331132E-044
  -3.6637467991887014E-047
  -1.7996695697242638E-049
   3.4588709045706465E-052
   4.3421378510625792E-055
  -2.3798752413023685E-057
   2.0624946844261672E-060
   1.0427978920168527E-062
  -1.7027115689521479E-065
  -2.2125234234071590E-068
   9.6417351122924539E-071
  -3.3386095742566718E-074
  -3.4567648139971941E-076
   2.9634350753407150E-079
   1.1594636207454782E-083
   1.1594636207454782E-083
    0.000000000000000     
   5.9515452930772136E-002
   2.2111358107145922E-002
   2.4427162508578876E-003
   1.0931330854974294E-004
   1.9381953112347441E-006
  -1.2611208122201949E-009
  -4.2932743893399123E-010
  -8.8792450455691195E-012
  -1.1372358215651788E-009
  -6.3383729593491518E-008
  -1.5041035949450366E-006
  -1.5577074001316603E-005
  -6.8620926208756789E-005
   2.0059543303506709E-005
   2.2574571328621308E-006
   6.0559567859851043E-008
  -6.2711693369007647E-010
   8.5953058985435054E-009
   4.4129381257912014E-010
  -3.9927818300791674E-012
  -5.9545805986340336E-013
   3.0905151066573128E-015
  -1.6102625949566674E-012
  -2.8443252755851006E-010
  -1.1025652456687856E-008
  -4.8229261447296555E-008
  -1.8664680499785931E-006
  -2.3212054607233632E-005
   1.8667077501423528E-005
   1.5860490499008649E-005
   1.3493316461864213E-006
   5.1093423559822735E-008
   7.3378226022407429E-010
  -2.0508909499781727E-012
  -1.2576118668206541E-013
  -2.7417256156848248E-016
   6.5737264338790148E-018
   3.5766776815419035E-018
   3.7620466696450327E-022
  -7.4243169386804257E-023
  -1.1153691995258383E-026
   9.6057940161725668E-028
  -4.5738379335261877E-032
   5.3200891695389729E-035
   4.2449538162693609E-037
  -5.7614392614021287E-040
  -1.8038696461237292E-042
   4.7442900040239280E-045
  -8.9595195186843315E-048
  -2.3297133764190851E-050
   7.5453376096750662E-053
   1.8064973125791864E-058
  -4.6498153232922388E-058
   9.3534627430363603E-061
   1.7129111276052563E-063
  -6.6507163164736787E-066
  -4.4399821590698583E-070
   3.5251919971725616E-071
  -3.5538170799532829E-074
  -1.2943604111006310E-076
  -2.4323217832461738E-081
  -2.4323217832461738E-081
    0.000000000000000     
   5.7395212566222320E-002
   1.9763372781107496E-002
   2.0017981039794691E-003
   8.1751229320573433E-005
   1.2850840282397502E-006
  -3.2017333455793240E-009
  -2.9312045541926645E-010
  -2.2706422663080863E-011
  -3.0246851947312950E-009
  -1.3479582612309704E-007
  -2.3809252922036561E-006
  -1.4955988919527371E-005
  -6.8435945289406162E-006
   9.8588347790162215E-007
   6.7278183264591140E-008
   3.6905620878151554E-010
  -6.6247276201480125E-011
   5.8097772778243352E-011
   2.1244759167726951E-012
  -5.8808739280195856E-014
  -3.0915026747836432E-015
   4.7151987085408795E-017
   7.4283837253352812E-016
  -1.0630744831683803E-012
  -7.9556482131720893E-011
  -6.3308080575441107E-010
  -4.9254505072444476E-008
  -1.1691375886414167E-006
  -1.6911875580417896E-006
   2.9839932764265703E-006
   1.5056451730274770E-006
   9.6221245020471172E-008
   2.0091432362752896E-009
   1.0044711928895150E-012
  -3.6802305158890175E-013
  -1.6336479984184686E-015
   3.2493443234522836E-017
  -1.2654792329612797E-018
  -9.1078878543941905E-022
   2.6819558144385053E-023
   1.5411943650217660E-026
  -3.6063295807724482E-028
  -5.9287301888867582E-032
   1.5173383850956757E-034
   4.9647729588365124E-037
  -1.5805610279965110E-039
  -1.4762824398562293E-042
   1.2183786886026176E-044
  -1.6139933078197746E-047
  -7.1320775473218458E-050
   1.4793453129737757E-052
   1.9407534683457846E-055
  -1.0137850670357944E-057
   5.0085736592792556E-061
   4.7278926206132183E-063
  -4.6649797604949743E-066
  -1.3345882861577994E-068
   2.7293493865117356E-071
   1.6988804586884473E-074
  -9.2918679255550888E-077
  -1.3318509834832640E-081
  -1.3318509834832640E-081
    0.000000000000000     
   5.1351850454416245E-002
   1.6521330842675173E-002
   1.5468874243873333E-003
   5.8072939097353872E-005
   8.1187994081949642E-007
  -3.5205399674855587E-009
  -1.9327072445064265E-010
  -4.6634298935727802E-010
  -3.0571167368022018E-008
  -8.8371041089201460E-007
  -1.1638788027805490E-005
  -6.7984432633956944E-005
   2.3855904172172492E-005
   1.3868323532260411E-006
   1.3472731953293030E-009
  -1.4830186052940921E-009
  -2.0047648272874991E-011
   1.1386863361246185E-012
   2.5181949841102457E-014
  -6.9097233325309350E-016
  -2.0919812557740008E-017
   2.3961940790662338E-019
   6.6774643202490060E-018
  -7.0512699771901474E-016
  -1.9264867942936564E-013
  -3.6114555518935600E-011
  -1.0001735176314336E-008
  -8.1317500652118040E-007
  -2.4700299729590991E-005
   1.9720247473315265E-005
   1.3016220593012963E-005
   8.4795845510369794E-007
   2.5177699038226755E-008
   2.7632964579360554E-010
  -1.5741608116374714E-012
  -4.8453397899714932E-014
  -3.5471589612935570E-017
   2.5377830466263494E-018
  -9.9462756690335772E-022
  -4.5955889254580521E-023
   7.5791612275011471E-026
   4.5234285737073540E-028
  -2.3378956607064858E-030
   2.3234583552897042E-034
   3.1532808972197550E-035
  -2.3308403750369655E-038
  -3.1302179140150816E-040
   4.3920545909343481E-043
   2.1222821541239206E-045
  -4.5296238864753733E-048
  -9.2496363668116491E-051
   3.6784988958081276E-053
  -1.7717214223422014E-056
  -2.1542143607823314E-058
   5.8237289812359792E-061
   6.8677807923387880E-064
  -4.0153977448919082E-066
   1.0620771040115993E-069
   2.0979089720862219E-071
  -2.5769918753142308E-074
  -1.2341629226399586E-078
  -1.2341629226399586E-078
    0.000000000000000     
   4.0962908652420346E-002
   1.2463058088375088E-002
   1.0930435301990957E-003
   3.8227534737271429E-005
   4.8188008814767064E-007
  -2.8867778310450243E-009
  -1.1552391278822534E-010
   1.0812176934753411E-010
   4.0733447796378377E-009
   1.7483953008359743E-008
  -1.2231325756186577E-006
  -1.3322625568056763E-005
   1.1240707714498354E-006
   5.9462396285149209E-008
  -4.3275707891540903E-010
  -6.4907144917070877E-011
  -3.0734710943482453E-013
   4.3677107438889265E-014
   4.8593856134483994E-016
  -2.2385210318911835E-017
  -1.3974518789665761E-019
   7.3785362386629344E-021
   5.2637715884760343E-021
  -5.7901099355638023E-018
   1.9284561614963690E-015
   7.1620697902450977E-014
  -2.0333119135122516E-010
  -3.1386116247103398E-008
  -1.3338794726670492E-006
  -1.1793854514444217E-007
   3.1624885536188272E-007
  -3.9169422540553994E-008
  -3.7780400232936727E-009
  -8.7641563466785152E-011
  -2.1890742209448796E-013
   1.2149742129936006E-014
   7.1838349482549192E-017
  -1.7921861348954612E-018
  -1.4936795938720871E-021
   3.6047565954711570E-023
   1.4223632670634386E-026
  -4.4705985729497100E-028
   2.2485573218162485E-031
   3.0470309581682424E-034
  -2.5337961198581457E-036
   1.6846828805777829E-039
   1.9019154845886754E-041
  -6.9535700328337110E-044
  -7.1197824046853916E-047
   7.7925072168267305E-049
   5.4341209127184196E-053
  -6.7050265768373692E-054
   3.5208768582065655E-057
   4.2307923809368365E-059
  -4.0550751540763531E-062
  -1.8105245242839437E-064
   3.2569582872123079E-067
   3.7068191652554092E-070
  -1.7904238325584841E-072
   6.8126750770127378E-076
   4.9187062698138657E-080
   4.9187062698138657E-080
    0.000000000000000     
   2.6533181308021361E-002
   7.7495345286056824E-003
   6.4830797869164074E-004
   2.1556697722041816E-005
   2.5291467251969332E-007
  -1.7657241108626177E-009
  -6.0877485079409729E-011
   7.4624675637684986E-011
   4.6130627255952899E-009
   1.1164409917685453E-007
   9.6644811724323581E-007
   1.6664467926544521E-006
   9.5458908145337571E-008
   5.8333240874636185E-010
  -7.8034010007765936E-011
  -1.7970050578568717E-012
   2.9519234863883725E-014
   1.4734046615156217E-015
  -1.0001772531428712E-018
  -9.8770251822414877E-019
   1.0519362081206310E-021
   3.3874525473856027E-022
   1.9745139663239447E-022
  -3.2237560279362192E-019
   2.8512418801730234E-017
   1.2661007589802245E-014
  -4.3925953948013260E-012
  -1.2361547958293005E-009
  -8.1300393766207108E-008
  -8.1729564579066118E-007
  -1.0429565140305478E-006
  -1.0138032769247119E-007
  -3.7878261730348366E-009
  -4.8971582300761134E-011
   1.9114257680586887E-013
   7.8503545815237576E-015
   1.0366056767296689E-017
  -1.8573462772179237E-019
  -4.1251966398295043E-023
   2.8305545889668822E-024
  -5.2070541792391729E-027
  -1.6828072236680622E-029
   1.8734820436344531E-031
   9.5985302965808829E-035
  -1.9282360434620977E-036
   1.0138251743881441E-039
   1.1781037648610527E-041
  -2.7714020298112239E-044
  -1.2888917280965040E-047
   2.2215113578228294E-049
  -2.3451567634546851E-052
  -1.2925847975458511E-054
   3.8318032882998607E-057
   5.1347874780982964E-060
  -3.0757571717403083E-062
  -1.5006635497960836E-065
   1.9295880518488093E-067
  -2.4655787220505122E-072
  -9.1079796616139829E-073
   2.9078159194369279E-076
   2.0352501192612953E-080
   2.0352501192612953E-080
    0.000000000000000     
   9.2160079571655708E-003
   2.6125973528680472E-003
   2.1300621404116108E-004
   6.9566240789348829E-006
   8.3104089733483978E-008
  -4.2582536616282228E-010
  -1.7387609343155060E-011
   2.3635409953246212E-011
   1.5327839039696740E-009
   4.0361606374078464E-008
   4.1491948945201708E-007
   1.2705135967195942E-006
   2.6888039227655005E-008
  -3.2328855501286674E-010
  -1.4896732270914380E-011
  -6.3049356078803136E-014
  -7.4726988700792181E-016
  -6.6988925831501638E-018
   6.3455125122820866E-018
   3.7348448964115555E-020
  -2.3970013889216335E-021
  -2.4926235088378851E-023
   4.5291056350743941E-024
  -9.1394000542606265E-021
   1.4431216354095587E-017
   2.1208012105421686E-015
  -1.3694041905147155E-012
  -3.0459221912382403E-010
  -1.9370599993513607E-008
  -2.9413295241003718E-007
  -3.9833325138051783E-007
  -3.5630926924852497E-008
  -1.2441272894559046E-009
  -1.5513281177738250E-011
   4.8470615932864204E-014
   2.2334264596517423E-015
   3.1124373393862413E-018
  -5.3729962143617852E-020
   1.3967594556523449E-023
   8.5743800936338737E-025
  -2.6474826427537655E-027
  -6.6664592152092303E-030
   7.9717276019967154E-032
   5.7930666238708328E-035
  -8.3232884619013515E-037
  -6.4848452799486794E-041
   5.2766651615471482E-042
  -5.0668536311664653E-045
  -9.9405301730341204E-048
   4.4451954839252572E-050
   1.9795106105271179E-053
  -3.0607883513209030E-055
   1.7887817647783912E-058
   1.6850710249733036E-060
  -1.3349189994065201E-063
  -8.6670246497478068E-066
   5.8845064281602981E-069
   4.7153795525260341E-071
  -1.9415886356380596E-075
  -2.8901160709020132E-076
  -1.2390389906249254E-080
  -1.2390389906249254E-080
    0.000000000000000     
  -9.1540635948124238E-003
  -2.6692253967474100E-003
  -2.1847145902449938E-004
  -6.9360696505807387E-006
  -6.7247564025271467E-008
   9.9852575719754662E-010
   2.3021946726937134E-011
  -2.2827490488370825E-011
  -1.4998958127630534E-009
  -3.9808356614223549E-008
  -4.1077041593442577E-007
  -1.2542076592701681E-006
  -3.2270610507595399E-008
   4.6010028789108581E-010
   4.3654038252977109E-011
   4.3961170325534068E-013
  -3.2859034087619092E-014
  -7.7850095343582604E-016
   1.8171454722802621E-017
   5.8393755242671587E-019
  -8.3080724611498782E-021
  -1.4497764235622483E-022
  -2.0637509300915957E-022
   3.2090247640929653E-019
  -2.0269246041949081E-018
  -3.4361261035098358E-015
   4.9416201294974476E-013
   2.1201403455037673E-010
   1.6580823176295066E-008
   2.9483097976926924E-007
   3.9971011925654164E-007
   3.5968195493786467E-008
   1.2304984198201337E-009
   1.3167349260610560E-011
  -1.2397406417126700E-013
  -2.8875995816872026E-015
   5.4345464415140846E-018
  -1.5354424214221526E-018
  -5.1268229413235737E-022
   3.2306107573384719E-023
   1.4342999924531687E-026
  -4.2797908376817733E-028
  -1.4808950718488189E-031
  -8.7234875088393989E-036
   1.4954604339693027E-036
  -8.7697847494919144E-040
  -8.1677859975690915E-042
   1.7019002652316913E-044
  -1.0486576762971143E-047
  -1.3037264464880170E-049
   3.0560976466773094E-052
   6.8528729792457424E-055
  -3.7616379718459916E-057
  -1.9958867425005114E-060
   3.0617919596896139E-062
  -3.9422375089226151E-067
  -1.9865051867607641E-067
   8.4453743494095627E-071
   9.9661072394621066E-073
  -8.0931435789970167E-076
  -4.3353548600612378E-080
  -4.3353548600612378E-080
    0.000000000000000     
  -2.6475519588653310E-002
  -7.8016904846027564E-003
  -6.5392289523088154E-004
  -2.1567157124958652E-005
  -2.3685685478614752E-007
   2.4162825762675387E-009
   6.8417142283884056E-011
  -7.3687639875702233E-011
  -4.5783510117308454E-009
  -1.1110982030107009E-007
  -9.6310029062789275E-007
  -1.6658656545386710E-006
  -1.8605449817786481E-007
  -2.4380327151559801E-009
   1.6543026980862714E-010
   4.3130688122440470E-012
  -8.2712178881993225E-014
  -3.6023933339029121E-015
   2.8637596023727689E-017
   1.4046522796560969E-018
  -1.6544725148568685E-020
  -3.5825233717256957E-022
  -1.8411516886220398E-022
   3.0996349380583682E-019
  -1.2248110673396710E-017
  -1.4991838722478804E-014
   3.2940398146708667E-012
   1.1347880448524097E-009
   7.7770358928246786E-008
   7.2233966258607346E-007
   9.5795112988075210E-007
   9.9212509147237549E-008
   3.7688281003647225E-009
   4.7032004308306019E-011
  -2.7393005687902633E-013
  -8.7531725252451525E-015
  -1.0974754622212973E-017
   3.3329747470428577E-018
   5.3148752449631422E-022
  -6.8012992534745627E-023
  -7.3989410043980281E-027
   8.5459318019832949E-028
  -2.0232310001943557E-031
   9.2523328402704665E-035
   2.1118983506508709E-036
  -4.7532429903170021E-039
  -1.3502044039451317E-041
   8.3243185369009869E-044
   2.5367246806228550E-047
  -8.4603308223085982E-049
   2.1609237015400124E-052
   6.7163771469782502E-054
  -4.7879358702511129E-057
  -4.0017554697972712E-059
   4.6375249920602384E-062
   1.6583582738838475E-064
  -3.4624465866458271E-067
  -2.6306673777425342E-070
   1.8813466669768485E-072
  -1.3621915199662956E-075
  -7.5123171919345712E-080
  -7.5123171919345712E-080
    0.000000000000000     
  -4.0912967433974254E-002
  -1.2507215197166955E-002
  -1.0988567327727670E-003
  -3.8295596060692217E-005
  -4.6576835749986801E-007
   3.6811357862154291E-009
   1.2700519555723821E-010
  -1.0722285230434899E-010
  -4.0486442176916367E-009
  -1.7292139987903329E-008
   1.2189343057068875E-006
   1.3147319177967247E-005
  -4.9827288001856739E-006
  -1.5506922882144165E-007
   2.6866218213020578E-009
   1.6311609091402044E-010
  -2.5959983808823445E-013
  -1.0602595037578508E-013
  -6.0961630804510832E-016
   5.2857571248246982E-017
   1.6147321441232815E-019
  -1.6901413851383718E-020
  -5.7427848698643885E-021
   6.5712010316670134E-018
  -1.8413081297213135E-015
  -1.5046851652022068E-013
   1.9161493056330880E-010
   3.0765716469938936E-008
   1.2887962975939980E-006
  -3.4594490908608754E-006
  -1.3995044700245718E-006
   4.1933618081377791E-009
   3.3289673991005605E-009
   8.7232862647880416E-011
   2.1121951378426621E-013
  -1.3193706700281097E-014
  -7.4947470009962625E-017
   3.2628117150409904E-019
   1.4084463983411372E-021
  -5.3859163570352863E-024
  -1.4659989934901474E-026
   4.1462042586812984E-029
  -1.6459903595471346E-032
  -1.3633263051229483E-034
  -2.3490718123284254E-036
  -5.4312642588181091E-039
   5.6973824250655140E-041
   1.1886608183904353E-043
  -7.2796267971794608E-046
  -1.1516427036515346E-048
   5.2051015435216355E-051
   8.2973493479327680E-054
  -2.3636941932405676E-056
  -4.3650771854589176E-059
   6.3245052052862937E-062
   1.8011710323449285E-064
  -4.8271372036904737E-067
  -2.9491205955676434E-070
   2.6174246441934292E-072
  -1.4464035991300608E-075
  -9.1204042192178717E-080
  -9.1204042192178717E-080
    0.000000000000000     
  -5.1311696519188876E-002
  -1.6555498854531711E-002
  -1.5527992141794191E-003
  -5.8216448119627485E-005
  -7.9638770149660491E-007
   4.5010290011437660E-009
   2.1080492990462884E-010
   4.6402717984662707E-010
   3.0510992836296122E-008
   8.8385331790327983E-007
   1.1691305903843540E-005
   6.9496628393428032E-005
  -8.6766224571991729E-005
  -1.6782357019617726E-006
   5.0476094059378788E-008
   1.9386304188710045E-009
  -1.1119350988804608E-011
  -2.3571960259802686E-012
  -2.5502628925701418E-014
   1.8641479744714909E-015
   3.5106955345609945E-017
  -1.1195067674669916E-018
  -8.0674748150525017E-018
   7.3985019725558293E-016
   1.7487574390411517E-013
   3.1124481301916335E-011
   9.6248050303117135E-009
   8.0503489356619384E-007
   2.5078904158328095E-005
  -6.7502599570370557E-005
  -1.0882934898917141E-005
  -7.6598576495249022E-007
  -2.4172000133568913E-008
  -2.7497373794832805E-010
   1.6061701852540939E-012
   5.0559674166701402E-014
   3.9306995926602900E-017
  -2.5906640320882411E-018
   9.1506515035366513E-022
   4.6735324872206853E-023
  -7.2464011155856652E-026
  -4.4932183349561023E-028
   2.2109785109218929E-030
  -4.8453309191620526E-034
  -2.7667378508990753E-035
   2.9404625913149898E-038
   2.4563757425487469E-040
  -5.2721492968432813E-043
  -1.3608584164380123E-045
   5.3157974251155713E-048
   3.9582313728042778E-051
  -4.1618466436136760E-053
   4.1713160186557635E-056
   2.3268065731184436E-058
  -6.5410592231788083E-061
  -6.9918604862552869E-064
   4.5445813892049168E-066
  -1.6758837181933962E-069
  -2.3874793836039482E-071
   3.1358583162984596E-074
   1.4446043105656464E-078
   1.4446043105656464E-078
    0.000000000000000     
  -5.7365439650200648E-002
  -1.9787177282231849E-002
  -2.0075841708372590E-003
  -8.1975955179470689E-005
  -1.2713356273724482E-006
   4.3774221064191770E-009
   3.1886118843517984E-010
   2.2518109861601085E-011
   3.0111776478805681E-009
   1.3383654835813388E-007
   2.3354576835712312E-006
   1.3843983140689384E-005
  -6.9079715001985633E-006
  -4.1376279426921664E-006
  -1.9648358067553505E-007
  -9.2790750107154453E-011
   1.7661804551586380E-010
  -2.8852809798475021E-010
  -8.2607022454086522E-012
   2.7409579994859410E-013
   1.0881703115095680E-014
  -1.4933929938539544E-016
  -1.0454358118700323E-015
   1.0409308305855782E-012
   7.8575139124200245E-011
   6.1615234659128694E-010
   4.7442695809626446E-008
   1.0692516864924981E-006
  -1.4709765636426462E-006
  -1.6326754816234089E-005
  -2.4568878720993661E-006
  -1.3007577431556004E-007
  -2.5110993827229142E-009
  -1.6283270947291273E-014
   4.6088500147007798E-013
   1.9557485504507632E-015
  -3.6782309600958427E-017
  -3.3802529496680890E-020
   7.9284955890510495E-022
   5.8262290268945247E-026
  -1.1039603104769368E-026
   1.5088878113575314E-029
   6.1388610233035168E-032
  -2.0836643486035161E-034
  -4.8242577407816729E-037
   2.1840567752900055E-039
   9.2027425877033370E-043
  -1.6767304508936537E-044
   2.2456169616614719E-047
   9.7101515935967433E-050
  -2.0536996780120163E-052
  -2.4832723516101112E-055
   1.4056303680389540E-057
  -8.7196610748706994E-061
  -6.5262224938326375E-063
   7.3200144395022287E-066
   1.8390234911497985E-068
  -4.0688035571616498E-071
  -2.3572982409221798E-074
   1.3477149846156669E-076
   1.8798017550103382E-081
   1.8798017550103382E-081
    0.000000000000000     
  -5.9495451333320251E-002
  -2.2125698997099538E-002
  -2.4480979565529269E-003
  -1.0961187316355453E-004
  -1.9274822230887569E-006
   2.6033779852215535E-009
   4.6481875415795370E-010
   8.8569534972076512E-012
   1.1310438048970480E-009
   6.3214765570696371E-008
   1.5009227440078992E-006
   1.5537865115159384E-005
   6.8915723314555915E-005
  -7.6101888044842017E-005
  -5.1737594349037599E-006
  -9.5756057218308907E-008
  -6.1132236616849333E-010
  -4.1524745966843479E-008
  -1.5750895269555603E-009
   2.4955913493671584E-011
   1.9242882886419684E-012
  -6.5157614147182092E-015
   1.4979370805613426E-012
   2.7768346572214764E-010
   1.0804313322825425E-008
   4.8577873804920649E-008
   1.7714613300014243E-006
   2.1155255356747595E-005
  -6.9735201341183332E-005
  -1.5056044780542084E-005
  -1.3557992594057239E-006
  -5.2336407007101346E-008
  -7.3822552754067922E-010
   2.7263784673454684E-012
   1.3653770798702855E-013
   2.4647863682103532E-016
  -9.2281690334669305E-018
  -2.3845917336238745E-018
  -1.3716979049415797E-022
   4.9445983738465930E-023
   5.6285495753172257E-027
  -6.3825924248523432E-028
   4.5751415152199980E-032
  -6.4420944184575251E-035
  -4.2009143801231802E-037
   6.8676300095964558E-040
   1.7080030370334449E-042
  -5.4854859315402178E-045
   9.9463820275567793E-048
   2.7104459149313674E-050
  -8.3362788851289700E-053
  -1.0260105807873329E-057
   5.0864671357035036E-058
  -1.0882271976588108E-060
  -1.8086172883820051E-063
   7.7688524691428199E-066
  -3.5100052956194811E-070
  -4.1354131766421759E-071
   4.4723963792382518E-074
   1.5250702709519235E-076
   2.8686559277471452E-081
   2.8686559277471452E-081
    0.000000000000000     
  -5.8549603204391898E-002
  -2.3574848535464880E-002
  -2.8550571276015940E-003
  -1.4047388857197970E-004
  -2.7873027086790973E-006
  -1.6548791547009540E-009
   6.4859417539153800E-010
   4.2419575222619058E-012
   5.8641812678988572E-011
   7.0190346949539817E-009
   2.6877987957773263E-007
   4.2162279766555826E-006
   2.6603685629167105E-005
   5.6585995056069024E-005
  -7.5946013730239704E-005
  -1.8435581511590996E-006
  -4.2955082711315906E-007
  -2.9469750660970584E-006
  -1.3085505027123047E-007
   5.3050908119479591E-010
   1.4006573752084596E-010
   2.2664190664223889E-012
   3.9561839451209487E-010
   3.0738692559529262E-008
   7.3257225485961543E-007
   1.4433606927675412E-006
   2.0587410953328094E-005
  -6.6727023663359371E-005
  -2.8058964305478185E-005
  -4.1413990429364233E-006
  -2.4680972284229393E-007
  -5.6989553586982774E-009
  -1.4044924763290266E-011
   1.0449826013076406E-012
   6.4298465826970941E-015
  -8.7612234832018726E-017
  -3.4106461853619935E-018
   1.5316241282101989E-021
   7.1800009854253527E-023
  -1.8285067873823025E-026
  -9.1951492715434971E-028
   2.6601412282374977E-031
  -4.2349632362181188E-034
  -2.4504851293971812E-036
   4.7354121560281392E-039
   1.0130705217998717E-041
  -3.9698344805753282E-044
   4.8690461008286743E-047
   2.3120518204079243E-049
  -4.6437231939651815E-052
  -5.6202025788533074E-055
   3.2683914257688425E-057
  -2.5972839691863458E-060
  -1.5230520963584805E-062
   2.1211633892626215E-065
   4.1224387267849480E-068
  -1.1884278522865487E-070
  -2.5864178422222717E-074
   4.1961970047987050E-076
  -1.1695525186248948E-079
  -1.0075789065693199E-083
  -1.0075789065693199E-083
    0.000000000000000     
  -5.5489115827522653E-002
  -2.4204166577261266E-002
  -3.2087678890019115E-003
  -1.7326913204490638E-004
  -3.8502999160592173E-006
  -9.1931894463196303E-009
   8.6740315082732836E-010
   7.0888076372798030E-012
  -3.5687251561865959E-013
   1.9178917336802661E-010
   1.6832256716714024E-008
   4.7657361744870398E-007
   5.6014623760803576E-006
   2.9092147813643224E-005
   7.8903678043504318E-005
   9.7824635729025673E-007
  -2.4464088166644251E-005
  -8.1360869700257077E-005
  -2.0375096760297846E-006
   2.6285465610426707E-008
   1.9645998184185908E-009
   2.4361449908806314E-010
   2.7453625796993839E-008
   1.2085401180968199E-006
   2.0599380622344617E-005
   2.1226593581229558E-005
  -8.5697038611802181E-005
  -3.0662509402897711E-005
  -5.6902239335807170E-006
  -4.6535969926737410E-007
  -1.5334254630279335E-008
  -1.1061633231990666E-010
   2.9042310718205312E-012
   3.0418404474419322E-014
  -2.5845319601119746E-016
  -4.7155625475278569E-018
   5.7108880207213070E-021
   9.8409182097838414E-023
  -8.8064576608880899E-026
  -1.1890584915214187E-027
   9.1243377269028463E-031
  -9.7501505980078329E-034
  -8.9313747713860460E-036
   1.2056270518317148E-038
   4.3925857435020927E-041
  -1.1248462750565966E-043
   7.6067568815978097E-047
   6.9622240954831258E-049
  -8.3890680399218548E-052
  -2.1192032962060560E-054
   6.4005046621551403E-057
  -3.1166333952162812E-060
  -2.9610252792234165E-062
   3.0501909206357803E-065
   7.6118835678522340E-068
  -1.8458284071767200E-070
  -1.9762547817448443E-074
   6.5888520365087937E-076
  -2.6188857469406475E-079
  -1.4010686731261624E-081
  -9.5085102989022804E-087
  -9.5085102989022804E-087
    0.000000000000000     
  -5.1175127031937176E-002
  -2.4127847105116805E-002
  -3.4926852899754245E-003
  -2.0623928675758969E-004
  -5.0878013426249670E-006
  -2.0558360401463931E-008
   1.1129226167149765E-009
   1.0792639274248820E-011
  -1.3250678468105319E-013
  -3.7748836633607392E-013
   2.9211631974637264E-010
   1.8881023040190724E-008
   3.8878350027525284E-007
   3.1800408217214131E-006
   9.8622491503291248E-006
   4.8481718738348852E-006
   2.1929214344829591E-005
   7.8700766715483680E-005
   5.7145157318212837E-006
   5.0163113109368759E-008
  -8.5328328493952911E-009
   3.4884946544517414E-009
  -1.1745020399341118E-011
  -4.1343428041279268E-006
  -8.8002937461355372E-005
  -2.3131164960248368E-005
  -1.3925794654573086E-005
  -3.6411882272853926E-006
  -4.1204771356437287E-007
  -1.8903800408828606E-008
  -2.3455290954062744E-010
   3.7037062627145710E-012
   5.9292994358715674E-014
  -3.4316779898608375E-016
  -7.0194019544889091E-018
   8.1118964309081150E-021
   1.5004721561622208E-022
  -1.3821835152012792E-025
  -1.8219950962218069E-027
   1.6341243058729758E-030
  -8.8589433773825409E-034
  -1.6944372978361794E-035
   1.3010300362154454E-038
   9.2944407164243345E-041
  -1.4375900249208029E-043
   4.5491399668575104E-047
   9.3092210213436966E-049
  -6.8757499803287544E-052
  -3.1945983316675090E-054
   6.0953974823129922E-057
  -3.3133341969945741E-061
  -2.9895191354716279E-062
   1.2052391577617422E-065
   9.1270113860532763E-068
  -9.0541480302330388E-071
  -1.5161315930555676E-073
   3.0519122745976592E-076
   4.7071841290719637E-079
  -5.3742848138023515E-082
  -7.3698284195854489E-085
  -3.2450597323415538E-092
  -3.2450597323415538E-092
    0.000000000000000     
  -4.6274939005789495E-002
  -2.3482905217021170E-002
  -3.6958994373246451E-003
  -2.3743021242771001E-004
  -6.4435277322755420E-006
  -3.5856343925669971E-008
   1.3720233128320437E-009
   1.5396168836173628E-011
  -1.5971330208700165E-013
  -2.3601688914137496E-015
  -2.7059539980705856E-013
   2.1786041538526151E-010
   9.8097250563327863E-009
   1.3000225460395937E-007
   5.4594230033713527E-007
   3.6616058296954513E-007
   2.4493707863991735E-006
   7.9301661448976753E-006
   1.5970223307049021E-006
   1.3656729252055565E-007
   4.9608963365249753E-009
  -4.4394760180877091E-009
  -1.2108826852538335E-007
  -1.5703579904600504E-006
  -9.2559300715886694E-006
  -2.6811249106182858E-006
  -9.1756331225430747E-007
  -1.6138050643171034E-007
  -1.1008715922174255E-008
  -2.1659607475132776E-010
   2.2159474119010596E-012
   5.5084220706746431E-014
  -2.0663227478774613E-016
  -7.4482772805116821E-018
   4.6777386942225872E-021
   1.6837163168395250E-022
  -8.1046082933228554E-026
  -2.1906420646756478E-027
   1.2297810154670975E-030
  -2.4698578360649366E-034
  -1.3293670401486258E-035
   5.5822137242229986E-039
   7.7510801820873842E-041
  -8.0454291504481775E-044
  -8.2375620765104762E-048
   5.3950499050066585E-049
  -1.1006150148675679E-052
  -1.9698744111640840E-054
   1.6823508687766687E-057
   8.6993886466566767E-061
  -7.8008285910613443E-063
  -2.2862806337187051E-066
   1.8990848246337022E-068
   1.4410572354493886E-073
  -4.2380769511648065E-076
  -5.5849764658081162E-079
   8.8150916974746739E-082
   1.0428158226731156E-084
   8.6175811835023926E-090
   2.5504021115066770E-093
    0.000000000000000     
    0.000000000000000     
    0.000000000000000     
  -4.1252901484928439E-002
  -2.2410618267670081E-002
  -3.8141864269646080E-003
  -2.6498614879843157E-004
  -7.8403271349898593E-006
  -5.4646921750175085E-008
   1.6286442915136656E-009
   2.0733141370434242E-011
  -1.8502492770031924E-013
  -3.3107214133254373E-015
   6.7095252627949701E-017
  -8.9789052338394503E-014
   7.7507219529564275E-011
   2.1517367871502762E-009
   1.3701611999816539E-008
   8.5515128925123558E-009
   9.1162891643596315E-008
   3.7162964779726848E-007
   7.0589866926466257E-008
   4.5759266255372895E-009
   7.7617034692068046E-011
  -8.1161557878279315E-011
  -4.2743827195723154E-009
  -7.4515419059169924E-008
  -4.6088633221145137E-007
  -1.0646805806828272E-007
  -2.4910503211639620E-008
  -2.8159409287637913E-009
  -9.0835269732781529E-011
   5.6001426495723118E-013
   2.4406851698691642E-014
  -4.5961451656241774E-017
  -4.6725502572863400E-018
   6.3623796615209791E-022
   1.1305294337575973E-022
  -8.3409425305490948E-027
  -1.6053850245028192E-027
   4.4490608720639529E-031
   8.5435749620223109E-035
  -5.0288257637048228E-036
   7.2140839063027003E-041
   3.0824729341019938E-041
  -1.4811734415720008E-044
  -7.9736071224108261E-048
   1.0106369650904024E-049
   3.2018827074502742E-053
  -3.6350936256540167E-055
  -2.2080722563033481E-061
   4.1462043327791580E-063
   9.9591199658676357E-067
  -1.3809397017354759E-068
   2.3819006808912887E-073
  -4.9240283290945900E-076
  -6.4858941013678168E-079
   7.6328539140637061E-082
   8.0246613872939628E-085
  -6.4773056345349996E-089
  -1.7206025193402259E-092
   9.4786596259931490E-095
    0.000000000000000     
    0.000000000000000     
    0.000000000000000     
    0.000000000000000     
  -3.6402597147582372E-002
  -2.1043089937717654E-002
  -3.8497313907102405E-003
  -2.8739966852918739E-004
  -9.1913523087759406E-006
  -7.5963669314929227E-008
   1.8662565770839110E-009
   2.6521025397054319E-011
  -2.0693511307224990E-013
  -4.1603508450196889E-015
   1.8481668653291750E-017
   8.5440456994466984E-018
  -1.2172652371705469E-014
   1.2070807355724478E-011
   1.5447391273778665E-010
   6.0259245270854751E-011
   1.3407331025814096E-009
   8.1141075798080931E-009
   1.1215709151023823E-009
   3.7586063548767333E-011
  -4.1749750724201338E-013
   7.5397110822755938E-014
  -3.6126491042733513E-011
  -1.2494701440787505E-009
  -1.0782030595122468E-008
  -1.6927903189612806E-009
  -2.7317668235394300E-010
  -1.6042990454177536E-011
   4.4055741537135889E-014
   4.7257328351240135E-015
  -1.6425080043676415E-018
  -1.6373968017738394E-018
  -2.3804247097619237E-022
   4.2528813060336110E-023
   7.3043000610964682E-027
  -6.5864945587582832E-028
   6.4449687709759270E-032
   3.2738064302520317E-035
  -7.6560230337239197E-037
  -2.5418027666097808E-040
   4.9012700885930371E-042
  -2.2325700999072013E-048
   6.2509144569623297E-051
   4.6940894242524489E-054
   2.6966338978344842E-056
  -1.2538734371003303E-060
   1.0080076005287207E-062
   3.4281863362560760E-066
  -2.4694464330256356E-068
  -4.3537375417752115E-073
   1.3214574857326083E-075
   1.4769370759770803E-078
  -2.6632069655582857E-081
  -2.3638264646008167E-084
   8.5602190425682268E-089
   2.2915752510892363E-092
  -1.4061746265095856E-094
    0.000000000000000     
    0.000000000000000     
    0.000000000000000     
    0.000000000000000     
    0.000000000000000     
    0.000000000000000     
  -3.1890392958449976E-002
  -1.9495123902700931E-002
  -3.8099195628520503E-003
  -3.0367095935448455E-004
  -1.0412679251923542E-005
  -9.8453760846617391E-008
   2.0702622040998993E-009
   3.2400875806989735E-011
  -2.2414782366459043E-013
  -4.9927547729499608E-015
   1.9332158220922652E-017
  -5.5027179868573424E-019
   1.4329253769276692E-020
  -4.3100744363578620E-016
   6.3940341590776494E-013
  -4.8711382015591126E-015
   6.6333094788812888E-012
   8.0422361832734088E-011
   5.9279503609266950E-012
  -1.3314198402960515E-014
  -2.9524984731653967E-015
  -2.2206616787303578E-017
   1.4677062988854931E-014
  -6.7525458688459721E-012
  -1.1481692670002516E-010
  -9.2224643091161353E-012
  -9.3227348925588878E-013
   3.4277781052222106E-016
   3.0930208809578595E-016
  -2.0561135190695258E-018
  -9.7309815473420420E-021
   5.6741526199001561E-023
   1.7653530915533549E-025
  -1.0030618919446073E-027
   5.7465685530760413E-032
   3.1405229252612870E-035
  -6.8088086744290020E-037
  -2.4249962118735401E-040
   4.3501148188397329E-042
   5.2940676492061495E-048
  -5.8374519146318854E-050
  -2.3980870548496258E-053
   2.3170658816714979E-055
   1.2441680263300799E-060
  -1.2374254317613819E-062
  -4.1287163148926740E-066
   3.7278098163938011E-068
   2.8215012373845426E-073
  -1.0909778476424589E-075
  -1.0760331604121739E-078
   2.5070730739737721E-081
   1.8886575865800509E-084
  -5.8379741768781586E-089
  -1.5905542526184615E-092
   1.0584908626171248E-094
    0.000000000000000     
    0.000000000000000     
    0.000000000000000     
    0.000000000000000     
    0.000000000000000     
    0.000000000000000     
    0.000000000000000     
    0.000000000000000     
  -2.7795448455996456E-002
  -1.7860607044538311E-002
  -3.7056752171818479E-003
  -3.1336190331184423E-004
  -1.1434318257304031E-005
  -1.2059380601338570E-007
   2.2297824150981353E-009
   3.7991744962360990E-011
  -2.3584954415671395E-013
  -5.7834107085251698E-015
   1.4879019791662453E-017
   8.5357040993523178E-019
  -3.0337573899854042E-022
  -2.0043788813166369E-021
   1.1371651133047254E-017
   1.5924059136216743E-020
  -2.0304740331547134E-016
   2.9183821867859411E-013
   1.3454066009578697E-015
  -1.3447599222260835E-016
  -7.7986221538325277E-019
   5.5990570908289651E-021
  -7.2954840175128058E-019
   7.3172006442533798E-016
  -4.4773452376330908E-013
  -1.2731456383256230E-015
   1.3515638639124322E-016
   7.9149827411213231E-020
  -3.8610718958393916E-021
  -6.5322734522170358E-024
   6.1315829489296229E-026
   1.7172532867490120E-028
  -1.8149503938809098E-032
  -1.2763675039918807E-035
   3.2465886615487051E-037
   1.3852926590203253E-040
  -2.9294627989481654E-042
  -1.9266408785069912E-048
   2.4504876553983805E-050
   1.1054223248363756E-053
  -1.2334549776252836E-055
  -5.1920753566815276E-061
   5.9834930300181675E-063
   2.0377550662792259E-066
  -2.1120986794379770E-068
  -9.8891890676059431E-074
   4.7962558166326540E-076
   4.2060129819613976E-079
  -1.2504327245209575E-081
  -7.9347431943559315E-085
   2.4493486820366339E-089
   6.8257704831485563E-093
  -4.9096394527695226E-095
    0.000000000000000     
    0.000000000000000     
    0.000000000000000     
    0.000000000000000     
    0.000000000000000     
    0.000000000000000     
    0.000000000000000     
    0.000000000000000     
    0.000000000000000     
    0.000000000000000     
  -2.4141080458621868E-002
  -1.6212194048174481E-002
  -3.5497620505800533E-003
  -3.1655819751849970E-004
  -1.2207518054889128E-005
  -1.4092073421551354E-007
   2.3385585953592647E-009
   4.2945227423515984E-011
  -2.4182880693388001E-013
  -6.4604881198726563E-015
   1.7738163299944482E-017
   2.0372456315879982E-019
  -7.1002599726574198E-022
  -4.4422062372851512E-024
   1.9949458295208655E-023
   8.0654921242929234E-026
  -8.5135012066189840E-022
   4.3910258271425640E-018
   3.7796724424416686E-021
  -4.3028349027792616E-022
  -1.5735695568431199E-024
   1.8232244465608340E-026
  -1.5010009275711359E-024
   2.1814028279252314E-021
  -7.2714771892118925E-018
  -4.3296162563259454E-021
   5.1259182507554905E-022
   2.7162187355000274E-025
  -1.5447596308690644E-026
  -5.7132792320914169E-030
   1.4477199689353595E-033
   1.4921826096591905E-036
  -4.0632381558816925E-038
  -2.2450622669886407E-041
   5.2140216076169137E-043
   3.0260065644797446E-049
  -4.2248399306019035E-051
  -2.1939710655853619E-054
   2.6546009332762733E-056
   1.1828483938601660E-061
  -1.5772104353277338E-063
  -5.5480139387838212E-067
   6.5571999990676102E-069
   2.1174831130000258E-074
  -1.2865303549232218E-076
  -1.0086328631966527E-079
   3.8343934020369954E-082
   2.0279624002322070E-085
  -6.8145863439636575E-090
  -1.9505956593537686E-093
   1.5203568397048375E-095
    0.000000000000000     
    0.000000000000000     
    0.000000000000000     
    0.000000000000000     
    0.000000000000000     
    0.000000000000000     
    0.000000000000000     
    0.000000000000000     
    0.000000000000000     
    0.000000000000000     
    0.000000000000000     
    0.000000000000000     
  -2.0917228177409559E-002
  -1.4603074899456078E-002
  -3.3553210512189840E-003
  -3.1376890336325044E-004
  -1.2707620738654888E-005
  -1.5822319328476015E-007
   2.3949754108259568E-009
   4.6988036485884277E-011
  -2.4233765902947879E-013
  -7.0205372159008342E-015
   1.8422467255035965E-017
   8.3892284949694201E-019
  -6.5585793719403030E-022
  -2.8049813084751627E-023
   2.4329873249489786E-026
   6.3779193942051967E-028
  -1.3892119601812295E-027
   7.1220284639421120E-024
   5.4038931378966563E-027
  -6.4955570494667076E-028
  -1.4361834008954822E-030
   2.0500162807161472E-035
  -1.4605170480087258E-030
   3.2699340291442923E-027
  -1.2164756847614901E-023
  -6.7745015941647392E-027
   8.3478137107220329E-028
   1.5459645523882159E-033
  -3.8965604147313264E-035
  -7.4571995416684019E-038
   1.9080254041271295E-039
   1.5834475868447471E-042
  -3.7229541576619216E-044
  -2.4351221046703411E-050
   3.6451902897877520E-052
   2.2776841370979588E-055
  -2.8881906878901566E-057
  -1.6005185749515901E-062
   2.5002508276506786E-064
   9.1564071561266451E-068
  -1.2439394075814008E-069
  -2.9301526273317682E-075
   2.2369219028976880E-077
   1.5779910160776758E-080
  -7.7178749049810975E-083
  -3.3562666715503151E-086
   1.3100124841589233E-090
   3.8675015319484401E-094
  -3.2844390769555824E-096
    0.000000000000000     
    0.000000000000000     
    0.000000000000000     
    0.000000000000000     
    0.000000000000000     
    0.000000000000000     
    0.000000000000000     
    0.000000000000000     
    0.000000000000000     
    0.000000000000000     
    0.000000000000000     
    0.000000000000000     
    0.000000000000000     
    0.000000000000000     
  -1.8095577467778221E-002
  -1.3069813485374202E-002
  -3.1347785696291004E-003
  -3.0579657073006152E-004
  -1.2932924341932530E-005
  -1.7166076272315086E-007
   2.4014153725227669E-009
   4.9945805871086327E-011
  -2.3802978690112964E-013
  -7.4032949842058848E-015
   1.1254471168040611E-017
   1.4202161838422778E-018
  -4.4686178388207268E-023
  -4.9452526419935861E-023
  -6.6795603337067581E-027
   1.2079798414056229E-027
  -1.4629085184405051E-031
   6.8183379266435759E-030
   4.8884264911832443E-036
  -3.5492073329105208E-037
  -6.6151326501881176E-040
   1.5880543224392868E-041
  -7.2394778499381754E-040
   1.5585481679122371E-036
  -1.2041092079434422E-029
  -1.9679127513468013E-035
   3.9946263954822500E-037
   1.7479516309864397E-039
  -3.4033605863578010E-041
  -5.5073883672622350E-044
   1.1005980095419771E-045
   1.0616169072158437E-051
  -1.6707401123410516E-053
  -1.3238694276242168E-056
   1.6823881286980198E-058
   1.3266076602670244E-063
  -2.4790634300259754E-065
  -9.5192387605733273E-069
   1.5094634509491512E-070
   2.6961265032586163E-076
  -2.5999139284715437E-078
  -1.6644270430089583E-081
   1.0553686036563321E-083
   3.7085849085507937E-087
  -1.7824373764797541E-091
  -5.4513687261779028E-095
   5.0826486499782737E-097
    0.000000000000000     
    0.000000000000000     
    0.000000000000000     
    0.000000000000000     
    0.000000000000000     
    0.000000000000000     
    0.000000000000000     
    0.000000000000000     
    0.000000000000000     
    0.000000000000000     
    0.000000000000000     
    0.000000000000000     
    0.000000000000000     
    0.000000000000000     
    0.000000000000000     
    0.000000000000000     
  -1.5639245159594098E-002
  -1.1635527872684993E-002
  -2.8991454238915717E-003
  -2.9360599374786823E-004
  -1.2900733329723609E-005
  -1.8080366888692986E-007
   2.3632352100422033E-009
   5.1747946806398371E-011
  -2.2972284489128375E-013
  -7.6311307596149330E-015
   1.8079559983437744E-017
   8.1745324101522691E-019
  -6.4554332091261989E-022
  -2.6946502009378764E-023
   2.3979596655726969E-026
   5.9635288150396423E-028
  -9.2339203451613185E-031
  -8.4145654926000652E-035
   2.2222298549803158E-035
  -6.6807440547425751E-039
  -3.1468221041467696E-040
   4.2630423713410093E-043
  -2.1402446337884791E-046
   8.8628519065843555E-043
  -3.2790116331653131E-039
  -1.6252580608256058E-041
   2.3304031205436720E-043
   9.6333514018089319E-046
  -1.0907245743715902E-047
  -2.5090351787027828E-053
   4.1314257726220071E-055
   4.3993463063722788E-058
  -5.1935165540738130E-060
  -6.7510484634928540E-065
   1.5550977343661361E-066
   6.3039752993636496E-070
  -1.1927295251336726E-071
  -1.6689540516949582E-077
   2.0484432433435627E-079
   1.2038587024652456E-082
  -9.9790662283074159E-085
  -2.7701984484750504E-088
   1.7393397202113103E-092
   5.5370756634157421E-096
  -5.7230542462314244E-098
    0.000000000000000     
    0.000000000000000     
    0.000000000000000     
    0.000000000000000     
    0.000000000000000     
    0.000000000000000     
    0.000000000000000     
    0.000000000000000     
    0.000000000000000     
    0.000000000000000     
    0.000000000000000     
    0.000000000000000     
    0.000000000000000     
    0.000000000000000     
    0.000000000000000     
    0.000000000000000     
    0.000000000000000     
    0.000000000000000     
  -1.3508686939352404E-002
  -1.0312952139816842E-002
  -2.6576587988666515E-003
  -2.7821044954579651E-004
  -1.2641982781602723E-005
  -1.8560544903719940E-007
   2.2876368787186004E-009
   5.2416718672311681E-011
  -2.1832039860504878E-013
  -7.6863476259744329E-015
   1.1399288111047141E-017
  -3.1868327447147353E-019
  -5.4389116014629309E-022
   1.5779275839690412E-023
   2.1113049798861088E-026
  -5.7674311320739412E-028
  -2.9096895738206366E-031
   2.2811696690373455E-034
   5.9541274863843381E-036
  -1.0760265259820640E-038
  -6.3668355647977662E-041
   3.1556352624005200E-043
  -7.0043464255838052E-047
  -4.9975926327014250E-048
  -1.4975723800864213E-045
  -6.9505162367024598E-048
   1.2566717205510262E-052
   3.0104513393106024E-055
  -5.5519862305012704E-057
  -8.2420081863390373E-060
   7.8564078639977708E-062
   2.0814011488810308E-066
  -6.1228112102154176E-068
  -2.6481826919266457E-071
   6.1392291369420771E-073
   1.0685024755690898E-078
  -1.1431422056453552E-080
  -6.3870927238795511E-084
   6.7582620696854851E-086
   1.4780194725224942E-089
  -5.1414682918656669E-093
  -4.0743486542700474E-097
   4.7250669847927077E-099
    0.000000000000000     
    0.000000000000000     
    0.000000000000000     
    0.000000000000000     
    0.000000000000000     
    0.000000000000000     
    0.000000000000000     
    0.000000000000000     
    0.000000000000000     
    0.000000000000000     
    0.000000000000000     
    0.000000000000000     
    0.000000000000000     
    0.000000000000000     
    0.000000000000000     
    0.000000000000000     
    0.000000000000000     
    0.000000000000000     
    0.000000000000000     
    0.000000000000000     
  -1.1665100067771370E-002
  -9.1071358791836657E-003
  -2.4176879915055339E-003
  -2.6058482180638662E-004
  -1.2195645739495869E-005
  -1.8633124710590598E-007
   2.1826326798552462E-009
   5.2047278619753193E-011
  -2.0478778236010305E-013
  -7.6017889394205850E-015
   1.3299667835640923E-017
   1.8790561756436686E-018
  -2.7339451329130800E-022
  -6.6805668700114840E-023
   1.0309589041464821E-026
   1.6924354175773660E-027
  -1.1683540034971137E-030
  -3.4762863465090117E-034
   2.8579774411214897E-035
  -6.7296251611100236E-040
  -4.1259171293216524E-040
   3.6932648979758324E-043
   9.5866507853519994E-048
  -5.9705606858361279E-048
   4.4765612496668272E-051
   5.1336505387997748E-053
  -1.2457766358799919E-055
  -3.2380684010888798E-059
   1.2854647319720899E-060
  -5.9403558934767899E-064
  -6.8310042686308428E-066
   1.2440875437383342E-068
   4.2789837814691225E-072
  -8.0574420213847833E-074
   2.6119658531346388E-077
   2.8249333031142205E-079
  -3.9361569113048272E-082
  -3.2222844456742264E-085
   1.6075304119335161E-087
   6.7830124682539312E-091
  -3.2346635713789020E-093
    0.000000000000000     
    0.000000000000000     
    0.000000000000000     
    0.000000000000000     
    0.000000000000000     
    0.000000000000000     
    0.000000000000000     
    0.000000000000000     
    0.000000000000000     
    0.000000000000000     
    0.000000000000000     
    0.000000000000000     
    0.000000000000000     
    0.000000000000000     
    0.000000000000000     
    0.000000000000000     
    0.000000000000000     
    0.000000000000000     
    0.000000000000000     
    0.000000000000000     
    0.000000000000000     
    0.000000000000000     
  -1.0072098086518329E-002
  -8.0177935468941919E-003
  -2.1848502030129128E-003
  -2.4161004612883720E-004
  -1.1603838764259606E-005
  -1.8346560706492379E-007
   2.0562289963521005E-009
   5.0783510769331816E-011
  -1.8993059422331646E-013
  -7.3894184296981088E-015
   1.0025512822532672E-017
   2.3139515785150063E-019
  -3.2069328177263948E-022
  -4.9474933396236057E-024
   9.4807022182195047E-027
  -6.7555059955514083E-030
  -1.3145883758915425E-031
   3.7623801778828690E-034
   2.0838138959770809E-036
  -1.4975347531263044E-038
  -1.0907048233943940E-041
   3.8590642182389169E-043
   1.0697471566353929E-046
  -6.2455801874416443E-048
   2.3163688130238994E-051
   5.2855943320660568E-053
  -9.1733208149943620E-056
  -1.9856722682015211E-060
   9.4140542960008134E-061
  -7.9750729811206267E-064
  -5.1141998510103344E-066
   1.2884989880414798E-068
   5.8279970768881301E-072
  -8.3954471917536842E-074
   1.2568596125469038E-077
   2.8979791348830746E-079
  -3.1355684493631803E-082
  -2.5971752573530927E-085
   1.2619161374037138E-087
   5.3867761782690880E-091
  -2.4940939840859582E-093
    0.000000000000000     
    0.000000000000000     
    0.000000000000000     
    0.000000000000000     
    0.000000000000000     
    0.000000000000000     
    0.000000000000000     
    0.000000000000000     
    0.000000000000000     
    0.000000000000000     
    0.000000000000000     
    0.000000000000000     
    0.000000000000000     
    0.000000000000000     
    0.000000000000000     
    0.000000000000000     
    0.000000000000000     
    0.000000000000000     
    0.000000000000000     
    0.000000000000000     
    0.000000000000000     
    0.000000000000000     
  -8.6939926936834503E-003
  -7.0438813639512945E-003
  -1.9643839320272879E-003
  -2.2220538483529794E-004
  -1.0917979143857852E-005
  -1.7783985583649603E-007
   1.9168555844976917E-009
   4.8833427385998788E-011
  -1.7447457649165633E-013
  -7.0786929066354161E-015
   7.7495001548227475E-018
   1.7954916964214382E-018
   5.3742481329581286E-023
  -6.3797285186285928E-023
  -5.7950264083171587E-027
   1.6139135846980760E-027
  -5.4834541871046393E-031
   6.7993206763370170E-035
   1.2866737046769926E-035
  -8.8113782554694415E-039
  -1.7713014907733374E-040
   3.7547563227270807E-043
   1.0097005869264233E-046
  -6.1167643502001765E-048
   2.3497037511644544E-051
   5.2527791636613699E-053
  -9.1538128990252994E-056
  -1.6442612991587355E-059
   9.3984817089399985E-061
  -5.6858534700206185E-064
  -5.0100202795437531E-066
   1.0543400178943270E-068
   3.8735127906856049E-072
  -6.8667868641683615E-074
   1.9926750278582397E-077
   2.4100294982458749E-079
  -3.2360550632007455E-082
  -2.6205059596327176E-085
   1.3374109080509725E-087
   5.5849423599865702E-091
  -2.7298781162370790E-093
    0.000000000000000     
    0.000000000000000     
    0.000000000000000     
    0.000000000000000     
    0.000000000000000     
    0.000000000000000     
    0.000000000000000     
    0.000000000000000     
    0.000000000000000     
    0.000000000000000     
    0.000000000000000     
    0.000000000000000     
    0.000000000000000     
    0.000000000000000     
    0.000000000000000     
    0.000000000000000     
    0.000000000000000     
    0.000000000000000     
    0.000000000000000     
    0.000000000000000     
    0.000000000000000     
    0.000000000000000     
  -7.4934340594339545E-003
  -6.2155554045827842E-003
  -1.7813094125250692E-003
  -2.0758044256123637E-004
  -1.0639623058361888E-005
  -1.9309568233674013E-007
   1.3478010151805627E-009
   4.8825978720712909E-011
  -8.1164628803239559E-014
  -6.8557871616301951E-015
   6.9417311289244424E-019
   2.1603347460361859E-019
  -1.3425523857507779E-022
  -4.8413564289109104E-024
   1.1430618874441075E-026
   1.4594608866876929E-029
  -5.2533894750078515E-031
  -3.8486279802132696E-034
   1.2267928517052844E-035
   4.8787042679986216E-039
  -1.6584277004204118E-040
   5.8823316492399761E-044
  -6.5599797435547033E-047
  -6.9854611810974220E-049
   3.3912682531988056E-051
   4.1251620338882034E-054
  -6.7395387021168111E-056
  -1.8842873340487990E-059
   6.8821531008657686E-061
  -4.3189641004649589E-064
  -3.7138636303810924E-066
   8.3478759946027744E-069
   4.0675105624495369E-072
  -5.3906944785455275E-074
   1.0956520887133251E-077
   1.8671011111138648E-079
  -2.3404302573019494E-082
  -1.9397215014962492E-085
   9.3966597328189048E-088
   4.0136538863136704E-091
  -1.8519237887041157E-093
    0.000000000000000     
    0.000000000000000     
    0.000000000000000     
    0.000000000000000     
    0.000000000000000     
    0.000000000000000     
    0.000000000000000     
    0.000000000000000     
    0.000000000000000     
    0.000000000000000     
    0.000000000000000     
    0.000000000000000     
    0.000000000000000     
    0.000000000000000     
    0.000000000000000     
    0.000000000000000     
    0.000000000000000     
    0.000000000000000     
    0.000000000000000     
    0.000000000000000     
    0.000000000000000     
    0.000000000000000     
  -6.7431366428128301E-003
  -5.7213031845883442E-003
  -1.8005859970433274E-003
  -2.4596544637800683E-004
  -1.8158844045951178E-005
  -8.7675526048466456E-007
  -2.8744648420754528E-008
  -4.4918483787431384E-010
   2.5626678551507289E-012
   7.4493898063054812E-014
  -1.6481919369183875E-016
  -8.9944127964643326E-018
   4.8877288789220934E-021
   2.9934440290731051E-022
  -1.6023822908786737E-025
  -6.7544831423836976E-027
   6.8956551696581816E-030
  -1.9131283406969727E-033
  -1.6034336844714357E-034
   1.2718330561557127E-037
   2.1434832757801460E-039
  -4.7761223390021588E-042
   1.3057329908989888E-045
   7.6058929444688820E-047
  -8.5512033546041586E-050
  -6.1813538032399173E-052
   1.9973303382274210E-054
  -6.3476512126644944E-058
  -2.0423409725067711E-059
   2.6046315899200043E-062
   1.0386065733888860E-064
  -3.6968309543240493E-067
   4.7735005038613359E-071
   2.5116970853738922E-072
  -2.1751353982993767E-075
  -9.7706597490388938E-078
   2.0172857876803982E-080
   1.6745508495706633E-083
  -8.3146654890917422E-086
  -3.5570611049340131E-089
   1.6886096524297463E-091
    0.000000000000000     
    0.000000000000000     
    0.000000000000000     
    0.000000000000000     
    0.000000000000000     
    0.000000000000000     
    0.000000000000000     
    0.000000000000000     
    0.000000000000000     
    0.000000000000000     
    0.000000000000000     
    0.000000000000000     
    0.000000000000000     
    0.000000000000000     
    0.000000000000000     
    0.000000000000000     
    0.000000000000000     
    0.000000000000000     
    0.000000000000000     
    0.000000000000000     
    0.000000000000000     
    0.000000000000000     
  -8.2437314760550780E-003
  -6.7098076245772241E-003
  -1.7620328280068111E-003
  -1.6919543874446591E-004
  -3.1204020707725981E-006
   4.9056389581118430E-007
   3.1440250451115655E-008
   5.4683679531573963E-010
  -2.7249971127572081E-012
  -8.8205472386315199E-014
   1.6620753991762364E-016
   9.4264797456715696E-018
  -5.1562393560722492E-021
  -3.0902711576513231E-022
   1.8309946683674951E-025
   6.7836723601174509E-027
  -7.9463330646597519E-030
   1.1434027446543186E-033
   1.8487922548124925E-034
  -1.1742589707957403E-037
  -2.4751688158642282E-039
   4.8937689719869582E-042
  -1.4369325857700830E-045
  -7.7456021680908301E-047
   9.2294570052439196E-050
   6.2638570439176816E-052
  -2.1321211122697572E-054
   5.9707937458547347E-058
   2.1799840345240867E-059
  -2.6910108719293033E-062
  -1.1128838459965079E-064
   3.8637884742161046E-067
  -3.9599983913714282E-071
  -2.6195109749448026E-072
   2.1970484400736432E-075
   1.0144079971261666E-077
  -2.0640943928264371E-080
  -1.7133452796005884E-083
   8.5025986837481203E-086
   3.6373341826602867E-089
  -1.7256481282038285E-091
    0.000000000000000     
    0.000000000000000     
    0.000000000000000     
    0.000000000000000     
    0.000000000000000     
    0.000000000000000     
    0.000000000000000     
    0.000000000000000     
    0.000000000000000     
    0.000000000000000     
    0.000000000000000     
    0.000000000000000     
    0.000000000000000     
    0.000000000000000     
    0.000000000000000     
    0.000000000000000     
    0.000000000000000     
    0.000000000000000     
    0.000000000000000     
    0.000000000000000     
    0.000000000000000     
    0.000000000000000     
  -5.2425418095705823E-003
  -4.7327987445994644E-003
  -1.8391391660798437E-003
  -3.2273545401154775E-004
  -3.3197286021129755E-005
  -2.2440744167805135E-006
  -8.8929547292624711E-008
  -1.4452064710643672E-009
   7.8503328230586666E-012
   2.3719326851242482E-013
  -4.9584592730130113E-016
  -2.7415305338600235E-017
   1.4931697113916435E-020
   9.0771592157975342E-022
  -5.0357592501248424E-025
  -2.0292638644884846E-026
   2.1737643403976116E-029
  -4.9696594260482639E-033
  -5.0556596237553641E-034
   3.7179250831071656E-037
   6.7621353674245201E-039
  -1.4446013649991276E-041
   4.0483985675680606E-045
   2.2957388057028595E-046
  -2.6331863714452237E-049
  -1.8626564650397515E-051
   6.1267817887245994E-054
  -1.8666096171183723E-057
  -6.2646659795376295E-059
   7.9002740517693123E-062
   3.1900969927742797E-064
  -1.1257450382864203E-066
   1.3506999399094101E-070
   7.6429051456925865E-072
  -6.5473192366723968E-075
  -2.9685399469339452E-077
   6.0986659681872334E-080
   5.0624469787419149E-083
  -2.5131929661931603E-085
  -1.0751456392528313E-088
   5.1028674330633207E-091
    0.000000000000000     
    0.000000000000000     
    0.000000000000000     
    0.000000000000000     
    0.000000000000000     
    0.000000000000000     
    0.000000000000000     
    0.000000000000000     
    0.000000000000000     
    0.000000000000000     
    0.000000000000000     
    0.000000000000000     
    0.000000000000000     
    0.000000000000000     
    0.000000000000000     
    0.000000000000000     
    0.000000000000000     
    0.000000000000000     
    0.000000000000000     
    0.000000000000000     
    0.000000000000000     
