   0.7000000000000000     
   0.7000000000000000     
   0.7604110555362114     
   0.4369569020500585     
   0.1662217855013833     
   0.1051055518502464     
   9.9211306059279719E-002
   9.8944468287262166E-002
   9.8939457300805611E-002
   9.8939440857201105E-002
   9.8939440823080552E-002
   9.8939440822857161E-002
   9.8939440822857133E-002
   9.8939440822857133E-002
   9.8939440822857133E-002
   9.8939440822857133E-002
   9.8939440822857133E-002
   9.8939440822857133E-002
   9.8939440822857133E-002
   9.8939440822857133E-002
   9.8939440822857133E-002
   9.8939440822857133E-002
   9.8939440822857133E-002
   9.8939440822857133E-002
   9.8939440822857133E-002
   9.8939440822857133E-002
   9.8939440822857133E-002
   9.8939440822857133E-002
   9.8939440822857133E-002
   9.8939440822857133E-002
   9.8939440822857133E-002
   9.8939440822857133E-002
   9.8939440822857133E-002
   9.8939440822857133E-002
   9.8939440822857133E-002
   9.8939440822857133E-002
   9.8939440822857133E-002
   9.8939440822857133E-002
   9.8939440822857133E-002
   9.8939440822857133E-002
   9.8939440822857133E-002
   9.8939440822857133E-002
   9.8939440822857133E-002
   9.8939440822857133E-002
   9.8939440822857133E-002
   9.8939440822857133E-002
   9.8939440822857133E-002
   9.8939440822857133E-002
   9.8939440822857133E-002
   9.8939440822857133E-002
   9.8939440822857133E-002
   9.8939440822857133E-002
   9.8939440822857133E-002
   9.8939440822857133E-002
   9.8939440822857133E-002
   9.8939440822857133E-002
   9.8939440822857133E-002
   9.8939440822857133E-002
   9.8939440822857133E-002
   9.8939440822857133E-002
   9.8939440822857133E-002
   9.8939440822857133E-002
   9.8939440822857133E-002
   9.8939440822857133E-002
   0.7000000000000000     
   0.7000000000000000     
   0.7604110555362114     
   0.4369569020500585     
   0.1662217855013833     
   0.1051055518502464     
   9.9211306059279719E-002
   9.8944468287262166E-002
   9.8939457300805611E-002
   9.8939440857201105E-002
   9.8939440823080552E-002
   9.8939440822857161E-002
   9.8939440822857133E-002
   9.8939440822857133E-002
   9.8939440822857133E-002
   9.8939440822857133E-002
   9.8939440822857133E-002
   9.8939440822857133E-002
   9.8939440822857133E-002
   9.8939440822857133E-002
   9.8939440822857133E-002
   9.8939440822857133E-002
   9.8939440822857133E-002
   9.8939440822857133E-002
   9.8939440822857133E-002
   9.8939440822857133E-002
   9.8939440822857133E-002
   9.8939440822857133E-002
   9.8939440822857133E-002
   9.8939440822857133E-002
   9.8939440822857133E-002
   9.8939440822857133E-002
   9.8939440822857133E-002
   9.8939440822857133E-002
   9.8939440822857133E-002
   9.8939440822857133E-002
   9.8939440822857133E-002
   9.8939440822857133E-002
   9.8939440822857133E-002
   9.8939440822857133E-002
   9.8939440822857133E-002
   9.8939440822857133E-002
   9.8939440822857133E-002
   9.8939440822857133E-002
   9.8939440822857133E-002
   9.8939440822857133E-002
   9.8939440822857133E-002
   9.8939440822857133E-002
   9.8939440822857133E-002
   9.8939440822857133E-002
   9.8939440822857133E-002
   9.8939440822857133E-002
   9.8939440822857133E-002
   9.8939440822857133E-002
   9.8939440822857133E-002
   9.8939440822857133E-002
   9.8939440822857133E-002
   9.8939440822857133E-002
   9.8939440822857133E-002
   9.8939440822857133E-002
   9.8939440822857133E-002
   9.8939440822857133E-002
   9.8939440822857133E-002
   9.8939440822857133E-002
   0.7000000000000000     
   0.7000000000000000     
   0.7584835529222698     
   0.4302667857759559     
   0.1635100587362172     
   0.1046914401963824     
   9.9177408688826574E-002
   9.8942666044662675E-002
   9.8939393922353749E-002
   9.8939439796855086E-002
   9.8939440827807701E-002
   9.8939440823023125E-002
   9.8939440822856800E-002
   9.8939440822857105E-002
   9.8939440822857133E-002
   9.8939440822857133E-002
   9.8939440822857133E-002
   9.8939440822857133E-002
   9.8939440822857133E-002
   9.8939440822857133E-002
   9.8939440822857133E-002
   9.8939440822857133E-002
   9.8939440822857133E-002
   9.8939440822857133E-002
   9.8939440822857133E-002
   9.8939440822857133E-002
   9.8939440822857133E-002
   9.8939440822857133E-002
   9.8939440822857133E-002
   9.8939440822857133E-002
   9.8939440822857133E-002
   9.8939440822857133E-002
   9.8939440822857133E-002
   9.8939440822857133E-002
   9.8939440822857133E-002
   9.8939440822857133E-002
   9.8939440822857133E-002
   9.8939440822857133E-002
   9.8939440822857133E-002
   9.8939440822857133E-002
   9.8939440822857133E-002
   9.8939440822857133E-002
   9.8939440822857133E-002
   9.8939440822857133E-002
   9.8939440822857133E-002
   9.8939440822857133E-002
   9.8939440822857133E-002
   9.8939440822857133E-002
   9.8939440822857133E-002
   9.8939440822857133E-002
   9.8939440822857133E-002
   9.8939440822857133E-002
   9.8939440822857133E-002
   9.8939440822857133E-002
   9.8939440822857133E-002
   9.8939440822857133E-002
   9.8939440822857133E-002
   9.8939440822857133E-002
   9.8939440822857133E-002
   9.8939440822857133E-002
   9.8939440822857133E-002
   9.8939440822857133E-002
   9.8939440822857133E-002
   9.8939440822857133E-002
   0.7000000000000000     
   0.7000000000000000     
   0.7565364103092351     
   0.4235451847150963     
   0.1610181988393782     
   0.1043656165354013     
   9.9159299815803320E-002
   9.8942311709456277E-002
   9.8939396391168846E-002
   9.8939439895485509E-002
   9.8939440827653491E-002
   9.8939440823007777E-002
   9.8939440822856800E-002
   9.8939440822857105E-002
   9.8939440822857133E-002
   9.8939440822857133E-002
   9.8939440822857133E-002
   9.8939440822857133E-002
   9.8939440822857133E-002
   9.8939440822857133E-002
   9.8939440822857133E-002
   9.8939440822857133E-002
   9.8939440822857133E-002
   9.8939440822857133E-002
   9.8939440822857133E-002
   9.8939440822857133E-002
   9.8939440822857133E-002
   9.8939440822857133E-002
   9.8939440822857133E-002
   9.8939440822857133E-002
   9.8939440822857133E-002
   9.8939440822857133E-002
   9.8939440822857133E-002
   9.8939440822857133E-002
   9.8939440822857133E-002
   9.8939440822857133E-002
   9.8939440822857133E-002
   9.8939440822857133E-002
   9.8939440822857133E-002
   9.8939440822857133E-002
   9.8939440822857133E-002
   9.8939440822857133E-002
   9.8939440822857133E-002
   9.8939440822857133E-002
   9.8939440822857133E-002
   9.8939440822857133E-002
   9.8939440822857133E-002
   9.8939440822857133E-002
   9.8939440822857133E-002
   9.8939440822857133E-002
   9.8939440822857133E-002
   9.8939440822857133E-002
   9.8939440822857133E-002
   9.8939440822857133E-002
   9.8939440822857133E-002
   9.8939440822857133E-002
   9.8939440822857133E-002
   9.8939440822857133E-002
   9.8939440822857133E-002
   9.8939440822857133E-002
   9.8939440822857133E-002
   9.8939440822857133E-002
   9.8939440822857133E-002
   9.8939440822857133E-002
   0.7000000000000000     
   0.7000000000000000     
   0.7540765145452327     
   0.4159709171218219     
   0.1583042800911757     
   0.1040216755852935     
   9.9140975427867095E-002
   9.8941988824803470E-002
   9.8939399876329714E-002
   9.8939439992772993E-002
   9.8939440827313832E-002
   9.8939440822992150E-002
   9.8939440822856814E-002
   9.8939440822857105E-002
   9.8939440822857133E-002
   9.8939440822857133E-002
   9.8939440822857133E-002
   9.8939440822857133E-002
   9.8939440822857133E-002
   9.8939440822857133E-002
   9.8939440822857133E-002
   9.8939440822857133E-002
   9.8939440822857133E-002
   9.8939440822857133E-002
   9.8939440822857133E-002
   9.8939440822857133E-002
   9.8939440822857133E-002
   9.8939440822857133E-002
   9.8939440822857133E-002
   9.8939440822857133E-002
   9.8939440822857133E-002
   9.8939440822857133E-002
   9.8939440822857133E-002
   9.8939440822857133E-002
   9.8939440822857133E-002
   9.8939440822857133E-002
   9.8939440822857133E-002
   9.8939440822857133E-002
   9.8939440822857133E-002
   9.8939440822857133E-002
   9.8939440822857133E-002
   9.8939440822857133E-002
   9.8939440822857133E-002
   9.8939440822857133E-002
   9.8939440822857133E-002
   9.8939440822857133E-002
   9.8939440822857133E-002
   9.8939440822857133E-002
   9.8939440822857133E-002
   9.8939440822857133E-002
   9.8939440822857133E-002
   9.8939440822857133E-002
   9.8939440822857133E-002
   9.8939440822857133E-002
   9.8939440822857133E-002
   9.8939440822857133E-002
   9.8939440822857133E-002
   9.8939440822857133E-002
   9.8939440822857133E-002
   9.8939440822857133E-002
   9.8939440822857133E-002
   9.8939440822857133E-002
   9.8939440822857133E-002
   9.8939440822857133E-002
   0.7000000000000000     
   0.7000000000000000     
   0.7510798899893933     
   0.4074353283138322     
   0.1553337627028406     
   0.1036542717454754     
   9.9121854820814370E-002
   9.8941661699874589E-002
   9.8939403539568316E-002
   9.8939440091817571E-002
   9.8939440826951747E-002
   9.8939440822976246E-002
   9.8939440822856828E-002
   9.8939440822857133E-002
   9.8939440822857133E-002
   9.8939440822857133E-002
   9.8939440822857133E-002
   9.8939440822857133E-002
   9.8939440822857133E-002
   9.8939440822857133E-002
   9.8939440822857133E-002
   9.8939440822857133E-002
   9.8939440822857133E-002
   9.8939440822857133E-002
   9.8939440822857133E-002
   9.8939440822857133E-002
   9.8939440822857133E-002
   9.8939440822857133E-002
   9.8939440822857133E-002
   9.8939440822857133E-002
   9.8939440822857133E-002
   9.8939440822857133E-002
   9.8939440822857133E-002
   9.8939440822857133E-002
   9.8939440822857133E-002
   9.8939440822857133E-002
   9.8939440822857133E-002
   9.8939440822857133E-002
   9.8939440822857133E-002
   9.8939440822857133E-002
   9.8939440822857133E-002
   9.8939440822857133E-002
   9.8939440822857133E-002
   9.8939440822857133E-002
   9.8939440822857133E-002
   9.8939440822857133E-002
   9.8939440822857133E-002
   9.8939440822857133E-002
   9.8939440822857133E-002
   9.8939440822857133E-002
   9.8939440822857133E-002
   9.8939440822857133E-002
   9.8939440822857133E-002
   9.8939440822857133E-002
   9.8939440822857133E-002
   9.8939440822857133E-002
   9.8939440822857133E-002
   9.8939440822857133E-002
   9.8939440822857133E-002
   9.8939440822857133E-002
   9.8939440822857133E-002
   9.8939440822857133E-002
   9.8939440822857133E-002
   9.8939440822857133E-002
   0.7000000000000000     
   0.7000000000000000     
   0.7474378711832723     
   0.3978549895037499     
   0.1521068211161907     
   0.1032659942293018     
   9.9102178003123931E-002
   9.8941336254936257E-002
   9.8939407338225649E-002
   9.8939440190889266E-002
   9.8939440826570565E-002
   9.8939440822960328E-002
   9.8939440822856856E-002
   9.8939440822857133E-002
   9.8939440822857133E-002
   9.8939440822857133E-002
   9.8939440822857133E-002
   9.8939440822857133E-002
   9.8939440822857133E-002
   9.8939440822857133E-002
   9.8939440822857133E-002
   9.8939440822857133E-002
   9.8939440822857133E-002
   9.8939440822857133E-002
   9.8939440822857133E-002
   9.8939440822857133E-002
   9.8939440822857133E-002
   9.8939440822857133E-002
   9.8939440822857133E-002
   9.8939440822857133E-002
   9.8939440822857133E-002
   9.8939440822857133E-002
   9.8939440822857133E-002
   9.8939440822857133E-002
   9.8939440822857133E-002
   9.8939440822857133E-002
   9.8939440822857133E-002
   9.8939440822857133E-002
   9.8939440822857133E-002
   9.8939440822857133E-002
   9.8939440822857133E-002
   9.8939440822857133E-002
   9.8939440822857133E-002
   9.8939440822857133E-002
   9.8939440822857133E-002
   9.8939440822857133E-002
   9.8939440822857133E-002
   9.8939440822857133E-002
   9.8939440822857133E-002
   9.8939440822857133E-002
   9.8939440822857133E-002
   9.8939440822857133E-002
   9.8939440822857133E-002
   9.8939440822857133E-002
   9.8939440822857133E-002
   9.8939440822857133E-002
   9.8939440822857133E-002
   9.8939440822857133E-002
   9.8939440822857133E-002
   9.8939440822857133E-002
   9.8939440822857133E-002
   9.8939440822857133E-002
   9.8939440822857133E-002
   9.8939440822857133E-002
   0.7000000000000000     
   0.7000000000000000     
   0.7430100214654435     
   0.3871579495750328     
   0.1486340715929990     
   0.1028609958106733     
   9.9082266249269246E-002
   9.8941019596245905E-002
   9.8939411214654577E-002
   9.8939440287937608E-002
   9.8939440826175423E-002
   9.8939440822944702E-002
   9.8939440822856856E-002
   9.8939440822857133E-002
   9.8939440822857133E-002
   9.8939440822857133E-002
   9.8939440822857133E-002
   9.8939440822857133E-002
   9.8939440822857133E-002
   9.8939440822857133E-002
   9.8939440822857133E-002
   9.8939440822857133E-002
   9.8939440822857133E-002
   9.8939440822857133E-002
   9.8939440822857133E-002
   9.8939440822857133E-002
   9.8939440822857133E-002
   9.8939440822857133E-002
   9.8939440822857133E-002
   9.8939440822857133E-002
   9.8939440822857133E-002
   9.8939440822857133E-002
   9.8939440822857133E-002
   9.8939440822857133E-002
   9.8939440822857133E-002
   9.8939440822857133E-002
   9.8939440822857133E-002
   9.8939440822857133E-002
   9.8939440822857133E-002
   9.8939440822857133E-002
   9.8939440822857133E-002
   9.8939440822857133E-002
   9.8939440822857133E-002
   9.8939440822857133E-002
   9.8939440822857133E-002
   9.8939440822857133E-002
   9.8939440822857133E-002
   9.8939440822857133E-002
   9.8939440822857133E-002
   9.8939440822857133E-002
   9.8939440822857133E-002
   9.8939440822857133E-002
   9.8939440822857133E-002
   9.8939440822857133E-002
   9.8939440822857133E-002
   9.8939440822857133E-002
   9.8939440822857133E-002
   9.8939440822857133E-002
   9.8939440822857133E-002
   9.8939440822857133E-002
   9.8939440822857133E-002
   9.8939440822857133E-002
   9.8939440822857133E-002
   9.8939440822857133E-002
   0.7000000000000000     
   0.7000000000000000     
   0.7376298534363270     
   0.3752881536734962     
   0.1449369286440070     
   0.1024448087724588     
   9.9062497312689096E-002
   9.8940719220658904E-002
   9.8939415098851374E-002
   9.8939440380775789E-002
   9.8939440825772745E-002
   9.8939440822929769E-002
   9.8939440822856883E-002
   9.8939440822857133E-002
   9.8939440822857133E-002
   9.8939440822857133E-002
   9.8939440822857133E-002
   9.8939440822857133E-002
   9.8939440822857133E-002
   9.8939440822857133E-002
   9.8939440822857133E-002
   9.8939440822857133E-002
   9.8939440822857133E-002
   9.8939440822857133E-002
   9.8939440822857133E-002
   9.8939440822857133E-002
   9.8939440822857133E-002
   9.8939440822857133E-002
   9.8939440822857133E-002
   9.8939440822857133E-002
   9.8939440822857133E-002
   9.8939440822857133E-002
   9.8939440822857133E-002
   9.8939440822857133E-002
   9.8939440822857133E-002
   9.8939440822857133E-002
   9.8939440822857133E-002
   9.8939440822857133E-002
   9.8939440822857133E-002
   9.8939440822857133E-002
   9.8939440822857133E-002
   9.8939440822857133E-002
   9.8939440822857133E-002
   9.8939440822857133E-002
   9.8939440822857133E-002
   9.8939440822857133E-002
   9.8939440822857133E-002
   9.8939440822857133E-002
   9.8939440822857133E-002
   9.8939440822857133E-002
   9.8939440822857133E-002
   9.8939440822857133E-002
   9.8939440822857133E-002
   9.8939440822857133E-002
   9.8939440822857133E-002
   9.8939440822857133E-002
   9.8939440822857133E-002
   9.8939440822857133E-002
   9.8939440822857133E-002
   9.8939440822857133E-002
   9.8939440822857133E-002
   9.8939440822857133E-002
   9.8939440822857133E-002
   9.8939440822857133E-002
   0.7000000000000000     
   0.7000000000000000     
   0.7311043957308967     
   0.3622141384207053     
   0.1410493090979829     
   0.1020242971691144     
   9.9043288750485403E-002
   9.8940442456277797E-002
   9.8939418910973562E-002
   9.8939440467235587E-002
   9.8939440825370595E-002
   9.8939440822915836E-002
   9.8939440822856911E-002
   9.8939440822857133E-002
   9.8939440822857133E-002
   9.8939440822857133E-002
   9.8939440822857133E-002
   9.8939440822857133E-002
   9.8939440822857133E-002
   9.8939440822857133E-002
   9.8939440822857133E-002
   9.8939440822857133E-002
   9.8939440822857133E-002
   9.8939440822857133E-002
   9.8939440822857133E-002
   9.8939440822857133E-002
   9.8939440822857133E-002
   9.8939440822857133E-002
   9.8939440822857133E-002
   9.8939440822857133E-002
   9.8939440822857133E-002
   9.8939440822857133E-002
   9.8939440822857133E-002
   9.8939440822857133E-002
   9.8939440822857133E-002
   9.8939440822857133E-002
   9.8939440822857133E-002
   9.8939440822857133E-002
   9.8939440822857133E-002
   9.8939440822857133E-002
   9.8939440822857133E-002
   9.8939440822857133E-002
   9.8939440822857133E-002
   9.8939440822857133E-002
   9.8939440822857133E-002
   9.8939440822857133E-002
   9.8939440822857133E-002
   9.8939440822857133E-002
   9.8939440822857133E-002
   9.8939440822857133E-002
   9.8939440822857133E-002
   9.8939440822857133E-002
   9.8939440822857133E-002
   9.8939440822857133E-002
   9.8939440822857133E-002
   9.8939440822857133E-002
   9.8939440822857133E-002
   9.8939440822857133E-002
   9.8939440822857133E-002
   9.8939440822857133E-002
   9.8939440822857133E-002
   9.8939440822857133E-002
   9.8939440822857133E-002
   9.8939440822857133E-002
   0.7000000000000000     
   0.7000000000000000     
   0.7232160619855705     
   0.3479396423724113     
   0.1370188330903680     
   0.1016074616787856     
   9.9025072388296345E-002
   9.8940195788995669E-002
   9.8939422565685942E-002
   9.8939440545356236E-002
   9.8939440824977937E-002
   9.8939440822903221E-002
   9.8939440822856967E-002
   9.8939440822857133E-002
   9.8939440822857133E-002
   9.8939440822857133E-002
   9.8939440822857133E-002
   9.8939440822857133E-002
   9.8939440822857133E-002
   9.8939440822857133E-002
   9.8939440822857133E-002
   9.8939440822857133E-002
   9.8939440822857133E-002
   9.8939440822857133E-002
   9.8939440822857133E-002
   9.8939440822857133E-002
   9.8939440822857133E-002
   9.8939440822857133E-002
   9.8939440822857133E-002
   9.8939440822857133E-002
   9.8939440822857133E-002
   9.8939440822857133E-002
   9.8939440822857133E-002
   9.8939440822857133E-002
   9.8939440822857133E-002
   9.8939440822857133E-002
   9.8939440822857133E-002
   9.8939440822857133E-002
   9.8939440822857133E-002
   9.8939440822857133E-002
   9.8939440822857133E-002
   9.8939440822857133E-002
   9.8939440822857133E-002
   9.8939440822857133E-002
   9.8939440822857133E-002
   9.8939440822857133E-002
   9.8939440822857133E-002
   9.8939440822857133E-002
   9.8939440822857133E-002
   9.8939440822857133E-002
   9.8939440822857133E-002
   9.8939440822857133E-002
   9.8939440822857133E-002
   9.8939440822857133E-002
   9.8939440822857133E-002
   9.8939440822857133E-002
   9.8939440822857133E-002
   9.8939440822857133E-002
   9.8939440822857133E-002
   9.8939440822857133E-002
   9.8939440822857133E-002
   9.8939440822857133E-002
   9.8939440822857133E-002
   9.8939440822857133E-002
   0.7000000000000000     
   0.7000000000000000     
   0.7137288229754994     
   0.3325155883411198     
   0.1329070749901500     
   0.1012030644599069     
   9.9008260903090978E-002
   9.8939984160107908E-002
   9.8939425978310902E-002
   9.8939440613584229E-002
   9.8939440824604430E-002
   9.8939440822892161E-002
   9.8939440822856980E-002
   9.8939440822857133E-002
   9.8939440822857133E-002
   9.8939440822857133E-002
   9.8939440822857133E-002
   9.8939440822857133E-002
   9.8939440822857133E-002
   9.8939440822857161E-002
   9.8939440822857133E-002
   9.8939440822857133E-002
   9.8939440822857133E-002
   9.8939440822857133E-002
   9.8939440822857133E-002
   9.8939440822857133E-002
   9.8939440822857133E-002
   9.8939440822857133E-002
   9.8939440822857133E-002
   9.8939440822857133E-002
   9.8939440822857133E-002
   9.8939440822857133E-002
   9.8939440822857133E-002
   9.8939440822857133E-002
   9.8939440822857133E-002
   9.8939440822857133E-002
   9.8939440822857133E-002
   9.8939440822857133E-002
   9.8939440822857133E-002
   9.8939440822857133E-002
   9.8939440822857133E-002
   9.8939440822857133E-002
   9.8939440822857133E-002
   9.8939440822857133E-002
   9.8939440822857133E-002
   9.8939440822857133E-002
   9.8939440822857133E-002
   9.8939440822857133E-002
   9.8939440822857133E-002
   9.8939440822857133E-002
   9.8939440822857133E-002
   9.8939440822857133E-002
   9.8939440822857133E-002
   9.8939440822857133E-002
   9.8939440822857133E-002
   9.8939440822857133E-002
   9.8939440822857133E-002
   9.8939440822857133E-002
   9.8939440822857133E-002
   9.8939440822857133E-002
   9.8939440822857133E-002
   9.8939440822857133E-002
   9.8939440822857133E-002
   9.8939440822857133E-002
   0.7000000000000000     
   0.7000000000000000     
   0.7024008057887274     
   0.3160524701635676     
   0.1287884236397664     
   0.1008200685884658     
   9.8993209763811124E-002
   9.8939810357633995E-002
   9.8939429072317814E-002
   9.8939440670950715E-002
   9.8939440824259359E-002
   9.8939440822882849E-002
   9.8939440822857008E-002
   9.8939440822857133E-002
   9.8939440822857133E-002
   9.8939440822857105E-002
   9.8939440822857161E-002
   9.8939440822857688E-002
   9.8939440822179800E-002
   9.8939440823546734E-002
   9.8939440822860214E-002
   9.8939440822856828E-002
   9.8939440822857133E-002
   9.8939440822857133E-002
   9.8939440822856745E-002
   9.8939440823054337E-002
   9.8939440822668118E-002
   9.8939440822856037E-002
   9.8939440822857216E-002
   9.8939440822857133E-002
   9.8939440822857133E-002
   9.8939440822857133E-002
   9.8939440822857133E-002
   9.8939440822857133E-002
   9.8939440822857133E-002
   9.8939440822857133E-002
   9.8939440822857133E-002
   9.8939440822857133E-002
   9.8939440822857133E-002
   9.8939440822857133E-002
   9.8939440822857133E-002
   9.8939440822857133E-002
   9.8939440822857133E-002
   9.8939440822857133E-002
   9.8939440822857133E-002
   9.8939440822857133E-002
   9.8939440822857133E-002
   9.8939440822857133E-002
   9.8939440822857133E-002
   9.8939440822857133E-002
   9.8939440822857133E-002
   9.8939440822857133E-002
   9.8939440822857133E-002
   9.8939440822857133E-002
   9.8939440822857133E-002
   9.8939440822857133E-002
   9.8939440822857133E-002
   9.8939440822857133E-002
   9.8939440822857133E-002
   9.8939440822857133E-002
   9.8939440822857133E-002
   9.8939440822857133E-002
   9.8939440822857133E-002
   9.8939440822857133E-002
   0.7000000000000000     
   0.7000000000000000     
   0.6890057185195657     
   0.2987314812946314     
   0.1247471662776884     
   0.1004669235808111     
   9.8980179994094988E-002
   9.8939674640420860E-002
   9.8939431787191889E-002
   9.8939440717188049E-002
   9.8939440823950828E-002
   9.8939440822875285E-002
   9.8939440822857036E-002
   9.8939440822857133E-002
   9.8939440822858132E-002
   9.8939440821587621E-002
   9.8939440824196534E-002
   9.8939440808663986E-002
   9.8939440658967467E-002
   9.8939440992675015E-002
   9.8939440835850212E-002
   9.8939440822823271E-002
   9.8939440822850971E-002
   9.8939440822849473E-002
   9.8939440825747182E-002
   9.8939440868497444E-002
   9.8939440782587290E-002
   9.8939440816971827E-002
   9.8939440822510466E-002
   9.8939440822857494E-002
   9.8939440822857300E-002
   9.8939440822857133E-002
   9.8939440822857133E-002
   9.8939440822857133E-002
   9.8939440822857133E-002
   9.8939440822857133E-002
   9.8939440822857133E-002
   9.8939440822857133E-002
   9.8939440822857133E-002
   9.8939440822857133E-002
   9.8939440822857133E-002
   9.8939440822857133E-002
   9.8939440822857133E-002
   9.8939440822857133E-002
   9.8939440822857133E-002
   9.8939440822857133E-002
   9.8939440822857133E-002
   9.8939440822857133E-002
   9.8939440822857133E-002
   9.8939440822857133E-002
   9.8939440822857133E-002
   9.8939440822857133E-002
   9.8939440822857133E-002
   9.8939440822857133E-002
   9.8939440822857133E-002
   9.8939440822857133E-002
   9.8939440822857133E-002
   9.8939440822857133E-002
   9.8939440822857133E-002
   9.8939440822857133E-002
   9.8939440822857133E-002
   9.8939440822857133E-002
   9.8939440822857133E-002
   9.8939440822857133E-002
   0.7000000000000000     
   0.7000000000000000     
   0.6733653217661814     
   0.2808119669120487     
   0.1208726005913424     
   0.1001507748737998     
   9.8969308779640441E-002
   9.8939574712628917E-002
   9.8939434085296651E-002
   9.8939440752752530E-002
   9.8939440823684721E-002
   9.8939440822869415E-002
   9.8939440822857036E-002
   9.8939440822880032E-002
   9.8939440801286721E-002
   9.8939440553524119E-002
   9.8939441011669529E-002
   9.8939438207554922E-002
   9.8939426416167139E-002
   9.8939456156865863E-002
   9.8939443065474669E-002
   9.8939440896796099E-002
   9.8939440821970023E-002
   9.8939440837633966E-002
   9.8939441320767471E-002
   9.8939444731198437E-002
   9.8939437835607352E-002
   9.8939439740355115E-002
   9.8939440703908602E-002
   9.8939440813981927E-002
   9.8939440822875868E-002
   9.8939440822860214E-002
   9.8939440822857119E-002
   9.8939440822857133E-002
   9.8939440822857133E-002
   9.8939440822857133E-002
   9.8939440822857133E-002
   9.8939440822857133E-002
   9.8939440822857133E-002
   9.8939440822857133E-002
   9.8939440822857133E-002
   9.8939440822857133E-002
   9.8939440822857133E-002
   9.8939440822857133E-002
   9.8939440822857133E-002
   9.8939440822857133E-002
   9.8939440822857133E-002
   9.8939440822857133E-002
   9.8939440822857133E-002
   9.8939440822857133E-002
   9.8939440822857133E-002
   9.8939440822857133E-002
   9.8939440822857133E-002
   9.8939440822857133E-002
   9.8939440822857133E-002
   9.8939440822857133E-002
   9.8939440822857133E-002
   9.8939440822857133E-002
   9.8939440822857133E-002
   9.8939440822857133E-002
   9.8939440822857133E-002
   9.8939440822857133E-002
   9.8939440822857133E-002
   9.8939440822857133E-002
   0.7000000000000000     
   0.7000000000000000     
   0.6553941174229136     
   0.2626321915496035     
   0.1172523320909652     
   9.9876719958033405E-002
   9.8960594942743590E-002
   9.8939506099189181E-002
   9.8939435956178629E-002
   9.8939440778737425E-002
   9.8939440823464078E-002
   9.8939440822865002E-002
   9.8939440823002836E-002
   9.8939440699373896E-002
   9.8939437306548361E-002
   9.8939419982563753E-002
   9.8939450895104752E-002
   9.8939279064919117E-002
   9.8938865925347924E-002
   9.8940081834826860E-002
   9.8939568708460907E-002
   9.8939449011069727E-002
   9.8939440986382826E-002
   9.8939442474646255E-002
   9.8939468772321321E-002
   9.8939597867094761E-002
   9.8939350822091002E-002
   9.8939368802291899E-002
   9.8939429427896922E-002
   9.8939439193902329E-002
   9.8939440760174427E-002
   9.8939440823198194E-002
   9.8939440822874564E-002
   9.8939440822857092E-002
   9.8939440822857133E-002
   9.8939440822857133E-002
   9.8939440822857133E-002
   9.8939440822857133E-002
   9.8939440822857133E-002
   9.8939440822857133E-002
   9.8939440822857133E-002
   9.8939440822857133E-002
   9.8939440822857133E-002
   9.8939440822857133E-002
   9.8939440822857133E-002
   9.8939440822857133E-002
   9.8939440822857133E-002
   9.8939440822857133E-002
   9.8939440822857133E-002
   9.8939440822857133E-002
   9.8939440822857133E-002
   9.8939440822857133E-002
   9.8939440822857133E-002
   9.8939440822857133E-002
   9.8939440822857133E-002
   9.8939440822857133E-002
   9.8939440822857133E-002
   9.8939440822857133E-002
   9.8939440822857133E-002
   9.8939440822857133E-002
   9.8939440822857133E-002
   9.8939440822857133E-002
   9.8939440822857133E-002
   9.8939440822857133E-002
   0.7000000000000000     
   0.7000000000000000     
   0.6351550036376704     
   0.2446003506840881     
   0.1139644069502613     
   9.9647259951834877E-002
   9.8953904091665157E-002
   9.8939462870987219E-002
   9.8939437417051995E-002
   9.8939440796688219E-002
   9.8939440823288455E-002
   9.8939440823242658E-002
   9.8939440515934091E-002
   9.8939426372482292E-002
   9.8939246791478114E-002
   9.8938718047402063E-002
   9.8939782974920107E-002
   9.8935446442516978E-002
   9.8928384030335950E-002
   9.8952858336250865E-002
   9.8942026817144271E-002
   9.8939653142861878E-002
   9.8939444543515692E-002
   9.8939480635365090E-002
   9.8940015694715361E-002
   9.8942628506982155E-002
   9.8938590580231051E-002
   9.8937287626952919E-002
   9.8939022868159768E-002
   9.8939341906899875E-002
   9.8939432988155357E-002
   9.8939440656986219E-002
   9.8939440824408920E-002
   9.8939440822897504E-002
   9.8939440822856994E-002
   9.8939440822857133E-002
   9.8939440822857133E-002
   9.8939440822857133E-002
   9.8939440822857133E-002
   9.8939440822857133E-002
   9.8939440822857133E-002
   9.8939440822857133E-002
   9.8939440822857133E-002
   9.8939440822857133E-002
   9.8939440822857133E-002
   9.8939440822857133E-002
   9.8939440822857133E-002
   9.8939440822857133E-002
   9.8939440822857133E-002
   9.8939440822857133E-002
   9.8939440822857133E-002
   9.8939440822857133E-002
   9.8939440822857133E-002
   9.8939440822857133E-002
   9.8939440822857133E-002
   9.8939440822857133E-002
   9.8939440822857133E-002
   9.8939440822857133E-002
   9.8939440822857133E-002
   9.8939440822857133E-002
   9.8939440822857133E-002
   9.8939440822857133E-002
   9.8939440822857133E-002
   9.8939440822857133E-002
   0.7000000000000000     
   0.7000000000000000     
   0.6129204379863515     
   0.2271736526308404     
   0.1110694620499966     
   9.9462084296030873E-002
   9.8948993897547091E-002
   9.8939438564128818E-002
   9.8939438508996988E-002
   9.8939440808359036E-002
   9.8939440823613084E-002
   9.8939440461481148E-002
   9.8939416104425568E-002
   9.8938909793685748E-002
   9.8935076199481276E-002
   9.8927889850788417E-002
   9.8948474540027392E-002
   9.8903920588850544E-002
   9.8823131191125610E-002
   9.8729058448504631E-002
   9.8699403486134013E-002
   9.8696720127955842E-002
   9.8696654174071308E-002
   9.8696698287883633E-002
   9.8698569178849768E-002
   9.8727486404967868E-002
   9.8814576128700329E-002
   9.8908273201590985E-002
   9.8933956139512155E-002
   9.8936957564412717E-002
   9.8939129109981955E-002
   9.8939426150442794E-002
   9.8939440638128526E-002
   9.8939440825540695E-002
   9.8939440822899877E-002
   9.8939440822856911E-002
   9.8939440822857133E-002
   9.8939440822857133E-002
   9.8939440822857133E-002
   9.8939440822857133E-002
   9.8939440822857133E-002
   9.8939440822857133E-002
   9.8939440822857133E-002
   9.8939440822857133E-002
   9.8939440822857133E-002
   9.8939440822857133E-002
   9.8939440822857133E-002
   9.8939440822857133E-002
   9.8939440822857133E-002
   9.8939440822857133E-002
   9.8939440822857133E-002
   9.8939440822857133E-002
   9.8939440822857133E-002
   9.8939440822857133E-002
   9.8939440822857133E-002
   9.8939440822857133E-002
   9.8939440822857133E-002
   9.8939440822857133E-002
   9.8939440822857133E-002
   9.8939440822857133E-002
   9.8939440822857133E-002
   9.8939440822857133E-002
   9.8939440822857133E-002
   9.8939440822857133E-002
   0.7000000000000000     
   0.7000000000000000     
   0.5892276799922854     
   0.2108254905425477     
   0.1086044579221717     
   9.9318267570610380E-002
   9.8945554591036045E-002
   9.8939427074846376E-002
   9.8939439289539063E-002
   9.8939440815733914E-002
   9.8939440615888510E-002
   9.8939421377847350E-002
   9.8938855688032554E-002
   9.8932215874180301E-002
   9.8901455843550187E-002
   9.8847856477484064E-002
   9.8725983423070651E-002
   9.8698599964306577E-002
   9.8695939002568067E-002
   9.8697569896660092E-002
   9.8696724318981244E-002
   9.8696655140465744E-002
   9.8696654427446073E-002
   9.8696655033293057E-002
   9.8696696072636037E-002
   9.8697613980014559E-002
   9.8697192568952069E-002
   9.8723866300156574E-002
   9.8828302051836278E-002
   9.8911901984881173E-002
   9.8934748581636811E-002
   9.8939066374754636E-002
   9.8939428710205002E-002
   9.8939440735401840E-002
   9.8939440824933292E-002
   9.8939440822878338E-002
   9.8939440822856967E-002
   9.8939440822857133E-002
   9.8939440822857133E-002
   9.8939440822857133E-002
   9.8939440822857133E-002
   9.8939440822857133E-002
   9.8939440822857133E-002
   9.8939440822857133E-002
   9.8939440822857133E-002
   9.8939440822857133E-002
   9.8939440822857133E-002
   9.8939440822857133E-002
   9.8939440822857133E-002
   9.8939440822857133E-002
   9.8939440822857133E-002
   9.8939440822857133E-002
   9.8939440822857133E-002
   9.8939440822857133E-002
   9.8939440822857133E-002
   9.8939440822857133E-002
   9.8939440822857133E-002
   9.8939440822857133E-002
   9.8939440822857133E-002
   9.8939440822857133E-002
   9.8939440822857133E-002
   9.8939440822857133E-002
   9.8939440822857133E-002
   9.8939440822857133E-002
   0.7000000000000000     
   0.7000000000000000     
   0.5649100343248482     
   0.1960041553549486     
   0.1065795718555249     
   9.9210859268594326E-002
   9.8943255401335306E-002
   9.8939423324219039E-002
   9.8939439823412217E-002
   9.8939440764361716E-002
   9.8939433675074517E-002
   9.8939144875368923E-002
   9.8934417010653822E-002
   9.8904892949857090E-002
   9.8855099718544531E-002
   9.8722831216097567E-002
   9.8699241244097888E-002
   9.8696735066911748E-002
   9.8696643275116985E-002
   9.8696666070149069E-002
   9.8696655147351597E-002
   9.8696654497635636E-002
   9.8696654500913167E-002
   9.8696654503475659E-002
   9.8696654834367459E-002
   9.8696667183619829E-002
   9.8696694627554635E-002
   9.8698695960303326E-002
   9.8720309215856700E-002
   9.8836905245679979E-002
   9.8916500710590535E-002
   9.8935936118306700E-002
   9.8939235655126925E-002
   9.8939436250906163E-002
   9.8939440811281754E-002
   9.8939440823595473E-002
   9.8939440822861463E-002
   9.8939440822857064E-002
   9.8939440822857133E-002
   9.8939440822857133E-002
   9.8939440822857133E-002
   9.8939440822857133E-002
   9.8939440822857133E-002
   9.8939440822857133E-002
   9.8939440822857133E-002
   9.8939440822857133E-002
   9.8939440822857133E-002
   9.8939440822857133E-002
   9.8939440822857133E-002
   9.8939440822857133E-002
   9.8939440822857133E-002
   9.8939440822857133E-002
   9.8939440822857133E-002
   9.8939440822857133E-002
   9.8939440822857133E-002
   9.8939440822857133E-002
   9.8939440822857133E-002
   9.8939440822857133E-002
   9.8939440822857133E-002
   9.8939440822857133E-002
   9.8939440822857133E-002
   9.8939440822857133E-002
   9.8939440822857133E-002
   9.8939440822857133E-002
   0.7000000000000000     
   0.7000000000000000     
   0.5410817569876094     
   0.1830904623441487     
   0.1049793124881135     
   9.9133740348314514E-002
   9.8941786272483942E-002
   9.8939423575061136E-002
   9.8939440168014398E-002
   9.8939439791766504E-002
   9.8939376889017827E-002
   9.8937755957298285E-002
   9.8920094606264164E-002
   9.8848154383638781E-002
   9.8720423832619447E-002
   9.8698920892576841E-002
   9.8696733938316239E-002
   9.8696653769910200E-002
   9.8696654331711112E-002
   9.8696654576240272E-002
   9.8696654504732639E-002
   9.8696654501689213E-002
   9.8696654501756159E-002
   9.8696654501758657E-002
   9.8696654502860581E-002
   9.8696654585240060E-002
   9.8696655054319071E-002
   9.8696710994104098E-002
   9.8698462016773236E-002
   9.8718404401518883E-002
   9.8838758433317714E-002
   9.8922266670081554E-002
   9.8938083369898525E-002
   9.8939393358134384E-002
   9.8939440211431903E-002
   9.8939440825037236E-002
   9.8939440822954333E-002
   9.8939440822857300E-002
   9.8939440822857119E-002
   9.8939440822857133E-002
   9.8939440822857133E-002
   9.8939440822857133E-002
   9.8939440822857133E-002
   9.8939440822857133E-002
   9.8939440822857133E-002
   9.8939440822857133E-002
   9.8939440822857133E-002
   9.8939440822857133E-002
   9.8939440822857133E-002
   9.8939440822857133E-002
   9.8939440822857133E-002
   9.8939440822857133E-002
   9.8939440822857133E-002
   9.8939440822857133E-002
   9.8939440822857133E-002
   9.8939440822857133E-002
   9.8939440822857133E-002
   9.8939440822857133E-002
   9.8939440822857133E-002
   9.8939440822857133E-002
   9.8939440822857133E-002
   9.8939440822857133E-002
   9.8939440822857133E-002
   9.8939440822857133E-002
   0.7000000000000000     
   0.7000000000000000     
   0.5190581084667450     
   0.1723645613040264     
   0.1037679216276564     
   9.9080548450721603E-002
   9.8940886589938895E-002
   9.8939425407432391E-002
   9.8939440372340912E-002
   9.8939437409354028E-002
   9.8939266273945906E-002
   9.8935763961745471E-002
   9.8908325300882186E-002
   9.8856211383317100E-002
   9.8723017477771874E-002
   9.8697874973007582E-002
   9.8696655005088979E-002
   9.8696653094170500E-002
   9.8696654478636570E-002
   9.8696654502863440E-002
   9.8696654501790437E-002
   9.8696654501759670E-002
   9.8696654501760295E-002
   9.8696654501760295E-002
   9.8696654501760919E-002
   9.8696654501924913E-002
   9.8696654529380784E-002
   9.8696663329542675E-002
   9.8697386368874512E-002
   9.8717911767929892E-002
   9.8849108573720923E-002
   9.8920984473108153E-002
   9.8936923727872078E-002
   9.8939319571344192E-002
   9.8939438709479896E-002
   9.8939440823953367E-002
   9.8939440823203384E-002
   9.8939440822858368E-002
   9.8939440822857092E-002
   9.8939440822857133E-002
   9.8939440822857133E-002
   9.8939440822857133E-002
   9.8939440822857133E-002
   9.8939440822857133E-002
   9.8939440822857133E-002
   9.8939440822857133E-002
   9.8939440822857133E-002
   9.8939440822857133E-002
   9.8939440822857133E-002
   9.8939440822857133E-002
   9.8939440822857133E-002
   9.8939440822857133E-002
   9.8939440822857133E-002
   9.8939440822857133E-002
   9.8939440822857133E-002
   9.8939440822857133E-002
   9.8939440822857133E-002
   9.8939440822857133E-002
   9.8939440822857133E-002
   9.8939440822857133E-002
   9.8939440822857133E-002
   9.8939440822857133E-002
   9.8939440822857133E-002
   9.8939440822857133E-002
   0.7000000000000000     
   0.7000000000000000     
   0.5002102315491854     
   0.1639921664489846     
   0.1028979708291811     
   9.9045471747441258E-002
   9.8940357776530222E-002
   9.8939427459214468E-002
   9.8939440182937377E-002
   9.8939415239659351E-002
   9.8938602477419230E-002
   9.8926925129919963E-002
   9.8859595844264736E-002
   9.8716693371561248E-002
   9.8698590846225842E-002
   9.8696703467337776E-002
   9.8696653059581307E-002
   9.8696654424862668E-002
   9.8696654502046705E-002
   9.8696654501820275E-002
   9.8696654501760600E-002
   9.8696654501760295E-002
   9.8696654501760323E-002
   9.8696654501760323E-002
   9.8696654501760323E-002
   9.8696654501758740E-002
   9.8696654501525954E-002
   9.8696654664650607E-002
   9.8696684101594420E-002
   9.8698209006243681E-002
   9.8714673714604170E-002
   9.8851534175247543E-002
   9.8927646057091548E-002
   9.8938730199534586E-002
   9.8939421497925506E-002
   9.8939440639483289E-002
   9.8939440824154151E-002
   9.8939440822887692E-002
   9.8939440822857133E-002
   9.8939440822857133E-002
   9.8939440822857133E-002
   9.8939440822857133E-002
   9.8939440822857133E-002
   9.8939440822857133E-002
   9.8939440822857133E-002
   9.8939440822857133E-002
   9.8939440822857133E-002
   9.8939440822857133E-002
   9.8939440822857133E-002
   9.8939440822857133E-002
   9.8939440822857133E-002
   9.8939440822857133E-002
   9.8939440822857133E-002
   9.8939440822857133E-002
   9.8939440822857133E-002
   9.8939440822857133E-002
   9.8939440822857133E-002
   9.8939440822857133E-002
   9.8939440822857133E-002
   9.8939440822857133E-002
   9.8939440822857133E-002
   9.8939440822857133E-002
   9.8939440822857133E-002
   9.8939440822857133E-002
   0.7000000000000000     
   0.7000000000000000     
   0.4857857431281806     
   0.1580360767364687     
   0.1023202263432024     
   9.9023782433161220E-002
   9.8940062045048849E-002
   9.8939429086900815E-002
   9.8939440329758988E-002
   9.8939417991807291E-002
   9.8938612620438127E-002
   9.8925973764841330E-002
   9.8849781697331593E-002
   9.8720053571730776E-002
   9.8697557802107566E-002
   9.8696647305030832E-002
   9.8696653359193601E-002
   9.8696654491972430E-002
   9.8696654502552550E-002
   9.8696654501773992E-002
   9.8696654501759920E-002
   9.8696654501760295E-002
   9.8696654501760323E-002
   9.8696654501760323E-002
   9.8696654501760323E-002
   9.8696654501760336E-002
   9.8696654501699663E-002
   9.8696654509724702E-002
   9.8696659309968668E-002
   9.8697181351425481E-002
   9.8715611211734416E-002
   9.8852185260238423E-002
   9.8927391179243665E-002
   9.8938753873781260E-002
   9.8939423884428002E-002
   9.8939440693764674E-002
   9.8939440824298411E-002
   9.8939440822880892E-002
   9.8939440822857105E-002
   9.8939440822857133E-002
   9.8939440822857133E-002
   9.8939440822857133E-002
   9.8939440822857133E-002
   9.8939440822857133E-002
   9.8939440822857133E-002
   9.8939440822857133E-002
   9.8939440822857133E-002
   9.8939440822857133E-002
   9.8939440822857133E-002
   9.8939440822857133E-002
   9.8939440822857133E-002
   9.8939440822857133E-002
   9.8939440822857133E-002
   9.8939440822857133E-002
   9.8939440822857133E-002
   9.8939440822857133E-002
   9.8939440822857133E-002
   9.8939440822857133E-002
   9.8939440822857133E-002
   9.8939440822857133E-002
   9.8939440822857133E-002
   9.8939440822857133E-002
   9.8939440822857133E-002
   9.8939440822857133E-002
   0.7000000000000000     
   0.7000000000000000     
   0.4767507492284367     
   0.1544904622153214     
   0.1019927340999725     
   9.9012090307587203E-002
   9.8939913008106894E-002
   9.8939430038784845E-002
   9.8939440414493290E-002
   9.8939420985259915E-002
   9.8938687231232225E-002
   9.8926603902013438E-002
   9.8850335185926896E-002
   9.8719911569710384E-002
   9.8697483392975405E-002
   9.8696644828936808E-002
   9.8696653407495671E-002
   9.8696654495241107E-002
   9.8696654502552453E-002
   9.8696654501771702E-002
   9.8696654501759906E-002
   9.8696654501760295E-002
   9.8696654501760323E-002
   9.8696654501760323E-002
   9.8696654501760323E-002
   9.8696654501760336E-002
   9.8696654501712430E-002
   9.8696654506755299E-002
   9.8696658375851232E-002
   9.8697120308588487E-002
   9.8715030937542192E-002
   9.8854362603044199E-002
   9.8928032114888528E-002
   9.8938816781866237E-002
   9.8939426196939226E-002
   9.8939440723078628E-002
   9.8939440824201239E-002
   9.8939440822876645E-002
   9.8939440822857092E-002
   9.8939440822857133E-002
   9.8939440822857133E-002
   9.8939440822857133E-002
   9.8939440822857133E-002
   9.8939440822857133E-002
   9.8939440822857133E-002
   9.8939440822857133E-002
   9.8939440822857133E-002
   9.8939440822857133E-002
   9.8939440822857133E-002
   9.8939440822857133E-002
   9.8939440822857133E-002
   9.8939440822857133E-002
   9.8939440822857133E-002
   9.8939440822857133E-002
   9.8939440822857133E-002
   9.8939440822857133E-002
   9.8939440822857133E-002
   9.8939440822857133E-002
   9.8939440822857133E-002
   9.8939440822857133E-002
   9.8939440822857133E-002
   9.8939440822857133E-002
   9.8939440822857133E-002
   9.8939440822857133E-002
   0.7000000000000000     
   0.7000000000000000     
   0.4736985672461536     
   0.1533258564808471     
   0.1018876725126072     
   9.9008392201510365E-002
   9.8939864394995386E-002
   9.8939430236682058E-002
   9.8939440439486173E-002
   9.8939421957835810E-002
   9.8938713671431394E-002
   9.8926873536085799E-002
   9.8850988481391899E-002
   9.8719762403896863E-002
   9.8697464015037206E-002
   9.8696644152621971E-002
   9.8696653408830465E-002
   9.8696654495999542E-002
   9.8696654502568731E-002
   9.8696654501771341E-002
   9.8696654501759892E-002
   9.8696654501760295E-002
   9.8696654501760323E-002
   9.8696654501760323E-002
   9.8696654501760323E-002
   9.8696654501760336E-002
   9.8696654501714942E-002
   9.8696654505769962E-002
   9.8696658139441631E-002
   9.8697105311356684E-002
   9.8714806564967228E-002
   9.8855106995835690E-002
   9.8928272456962354E-002
   9.8938838411048807E-002
   9.8939426941886552E-002
   9.8939440732319001E-002
   9.8939440824181102E-002
   9.8939440822875507E-002
   9.8939440822857092E-002
   9.8939440822857133E-002
   9.8939440822857133E-002
   9.8939440822857133E-002
   9.8939440822857133E-002
   9.8939440822857133E-002
   9.8939440822857133E-002
   9.8939440822857133E-002
   9.8939440822857133E-002
   9.8939440822857133E-002
   9.8939440822857133E-002
   9.8939440822857133E-002
   9.8939440822857133E-002
   9.8939440822857133E-002
   9.8939440822857133E-002
   9.8939440822857133E-002
   9.8939440822857133E-002
   9.8939440822857133E-002
   9.8939440822857133E-002
   9.8939440822857133E-002
   9.8939440822857133E-002
   9.8939440822857133E-002
   9.8939440822857133E-002
   9.8939440822857133E-002
   9.8939440822857133E-002
   9.8939440822857133E-002
   0.7000000000000000     
   0.7000000000000000     
   0.4768222907667339     
   0.1545269593557957     
   0.1019954062239155     
   9.9012034978471733E-002
   9.8939901611555719E-002
   9.8939429645934329E-002
   9.8939440411405732E-002
   9.8939421012593828E-002
   9.8938687751567195E-002
   9.8926608427977861E-002
   9.8850354169587859E-002
   9.8719961441789975E-002
   9.8697487086683439E-002
   9.8696644293583741E-002
   9.8696653369839057E-002
   9.8696654495266503E-002
   9.8696654502603398E-002
   9.8696654501772313E-002
   9.8696654501759865E-002
   9.8696654501760295E-002
   9.8696654501760323E-002
   9.8696654501760323E-002
   9.8696654501760323E-002
   9.8696654501760364E-002
   9.8696654501711972E-002
   9.8696654505979725E-002
   9.8696658279374669E-002
   9.8697116480781569E-002
   9.8714994390569605E-002
   9.8854349330682045E-002
   9.8928029986780741E-002
   9.8938816572724089E-002
   9.8939426214342818E-002
   9.8939440724951394E-002
   9.8939440824253377E-002
   9.8939440822877048E-002
   9.8939440822857092E-002
   9.8939440822857133E-002
   9.8939440822857133E-002
   9.8939440822857133E-002
   9.8939440822857133E-002
   9.8939440822857133E-002
   9.8939440822857133E-002
   9.8939440822857133E-002
   9.8939440822857133E-002
   9.8939440822857133E-002
   9.8939440822857133E-002
   9.8939440822857133E-002
   9.8939440822857133E-002
   9.8939440822857133E-002
   9.8939440822857133E-002
   9.8939440822857133E-002
   9.8939440822857133E-002
   9.8939440822857133E-002
   9.8939440822857133E-002
   9.8939440822857133E-002
   9.8939440822857133E-002
   9.8939440822857133E-002
   9.8939440822857133E-002
   9.8939440822857133E-002
   9.8939440822857133E-002
   9.8939440822857133E-002
   0.7000000000000000     
   0.7000000000000000     
   0.4859179538505891     
   0.1581074428153959     
   0.1023257809840015     
   9.9023690846442691E-002
   9.8940038752118209E-002
   9.8939428235272617E-002
   9.8939440322236533E-002
   9.8939418048707026E-002
   9.8938613655394470E-002
   9.8925982148810362E-002
   9.8849807002721987E-002
   9.8720082990325975E-002
   9.8697642274557046E-002
   9.8696648338955723E-002
   9.8696653228365849E-002
   9.8696654489591404E-002
   9.8696654502671621E-002
   9.8696654501776879E-002
   9.8696654501759851E-002
   9.8696654501760295E-002
   9.8696654501760323E-002
   9.8696654501760323E-002
   9.8696654501760323E-002
   9.8696654501760350E-002
   9.8696654501697983E-002
   9.8696654507923698E-002
   9.8696659103853654E-002
   9.8697173157182239E-002
   9.8715476109309530E-002
   9.8852441933588664E-002
   9.8927444199106776E-002
   9.8938755047957169E-002
   9.8939423922397393E-002
   9.8939440697333958E-002
   9.8939440824409766E-002
   9.8939440822881836E-002
   9.8939440822857078E-002
   9.8939440822857133E-002
   9.8939440822857133E-002
   9.8939440822857133E-002
   9.8939440822857133E-002
   9.8939440822857133E-002
   9.8939440822857133E-002
   9.8939440822857133E-002
   9.8939440822857133E-002
   9.8939440822857133E-002
   9.8939440822857133E-002
   9.8939440822857133E-002
   9.8939440822857133E-002
   9.8939440822857133E-002
   9.8939440822857133E-002
   9.8939440822857133E-002
   9.8939440822857133E-002
   9.8939440822857133E-002
   9.8939440822857133E-002
   9.8939440822857133E-002
   9.8939440822857133E-002
   9.8939440822857133E-002
   9.8939440822857133E-002
   9.8939440822857133E-002
   9.8939440822857133E-002
   9.8939440822857133E-002
   0.7000000000000000     
   0.7000000000000000     
   0.5003850073815383     
   0.1640952146334821     
   0.1029067658678550     
   9.9045382189067957E-002
   9.8940321838445658E-002
   9.8939426018204102E-002
   9.8939440167760101E-002
   9.8939415318942514E-002
   9.8938603737162067E-002
   9.8926931008953056E-002
   9.8859487149420333E-002
   9.8713642319072800E-002
   9.8702235154042056E-002
   9.8696805901401521E-002
   9.8696650805799507E-002
   9.8696654310709273E-002
   9.8696654502566941E-002
   9.8696654501898212E-002
   9.8696654501760822E-002
   9.8696654501760267E-002
   9.8696654501760323E-002
   9.8696654501760323E-002
   9.8696654501760323E-002
   9.8696654501758935E-002
   9.8696654501451903E-002
   9.8696654649803484E-002
   9.8696683149250869E-002
   9.8698163394080329E-002
   9.8711839128491685E-002
   9.8864411705685232E-002
   9.8928453714237780E-002
   9.8938754087438005E-002
   9.8939421831654883E-002
   9.8939440643796658E-002
   9.8939440824282909E-002
   9.8939440822889357E-002
   9.8939440822857133E-002
   9.8939440822857133E-002
   9.8939440822857133E-002
   9.8939440822857133E-002
   9.8939440822857133E-002
   9.8939440822857133E-002
   9.8939440822857133E-002
   9.8939440822857133E-002
   9.8939440822857133E-002
   9.8939440822857133E-002
   9.8939440822857133E-002
   9.8939440822857133E-002
   9.8939440822857133E-002
   9.8939440822857133E-002
   9.8939440822857133E-002
   9.8939440822857133E-002
   9.8939440822857133E-002
   9.8939440822857133E-002
   9.8939440822857133E-002
   9.8939440822857133E-002
   9.8939440822857133E-002
   9.8939440822857133E-002
   9.8939440822857133E-002
   9.8939440822857133E-002
   9.8939440822857133E-002
   9.8939440822857133E-002
   0.7000000000000000     
   0.7000000000000000     
   0.5192552929789425     
   0.1724947312235334     
   0.1037803550735013     
   9.9080517422277831E-002
   9.8940837463216677E-002
   9.8939423187792100E-002
   9.8939440341282603E-002
   9.8939437429976462E-002
   9.8939267370026174E-002
   9.8935809760230226E-002
   9.8909438012261222E-002
   9.8869736704804714E-002
   9.8720031064460700E-002
   9.8697846611455503E-002
   9.8696657324751413E-002
   9.8696653012977711E-002
   9.8696654473605636E-002
   9.8696654503982517E-002
   9.8696654501816056E-002
   9.8696654501758435E-002
   9.8696654501760267E-002
   9.8696654501760295E-002
   9.8696654501760933E-002
   9.8696654501908676E-002
   9.8696654523698885E-002
   9.8696662829426698E-002
   9.8697371674079673E-002
   9.8717945045229280E-002
   9.8860555355890251E-002
   9.8910092460304383E-002
   9.8936108851189128E-002
   9.8939291552268938E-002
   9.8939438337959804E-002
   9.8939440825605116E-002
   9.8939440823280073E-002
   9.8939440822858563E-002
   9.8939440822857092E-002
   9.8939440822857133E-002
   9.8939440822857133E-002
   9.8939440822857133E-002
   9.8939440822857133E-002
   9.8939440822857133E-002
   9.8939440822857133E-002
   9.8939440822857133E-002
   9.8939440822857133E-002
   9.8939440822857133E-002
   9.8939440822857133E-002
   9.8939440822857133E-002
   9.8939440822857133E-002
   9.8939440822857133E-002
   9.8939440822857133E-002
   9.8939440822857133E-002
   9.8939440822857133E-002
   9.8939440822857133E-002
   9.8939440822857133E-002
   9.8939440822857133E-002
   9.8939440822857133E-002
   9.8939440822857133E-002
   9.8939440822857133E-002
   9.8939440822857133E-002
   9.8939440822857133E-002
   9.8939440822857133E-002
   0.7000000000000000     
   0.7000000000000000     
   0.5412834585314559     
   0.1832421581798470     
   0.1049957014222717     
   9.9133838759685330E-002
   9.8941724167983802E-002
   9.8939420344909434E-002
   9.8939440114596350E-002
   9.8939439799380816E-002
   9.8939377128594977E-002
   9.8937761698399504E-002
   9.8920209453666016E-002
   9.8849221123656003E-002
   9.8717265699050330E-002
   9.8702285923427169E-002
   9.8696901965042896E-002
   9.8696653720747762E-002
   9.8696653919820451E-002
   9.8696654873109343E-002
   9.8696654513551266E-002
   9.8696654501415682E-002
   9.8696654501745112E-002
   9.8696654501758338E-002
   9.8696654502818143E-002
   9.8696654583657728E-002
   9.8696655022454644E-002
   9.8696708351040607E-002
   9.8698351763717163E-002
   9.8715617348029472E-002
   9.8852592214643750E-002
   9.8922090661755210E-002
   9.8938023554585808E-002
   9.8939391504253821E-002
   9.8939440212558405E-002
   9.8939440825843716E-002
   9.8939440822964270E-002
   9.8939440822857230E-002
   9.8939440822857105E-002
   9.8939440822857133E-002
   9.8939440822857133E-002
   9.8939440822857133E-002
   9.8939440822857133E-002
   9.8939440822857133E-002
   9.8939440822857133E-002
   9.8939440822857133E-002
   9.8939440822857133E-002
   9.8939440822857133E-002
   9.8939440822857133E-002
   9.8939440822857133E-002
   9.8939440822857133E-002
   9.8939440822857133E-002
   9.8939440822857133E-002
   9.8939440822857133E-002
   9.8939440822857133E-002
   9.8939440822857133E-002
   9.8939440822857133E-002
   9.8939440822857133E-002
   9.8939440822857133E-002
   9.8939440822857133E-002
   9.8939440822857133E-002
   9.8939440822857133E-002
   9.8939440822857133E-002
   9.8939440822857133E-002
   0.7000000000000000     
   0.7000000000000000     
   0.5651029076664278     
   0.1961712143663382     
   0.1066000501626766     
   9.9211165012798239E-002
   9.8943181763875759E-002
   9.8939418837672946E-002
   9.8939439736517934E-002
   9.8939440765297051E-002
   9.8939433719701236E-002
   9.8939146965432351E-002
   9.8934489641107098E-002
   9.8906263050469165E-002
   9.8867264456103818E-002
   9.8717084290529028E-002
   9.8702528735730308E-002
   9.8696856084364556E-002
   9.8696604607477117E-002
   9.8696711242206997E-002
   9.8696656861838206E-002
   9.8696654470411427E-002
   9.8696654498916070E-002
   9.8696654503289002E-002
   9.8696654822588936E-002
   9.8696666864387730E-002
   9.8696694659023407E-002
   9.8698578850534402E-002
   9.8717827309636796E-002
   9.8859857556413716E-002
   9.8907063268684717E-002
   9.8934923356023136E-002
   9.8939189259521235E-002
   9.8939435436474210E-002
   9.8939440812604473E-002
   9.8939440823771402E-002
   9.8939440822862212E-002
   9.8939440822857050E-002
   9.8939440822857133E-002
   9.8939440822857133E-002
   9.8939440822857133E-002
   9.8939440822857133E-002
   9.8939440822857133E-002
   9.8939440822857133E-002
   9.8939440822857133E-002
   9.8939440822857133E-002
   9.8939440822857133E-002
   9.8939440822857133E-002
   9.8939440822857133E-002
   9.8939440822857133E-002
   9.8939440822857133E-002
   9.8939440822857133E-002
   9.8939440822857133E-002
   9.8939440822857133E-002
   9.8939440822857133E-002
   9.8939440822857133E-002
   9.8939440822857133E-002
   9.8939440822857133E-002
   9.8939440822857133E-002
   9.8939440822857133E-002
   9.8939440822857133E-002
   9.8939440822857133E-002
   9.8939440822857133E-002
   9.8939440822857133E-002
   0.7000000000000000     
   0.7000000000000000     
   0.5894033336097244     
   0.2110017005284191     
   0.1086289162381771     
   9.9318855279220561E-002
   9.8945472337019905E-002
   9.8939421111535530E-002
   9.8939439155562608E-002
   9.8939440815709268E-002
   9.8939440617906799E-002
   9.8939421507086747E-002
   9.8938862578567544E-002
   9.8932408734902805E-002
   9.8903841189513425E-002
   9.8859171337539742E-002
   9.8723325108667187E-002
   9.8697975947438524E-002
   9.8693269974177378E-002
   9.8700971949649191E-002
   9.8696863788495612E-002
   9.8696654064360664E-002
   9.8696654281340862E-002
   9.8696654995861888E-002
   9.8696694195662391E-002
   9.8697575405771898E-002
   9.8697493392290669E-002
   9.8720722952401266E-002
   9.8851937951677210E-002
   9.8904148017396554E-002
   9.8932792400431430E-002
   9.8938915568008171E-002
   9.8939424383138269E-002
   9.8939440712367474E-002
   9.8939440825710850E-002
   9.8939440822885347E-002
   9.8939440822856897E-002
   9.8939440822857133E-002
   9.8939440822857133E-002
   9.8939440822857133E-002
   9.8939440822857133E-002
   9.8939440822857133E-002
   9.8939440822857133E-002
   9.8939440822857133E-002
   9.8939440822857133E-002
   9.8939440822857133E-002
   9.8939440822857133E-002
   9.8939440822857133E-002
   9.8939440822857133E-002
   9.8939440822857133E-002
   9.8939440822857133E-002
   9.8939440822857133E-002
   9.8939440822857133E-002
   9.8939440822857133E-002
   9.8939440822857133E-002
   9.8939440822857133E-002
   9.8939440822857133E-002
   9.8939440822857133E-002
   9.8939440822857133E-002
   9.8939440822857133E-002
   9.8939440822857133E-002
   9.8939440822857133E-002
   9.8939440822857133E-002
   9.8939440822857133E-002
   0.7000000000000000     
   0.7000000000000000     
   0.6130747186191420     
   0.2273532206643821     
   0.1110975382732040     
   9.9463014460154153E-002
   9.8948907301942834E-002
   9.8939430971794751E-002
   9.8939438312906858E-002
   9.8939440807865375E-002
   9.8939440823699057E-002
   9.8939440463862785E-002
   9.8939416273454317E-002
   9.8938917328430340E-002
   9.8935208664954949E-002
   9.8928607633757992E-002
   9.8947730133229703E-002
   9.8907648915443985E-002
   9.8833590227522999E-002
   9.8726430876828336E-002
   9.8699204309147776E-002
   9.8696716061534628E-002
   9.8696654133735656E-002
   9.8696695132321904E-002
   9.8698403235843030E-002
   9.8724550128441418E-002
   9.8827587601325567E-002
   9.8922949546157130E-002
   9.8923798218574471E-002
   9.8934896179454709E-002
   9.8938925144338996E-002
   9.8939417918631728E-002
   9.8939440550753072E-002
   9.8939440826939701E-002
   9.8939440822920013E-002
   9.8939440822856772E-002
   9.8939440822857133E-002
   9.8939440822857133E-002
   9.8939440822857133E-002
   9.8939440822857133E-002
   9.8939440822857133E-002
   9.8939440822857133E-002
   9.8939440822857133E-002
   9.8939440822857133E-002
   9.8939440822857133E-002
   9.8939440822857133E-002
   9.8939440822857133E-002
   9.8939440822857133E-002
   9.8939440822857133E-002
   9.8939440822857133E-002
   9.8939440822857133E-002
   9.8939440822857133E-002
   9.8939440822857133E-002
   9.8939440822857133E-002
   9.8939440822857133E-002
   9.8939440822857133E-002
   9.8939440822857133E-002
   9.8939440822857133E-002
   9.8939440822857133E-002
   9.8939440822857133E-002
   9.8939440822857133E-002
   9.8939440822857133E-002
   9.8939440822857133E-002
   9.8939440822857133E-002
   0.7000000000000000     
   0.7000000000000000     
   0.6352868669099512     
   0.2447782515841518     
   0.1139955212753365     
   9.9648570011305976E-002
   9.8953818331460275E-002
   9.8939453600478483E-002
   9.8939437144340489E-002
   9.8939440795455330E-002
   9.8939440823360647E-002
   9.8939440823268554E-002
   9.8939440517196678E-002
   9.8939426466064809E-002
   9.8939249619981531E-002
   9.8938739863282610E-002
   9.8939761069753718E-002
   9.8935603928041266E-002
   9.8928925528919798E-002
   9.8951815440814744E-002
   9.8942313556324893E-002
   9.8939691324584161E-002
   9.8939452304945899E-002
   9.8939654653860093E-002
   9.8942140222437747E-002
   9.8953369253534165E-002
   9.8927884289830820E-002
   9.8936491395907142E-002
   9.8938256965597965E-002
   9.8939219291803521E-002
   9.8939425847175425E-002
   9.8939440536975412E-002
   9.8939440825577096E-002
   9.8939440822923289E-002
   9.8939440822856911E-002
   9.8939440822857133E-002
   9.8939440822857133E-002
   9.8939440822857133E-002
   9.8939440822857133E-002
   9.8939440822857133E-002
   9.8939440822857133E-002
   9.8939440822857133E-002
   9.8939440822857133E-002
   9.8939440822857133E-002
   9.8939440822857133E-002
   9.8939440822857133E-002
   9.8939440822857133E-002
   9.8939440822857133E-002
   9.8939440822857133E-002
   9.8939440822857133E-002
   9.8939440822857133E-002
   9.8939440822857133E-002
   9.8939440822857133E-002
   9.8939440822857133E-002
   9.8939440822857133E-002
   9.8939440822857133E-002
   9.8939440822857133E-002
   9.8939440822857133E-002
   9.8939440822857133E-002
   9.8939440822857133E-002
   9.8939440822857133E-002
   9.8939440822857133E-002
   9.8939440822857133E-002
   9.8939440822857133E-002
   0.7000000000000000     
   0.7000000000000000     
   0.6555045220906514     
   0.2628043674207325     
   0.1172857515045020     
   9.9878419317409539E-002
   9.8960515417712322E-002
   9.8939495222480134E-002
   9.8939435595040259E-002
   9.8939440776436155E-002
   9.8939440823557323E-002
   9.8939440822866154E-002
   9.8939440823011399E-002
   9.8939440699639405E-002
   9.8939437327454471E-002
   9.8939420283973706E-002
   9.8939450554008448E-002
   9.8939281791301348E-002
   9.8938880261209783E-002
   9.8940056134229487E-002
   9.8939576225330492E-002
   9.8939449990734119E-002
   9.8939441137934875E-002
   9.8939449061653931E-002
   9.8939576874537499E-002
   9.8940171660734821E-002
   9.8938792453448304E-002
   9.8939298979913451E-002
   9.8939404405629691E-002
   9.8939436570674208E-002
   9.8939440687863173E-002
   9.8939440823608171E-002
   9.8939440822890079E-002
   9.8939440822857078E-002
   9.8939440822857133E-002
   9.8939440822857133E-002
   9.8939440822857133E-002
   9.8939440822857133E-002
   9.8939440822857133E-002
   9.8939440822857133E-002
   9.8939440822857133E-002
   9.8939440822857133E-002
   9.8939440822857133E-002
   9.8939440822857133E-002
   9.8939440822857133E-002
   9.8939440822857133E-002
   9.8939440822857133E-002
   9.8939440822857133E-002
   9.8939440822857133E-002
   9.8939440822857133E-002
   9.8939440822857133E-002
   9.8939440822857133E-002
   9.8939440822857133E-002
   9.8939440822857133E-002
   9.8939440822857133E-002
   9.8939440822857133E-002
   9.8939440822857133E-002
   9.8939440822857133E-002
   9.8939440822857133E-002
   9.8939440822857133E-002
   9.8939440822857133E-002
   9.8939440822857133E-002
   9.8939440822857133E-002
   9.8939440822857133E-002
   0.7000000000000000     
   0.7000000000000000     
   0.6734563393044599     
   0.2809753863194768     
   0.1209075152320540     
   0.1001528445533921     
   9.8969240392203173E-002
   9.8939562419592314E-002
   9.8939433628605356E-002
   9.8939440749057223E-002
   9.8939440823800018E-002
   9.8939440822871066E-002
   9.8939440822857022E-002
   9.8939440822881169E-002
   9.8939440801304429E-002
   9.8939440555057753E-002
   9.8939441009601586E-002
   9.8939438224343562E-002
   9.8939426591858420E-002
   9.8939455857163419E-002
   9.8939443166611712E-002
   9.8939440904879536E-002
   9.8939440821800520E-002
   9.8939440897746284E-002
   9.8939443296364060E-002
   9.8939459772896213E-002
   9.8939423361052908E-002
   9.8939438222599624E-002
   9.8939440374813697E-002
   9.8939440796237121E-002
   9.8939440822916891E-002
   9.8939440822864239E-002
   9.8939440822857119E-002
   9.8939440822857133E-002
   9.8939440822857133E-002
   9.8939440822857133E-002
   9.8939440822857133E-002
   9.8939440822857133E-002
   9.8939440822857133E-002
   9.8939440822857133E-002
   9.8939440822857133E-002
   9.8939440822857133E-002
   9.8939440822857133E-002
   9.8939440822857133E-002
   9.8939440822857133E-002
   9.8939440822857133E-002
   9.8939440822857133E-002
   9.8939440822857133E-002
   9.8939440822857133E-002
   9.8939440822857133E-002
   9.8939440822857133E-002
   9.8939440822857133E-002
   9.8939440822857133E-002
   9.8939440822857133E-002
   9.8939440822857133E-002
   9.8939440822857133E-002
   9.8939440822857133E-002
   9.8939440822857133E-002
   9.8939440822857133E-002
   9.8939440822857133E-002
   9.8939440822857133E-002
   9.8939440822857133E-002
   9.8939440822857133E-002
   9.8939440822857133E-002
   0.7000000000000000     
   0.7000000000000000     
   0.6890798989812593     
   0.2988840889740542     
   0.1247827625206945     
   0.1004693199642959     
   9.8980126560016105E-002
   9.8939661216388280E-002
   9.8939431233813380E-002
   9.8939440711824964E-002
   9.8939440824087607E-002
   9.8939440822877478E-002
   9.8939440822857008E-002
   9.8939440822857133E-002
   9.8939440822858160E-002
   9.8939440821587801E-002
   9.8939440824196465E-002
   9.8939440808675685E-002
   9.8939440659761374E-002
   9.8939440991331729E-002
   9.8939440836408016E-002
   9.8939440822835706E-002
   9.8939440822850500E-002
   9.8939440822822078E-002
   9.8939440837367748E-002
   9.8939441048768534E-002
   9.8939440609628754E-002
   9.8939440806849729E-002
   9.8939440821141950E-002
   9.8939440822856967E-002
   9.8939440822857647E-002
   9.8939440822857133E-002
   9.8939440822857133E-002
   9.8939440822857133E-002
   9.8939440822857133E-002
   9.8939440822857133E-002
   9.8939440822857133E-002
   9.8939440822857133E-002
   9.8939440822857133E-002
   9.8939440822857133E-002
   9.8939440822857133E-002
   9.8939440822857133E-002
   9.8939440822857133E-002
   9.8939440822857133E-002
   9.8939440822857133E-002
   9.8939440822857133E-002
   9.8939440822857133E-002
   9.8939440822857133E-002
   9.8939440822857133E-002
   9.8939440822857133E-002
   9.8939440822857133E-002
   9.8939440822857133E-002
   9.8939440822857133E-002
   9.8939440822857133E-002
   9.8939440822857133E-002
   9.8939440822857133E-002
   9.8939440822857133E-002
   9.8939440822857133E-002
   9.8939440822857133E-002
   9.8939440822857133E-002
   9.8939440822857133E-002
   9.8939440822857133E-002
   9.8939440822857133E-002
   9.8939440822857133E-002
   0.7000000000000000     
   0.7000000000000000     
   0.7024607697641871     
   0.3161930658952692     
   0.1288239437813961     
   0.1008227299146005     
   9.8993173662071360E-002
   9.8939796148557177E-002
   9.8939428427485598E-002
   9.8939440663741246E-002
   9.8939440824415706E-002
   9.8939440822885666E-002
   9.8939440822856994E-002
   9.8939440822857133E-002
   9.8939440822857133E-002
   9.8939440822857105E-002
   9.8939440822857161E-002
   9.8939440822857716E-002
   9.8939440822179897E-002
   9.8939440823546165E-002
   9.8939440822860825E-002
   9.8939440822856828E-002
   9.8939440822857133E-002
   9.8939440822857133E-002
   9.8939440822855301E-002
   9.8939440823840458E-002
   9.8939440821911973E-002
   9.8939440822854108E-002
   9.8939440822857411E-002
   9.8939440822857133E-002
   9.8939440822857133E-002
   9.8939440822857133E-002
   9.8939440822857133E-002
   9.8939440822857133E-002
   9.8939440822857133E-002
   9.8939440822857133E-002
   9.8939440822857133E-002
   9.8939440822857133E-002
   9.8939440822857133E-002
   9.8939440822857133E-002
   9.8939440822857133E-002
   9.8939440822857133E-002
   9.8939440822857133E-002
   9.8939440822857133E-002
   9.8939440822857133E-002
   9.8939440822857133E-002
   9.8939440822857133E-002
   9.8939440822857133E-002
   9.8939440822857133E-002
   9.8939440822857133E-002
   9.8939440822857133E-002
   9.8939440822857133E-002
   9.8939440822857133E-002
   9.8939440822857133E-002
   9.8939440822857133E-002
   9.8939440822857133E-002
   9.8939440822857133E-002
   9.8939440822857133E-002
   9.8939440822857133E-002
   9.8939440822857133E-002
   9.8939440822857133E-002
   9.8939440822857133E-002
   9.8939440822857133E-002
   9.8939440822857133E-002
   0.7000000000000000     
   0.7000000000000000     
   0.7137770263272571     
   0.3326436710447115     
   0.1329418588152299     
   0.1012059184535271     
   9.9008242991955223E-002
   9.8939969533916552E-002
   9.8939425253056851E-002
   9.8939440604472934E-002
   9.8939440824777125E-002
   9.8939440822895575E-002
   9.8939440822856967E-002
   9.8939440822857133E-002
   9.8939440822857133E-002
   9.8939440822857133E-002
   9.8939440822857133E-002
   9.8939440822857133E-002
   9.8939440822857133E-002
   9.8939440822857161E-002
   9.8939440822857133E-002
   9.8939440822857133E-002
   9.8939440822857133E-002
   9.8939440822857133E-002
   9.8939440822857133E-002
   9.8939440822857161E-002
   9.8939440822857133E-002
   9.8939440822857133E-002
   9.8939440822857133E-002
   9.8939440822857133E-002
   9.8939440822857133E-002
   9.8939440822857133E-002
   9.8939440822857133E-002
   9.8939440822857133E-002
   9.8939440822857133E-002
   9.8939440822857133E-002
   9.8939440822857133E-002
   9.8939440822857133E-002
   9.8939440822857133E-002
   9.8939440822857133E-002
   9.8939440822857133E-002
   9.8939440822857133E-002
   9.8939440822857133E-002
   9.8939440822857133E-002
   9.8939440822857133E-002
   9.8939440822857133E-002
   9.8939440822857133E-002
   9.8939440822857133E-002
   9.8939440822857133E-002
   9.8939440822857133E-002
   9.8939440822857133E-002
   9.8939440822857133E-002
   9.8939440822857133E-002
   9.8939440822857133E-002
   9.8939440822857133E-002
   9.8939440822857133E-002
   9.8939440822857133E-002
   9.8939440822857133E-002
   9.8939440822857133E-002
   9.8939440822857133E-002
   9.8939440822857133E-002
   9.8939440822857133E-002
   9.8939440822857133E-002
   9.8939440822857133E-002
   0.7000000000000000     
   0.7000000000000000     
   0.7232546804480066     
   0.3480552474872400     
   0.1370523410168097     
   0.1016104329178119     
   9.9025072147262569E-002
   9.8940181100678953E-002
   9.8939421775538064E-002
   9.8939440534418638E-002
   9.8939440825162900E-002
   9.8939440822907204E-002
   9.8939440822856939E-002
   9.8939440822857133E-002
   9.8939440822857133E-002
   9.8939440822857133E-002
   9.8939440822857133E-002
   9.8939440822857133E-002
   9.8939440822857133E-002
   9.8939440822857133E-002
   9.8939440822857133E-002
   9.8939440822857133E-002
   9.8939440822857133E-002
   9.8939440822857133E-002
   9.8939440822857133E-002
   9.8939440822857133E-002
   9.8939440822857133E-002
   9.8939440822857133E-002
   9.8939440822857133E-002
   9.8939440822857133E-002
   9.8939440822857133E-002
   9.8939440822857133E-002
   9.8939440822857133E-002
   9.8939440822857133E-002
   9.8939440822857133E-002
   9.8939440822857133E-002
   9.8939440822857133E-002
   9.8939440822857133E-002
   9.8939440822857133E-002
   9.8939440822857133E-002
   9.8939440822857133E-002
   9.8939440822857133E-002
   9.8939440822857133E-002
   9.8939440822857133E-002
   9.8939440822857133E-002
   9.8939440822857133E-002
   9.8939440822857133E-002
   9.8939440822857133E-002
   9.8939440822857133E-002
   9.8939440822857133E-002
   9.8939440822857133E-002
   9.8939440822857133E-002
   9.8939440822857133E-002
   9.8939440822857133E-002
   9.8939440822857133E-002
   9.8939440822857133E-002
   9.8939440822857133E-002
   9.8939440822857133E-002
   9.8939440822857133E-002
   9.8939440822857133E-002
   9.8939440822857133E-002
   9.8939440822857133E-002
   9.8939440822857133E-002
   9.8939440822857133E-002
   0.7000000000000000     
   0.7000000000000000     
   0.7311352860692999     
   0.3623176871403543     
   0.1410811294554745     
   0.1020273132296243     
   9.9043304570685442E-002
   9.8940428021484145E-002
   9.8939418074252883E-002
   9.8939440454666516E-002
   9.8939440825563330E-002
   9.8939440822920305E-002
   9.8939440822856883E-002
   9.8939440822857133E-002
   9.8939440822857133E-002
   9.8939440822857133E-002
   9.8939440822857133E-002
   9.8939440822857133E-002
   9.8939440822857133E-002
   9.8939440822857133E-002
   9.8939440822857133E-002
   9.8939440822857133E-002
   9.8939440822857133E-002
   9.8939440822857133E-002
   9.8939440822857133E-002
   9.8939440822857133E-002
   9.8939440822857133E-002
   9.8939440822857133E-002
   9.8939440822857133E-002
   9.8939440822857133E-002
   9.8939440822857133E-002
   9.8939440822857133E-002
   9.8939440822857133E-002
   9.8939440822857133E-002
   9.8939440822857133E-002
   9.8939440822857133E-002
   9.8939440822857133E-002
   9.8939440822857133E-002
   9.8939440822857133E-002
   9.8939440822857133E-002
   9.8939440822857133E-002
   9.8939440822857133E-002
   9.8939440822857133E-002
   9.8939440822857133E-002
   9.8939440822857133E-002
   9.8939440822857133E-002
   9.8939440822857133E-002
   9.8939440822857133E-002
   9.8939440822857133E-002
   9.8939440822857133E-002
   9.8939440822857133E-002
   9.8939440822857133E-002
   9.8939440822857133E-002
   9.8939440822857133E-002
   9.8939440822857133E-002
   9.8939440822857133E-002
   9.8939440822857133E-002
   9.8939440822857133E-002
   9.8939440822857133E-002
   9.8939440822857133E-002
   9.8939440822857133E-002
   9.8939440822857133E-002
   9.8939440822857133E-002
   9.8939440822857133E-002
   0.7000000000000000     
   0.7000000000000000     
   0.7376545593576770     
   0.3753803240597616     
   0.1449667729979924     
   0.1024478046846350     
   9.9062526851629945E-002
   9.8940705299564724E-002
   9.8939414234906584E-002
   9.8939440366862946E-002
   9.8939440825968866E-002
   9.8939440822934654E-002
   9.8939440822856883E-002
   9.8939440822857133E-002
   9.8939440822857133E-002
   9.8939440822857133E-002
   9.8939440822857133E-002
   9.8939440822857133E-002
   9.8939440822857133E-002
   9.8939440822857133E-002
   9.8939440822857133E-002
   9.8939440822857133E-002
   9.8939440822857133E-002
   9.8939440822857133E-002
   9.8939440822857133E-002
   9.8939440822857133E-002
   9.8939440822857133E-002
   9.8939440822857133E-002
   9.8939440822857133E-002
   9.8939440822857133E-002
   9.8939440822857133E-002
   9.8939440822857133E-002
   9.8939440822857133E-002
   9.8939440822857133E-002
   9.8939440822857133E-002
   9.8939440822857133E-002
   9.8939440822857133E-002
   9.8939440822857133E-002
   9.8939440822857133E-002
   9.8939440822857133E-002
   9.8939440822857133E-002
   9.8939440822857133E-002
   9.8939440822857133E-002
   9.8939440822857133E-002
   9.8939440822857133E-002
   9.8939440822857133E-002
   9.8939440822857133E-002
   9.8939440822857133E-002
   9.8939440822857133E-002
   9.8939440822857133E-002
   9.8939440822857133E-002
   9.8939440822857133E-002
   9.8939440822857133E-002
   9.8939440822857133E-002
   9.8939440822857133E-002
   9.8939440822857133E-002
   9.8939440822857133E-002
   9.8939440822857133E-002
   9.8939440822857133E-002
   9.8939440822857133E-002
   9.8939440822857133E-002
   9.8939440822857133E-002
   9.8939440822857133E-002
   9.8939440822857133E-002
   0.7000000000000000     
   0.7000000000000000     
   0.7430298026961921     
   0.3872395731093574     
   0.1486617622321030     
   0.1028639167652974     
   9.9082306780199789E-002
   9.8941006387037539E-002
   9.8939410342300693E-002
   9.8939440273027549E-002
   9.8939440826370767E-002
   9.8939440822949865E-002
   9.8939440822856828E-002
   9.8939440822857133E-002
   9.8939440822857133E-002
   9.8939440822857133E-002
   9.8939440822857133E-002
   9.8939440822857133E-002
   9.8939440822857133E-002
   9.8939440822857133E-002
   9.8939440822857133E-002
   9.8939440822857133E-002
   9.8939440822857133E-002
   9.8939440822857133E-002
   9.8939440822857133E-002
   9.8939440822857133E-002
   9.8939440822857133E-002
   9.8939440822857133E-002
   9.8939440822857133E-002
   9.8939440822857133E-002
   9.8939440822857133E-002
   9.8939440822857133E-002
   9.8939440822857133E-002
   9.8939440822857133E-002
   9.8939440822857133E-002
   9.8939440822857133E-002
   9.8939440822857133E-002
   9.8939440822857133E-002
   9.8939440822857133E-002
   9.8939440822857133E-002
   9.8939440822857133E-002
   9.8939440822857133E-002
   9.8939440822857133E-002
   9.8939440822857133E-002
   9.8939440822857133E-002
   9.8939440822857133E-002
   9.8939440822857133E-002
   9.8939440822857133E-002
   9.8939440822857133E-002
   9.8939440822857133E-002
   9.8939440822857133E-002
   9.8939440822857133E-002
   9.8939440822857133E-002
   9.8939440822857133E-002
   9.8939440822857133E-002
   9.8939440822857133E-002
   9.8939440822857133E-002
   9.8939440822857133E-002
   9.8939440822857133E-002
   9.8939440822857133E-002
   9.8939440822857133E-002
   9.8939440822857133E-002
   9.8939440822857133E-002
   9.8939440822857133E-002
   0.7000000000000000     
   0.7000000000000000     
   0.7474537420640762     
   0.3979269724176998     
   0.1521322743242447     
   0.1032687967439959     
   9.9102226713090963E-002
   9.8941323894851899E-002
   9.8939406474546049E-002
   9.8939440175352111E-002
   9.8939440826761552E-002
   9.8939440822965644E-002
   9.8939440822856828E-002
   9.8939440822857133E-002
   9.8939440822857133E-002
   9.8939440822857133E-002
   9.8939440822857133E-002
   9.8939440822857133E-002
   9.8939440822857133E-002
   9.8939440822857133E-002
   9.8939440822857133E-002
   9.8939440822857133E-002
   9.8939440822857133E-002
   9.8939440822857133E-002
   9.8939440822857133E-002
   9.8939440822857133E-002
   9.8939440822857133E-002
   9.8939440822857133E-002
   9.8939440822857133E-002
   9.8939440822857133E-002
   9.8939440822857133E-002
   9.8939440822857133E-002
   9.8939440822857133E-002
   9.8939440822857133E-002
   9.8939440822857133E-002
   9.8939440822857133E-002
   9.8939440822857133E-002
   9.8939440822857133E-002
   9.8939440822857133E-002
   9.8939440822857133E-002
   9.8939440822857133E-002
   9.8939440822857133E-002
   9.8939440822857133E-002
   9.8939440822857133E-002
   9.8939440822857133E-002
   9.8939440822857133E-002
   9.8939440822857133E-002
   9.8939440822857133E-002
   9.8939440822857133E-002
   9.8939440822857133E-002
   9.8939440822857133E-002
   9.8939440822857133E-002
   9.8939440822857133E-002
   9.8939440822857133E-002
   9.8939440822857133E-002
   9.8939440822857133E-002
   9.8939440822857133E-002
   9.8939440822857133E-002
   9.8939440822857133E-002
   9.8939440822857133E-002
   9.8939440822857133E-002
   9.8939440822857133E-002
   9.8939440822857133E-002
   9.8939440822857133E-002
   0.7000000000000000     
   0.7000000000000000     
   0.7510926594999956     
   0.4074985947613002     
   0.1553569706268051     
   0.1036569236344722     
   9.9121909035354366E-002
   9.8941650271287429E-002
   9.8939402699134787E-002
   9.8939440076016225E-002
   9.8939440827135405E-002
   9.8939440822981589E-002
   9.8939440822856800E-002
   9.8939440822857133E-002
   9.8939440822857133E-002
   9.8939440822857133E-002
   9.8939440822857133E-002
   9.8939440822857133E-002
   9.8939440822857133E-002
   9.8939440822857133E-002
   9.8939440822857133E-002
   9.8939440822857133E-002
   9.8939440822857133E-002
   9.8939440822857133E-002
   9.8939440822857133E-002
   9.8939440822857133E-002
   9.8939440822857133E-002
   9.8939440822857133E-002
   9.8939440822857133E-002
   9.8939440822857133E-002
   9.8939440822857133E-002
   9.8939440822857133E-002
   9.8939440822857133E-002
   9.8939440822857133E-002
   9.8939440822857133E-002
   9.8939440822857133E-002
   9.8939440822857133E-002
   9.8939440822857133E-002
   9.8939440822857133E-002
   9.8939440822857133E-002
   9.8939440822857133E-002
   9.8939440822857133E-002
   9.8939440822857133E-002
   9.8939440822857133E-002
   9.8939440822857133E-002
   9.8939440822857133E-002
   9.8939440822857133E-002
   9.8939440822857133E-002
   9.8939440822857133E-002
   9.8939440822857133E-002
   9.8939440822857133E-002
   9.8939440822857133E-002
   9.8939440822857133E-002
   9.8939440822857133E-002
   9.8939440822857133E-002
   9.8939440822857133E-002
   9.8939440822857133E-002
   9.8939440822857133E-002
   9.8939440822857133E-002
   9.8939440822857133E-002
   9.8939440822857133E-002
   9.8939440822857133E-002
   9.8939440822857133E-002
   9.8939440822857133E-002
   0.7000000000000000     
   0.7000000000000000     
   0.7540868186759238     
   0.4160263717514758     
   0.1583252936821165     
   0.1040241551571202     
   9.9141032760573219E-002
   9.8941978364002092E-002
   9.8939399070816517E-002
   9.8939439977039370E-002
   9.8939440827488040E-002
   9.8939440822997451E-002
   9.8939440822856786E-002
   9.8939440822857133E-002
   9.8939440822857133E-002
   9.8939440822857133E-002
   9.8939440822857133E-002
   9.8939440822857133E-002
   9.8939440822857133E-002
   9.8939440822857133E-002
   9.8939440822857133E-002
   9.8939440822857133E-002
   9.8939440822857133E-002
   9.8939440822857133E-002
   9.8939440822857133E-002
   9.8939440822857133E-002
   9.8939440822857133E-002
   9.8939440822857133E-002
   9.8939440822857133E-002
   9.8939440822857133E-002
   9.8939440822857133E-002
   9.8939440822857133E-002
   9.8939440822857133E-002
   9.8939440822857133E-002
   9.8939440822857133E-002
   9.8939440822857133E-002
   9.8939440822857133E-002
   9.8939440822857133E-002
   9.8939440822857133E-002
   9.8939440822857133E-002
   9.8939440822857133E-002
   9.8939440822857133E-002
   9.8939440822857133E-002
   9.8939440822857133E-002
   9.8939440822857133E-002
   9.8939440822857133E-002
   9.8939440822857133E-002
   9.8939440822857133E-002
   9.8939440822857133E-002
   9.8939440822857133E-002
   9.8939440822857133E-002
   9.8939440822857133E-002
   9.8939440822857133E-002
   9.8939440822857133E-002
   9.8939440822857133E-002
   9.8939440822857133E-002
   9.8939440822857133E-002
   9.8939440822857133E-002
   9.8939440822857133E-002
   9.8939440822857133E-002
   9.8939440822857133E-002
   9.8939440822857133E-002
   9.8939440822857133E-002
   9.8939440822857133E-002
   0.7000000000000000     
   0.7000000000000000     
   0.7565446139797816     
   0.4235937155632689     
   0.1610371326557211     
   0.1043679145287305     
   9.9159358465154765E-002
   9.8942302221385309E-002
   9.8939395629253468E-002
   9.8939439880103064E-002
   9.8939440827816694E-002
   9.8939440823012925E-002
   9.8939440822856772E-002
   9.8939440822857105E-002
   9.8939440822857133E-002
   9.8939440822857133E-002
   9.8939440822857133E-002
   9.8939440822857133E-002
   9.8939440822857133E-002
   9.8939440822857133E-002
   9.8939440822857133E-002
   9.8939440822857133E-002
   9.8939440822857133E-002
   9.8939440822857133E-002
   9.8939440822857133E-002
   9.8939440822857133E-002
   9.8939440822857133E-002
   9.8939440822857133E-002
   9.8939440822857133E-002
   9.8939440822857133E-002
   9.8939440822857133E-002
   9.8939440822857133E-002
   9.8939440822857133E-002
   9.8939440822857133E-002
   9.8939440822857133E-002
   9.8939440822857133E-002
   9.8939440822857133E-002
   9.8939440822857133E-002
   9.8939440822857133E-002
   9.8939440822857133E-002
   9.8939440822857133E-002
   9.8939440822857133E-002
   9.8939440822857133E-002
   9.8939440822857133E-002
   9.8939440822857133E-002
   9.8939440822857133E-002
   9.8939440822857133E-002
   9.8939440822857133E-002
   9.8939440822857133E-002
   9.8939440822857133E-002
   9.8939440822857133E-002
   9.8939440822857133E-002
   9.8939440822857133E-002
   9.8939440822857133E-002
   9.8939440822857133E-002
   9.8939440822857133E-002
   9.8939440822857133E-002
   9.8939440822857133E-002
   9.8939440822857133E-002
   9.8939440822857133E-002
   9.8939440822857133E-002
   9.8939440822857133E-002
   9.8939440822857133E-002
   9.8939440822857133E-002
   0.7000000000000000     
   0.7000000000000000     
   0.7584884099856924     
   0.4303092928051716     
   0.1635274064081932     
   0.1046936436539255     
   9.9177477159080249E-002
   9.8942658039403081E-002
   9.8939393220248445E-002
   9.8939439781945443E-002
   9.8939440827955000E-002
   9.8939440823028066E-002
   9.8939440822856772E-002
   9.8939440822857105E-002
   9.8939440822857133E-002
   9.8939440822857133E-002
   9.8939440822857133E-002
   9.8939440822857133E-002
   9.8939440822857133E-002
   9.8939440822857133E-002
   9.8939440822857133E-002
   9.8939440822857133E-002
   9.8939440822857133E-002
   9.8939440822857133E-002
   9.8939440822857133E-002
   9.8939440822857133E-002
   9.8939440822857133E-002
   9.8939440822857133E-002
   9.8939440822857133E-002
   9.8939440822857133E-002
   9.8939440822857133E-002
   9.8939440822857133E-002
   9.8939440822857133E-002
   9.8939440822857133E-002
   9.8939440822857133E-002
   9.8939440822857133E-002
   9.8939440822857133E-002
   9.8939440822857133E-002
   9.8939440822857133E-002
   9.8939440822857133E-002
   9.8939440822857133E-002
   9.8939440822857133E-002
   9.8939440822857133E-002
   9.8939440822857133E-002
   9.8939440822857133E-002
   9.8939440822857133E-002
   9.8939440822857133E-002
   9.8939440822857133E-002
   9.8939440822857133E-002
   9.8939440822857133E-002
   9.8939440822857133E-002
   9.8939440822857133E-002
   9.8939440822857133E-002
   9.8939440822857133E-002
   9.8939440822857133E-002
   9.8939440822857133E-002
   9.8939440822857133E-002
   9.8939440822857133E-002
   9.8939440822857133E-002
   9.8939440822857133E-002
   9.8939440822857133E-002
   9.8939440822857133E-002
   9.8939440822857133E-002
   9.8939440822857133E-002
   0.7000000000000000     
   0.7000000000000000     
   0.7604119965229974     
   0.4369996058148253     
   0.1662427916498684     
   0.1051090698375435     
   9.9211599487774332E-002
   9.8944480742448812E-002
   9.8939457529368266E-002
   9.8939440858063499E-002
   9.8939440823086089E-002
   9.8939440822857175E-002
   9.8939440822857105E-002
   9.8939440822857133E-002
   9.8939440822857133E-002
   9.8939440822857133E-002
   9.8939440822857133E-002
   9.8939440822857133E-002
   9.8939440822857133E-002
   9.8939440822857133E-002
   9.8939440822857133E-002
   9.8939440822857133E-002
   9.8939440822857133E-002
   9.8939440822857133E-002
   9.8939440822857133E-002
   9.8939440822857133E-002
   9.8939440822857133E-002
   9.8939440822857133E-002
   9.8939440822857133E-002
   9.8939440822857133E-002
   9.8939440822857133E-002
   9.8939440822857133E-002
   9.8939440822857133E-002
   9.8939440822857133E-002
   9.8939440822857133E-002
   9.8939440822857133E-002
   9.8939440822857133E-002
   9.8939440822857133E-002
   9.8939440822857133E-002
   9.8939440822857133E-002
   9.8939440822857133E-002
   9.8939440822857133E-002
   9.8939440822857133E-002
   9.8939440822857133E-002
   9.8939440822857133E-002
   9.8939440822857133E-002
   9.8939440822857133E-002
   9.8939440822857133E-002
   9.8939440822857133E-002
   9.8939440822857133E-002
   9.8939440822857133E-002
   9.8939440822857133E-002
   9.8939440822857133E-002
   9.8939440822857133E-002
   9.8939440822857133E-002
   9.8939440822857133E-002
   9.8939440822857133E-002
   9.8939440822857133E-002
   9.8939440822857133E-002
   9.8939440822857133E-002
   9.8939440822857133E-002
   9.8939440822857133E-002
   9.8939440822857133E-002
   9.8939440822857133E-002
   0.7000000000000000     
   0.7000000000000000     
   0.7604119965229974     
   0.4369996058148253     
   0.1662427916498684     
   0.1051090698375435     
   9.9211599487774332E-002
   9.8944480742448812E-002
   9.8939457529368266E-002
   9.8939440858063499E-002
   9.8939440823086089E-002
   9.8939440822857175E-002
   9.8939440822857105E-002
   9.8939440822857133E-002
   9.8939440822857133E-002
   9.8939440822857133E-002
   9.8939440822857133E-002
   9.8939440822857133E-002
   9.8939440822857133E-002
   9.8939440822857133E-002
   9.8939440822857133E-002
   9.8939440822857133E-002
   9.8939440822857133E-002
   9.8939440822857133E-002
   9.8939440822857133E-002
   9.8939440822857133E-002
   9.8939440822857133E-002
   9.8939440822857133E-002
   9.8939440822857133E-002
   9.8939440822857133E-002
   9.8939440822857133E-002
   9.8939440822857133E-002
   9.8939440822857133E-002
   9.8939440822857133E-002
   9.8939440822857133E-002
   9.8939440822857133E-002
   9.8939440822857133E-002
   9.8939440822857133E-002
   9.8939440822857133E-002
   9.8939440822857133E-002
   9.8939440822857133E-002
   9.8939440822857133E-002
   9.8939440822857133E-002
   9.8939440822857133E-002
   9.8939440822857133E-002
   9.8939440822857133E-002
   9.8939440822857133E-002
   9.8939440822857133E-002
   9.8939440822857133E-002
   9.8939440822857133E-002
   9.8939440822857133E-002
   9.8939440822857133E-002
   9.8939440822857133E-002
   9.8939440822857133E-002
   9.8939440822857133E-002
   9.8939440822857133E-002
   9.8939440822857133E-002
   9.8939440822857133E-002
   9.8939440822857133E-002
   9.8939440822857133E-002
   9.8939440822857133E-002
   9.8939440822857133E-002
   9.8939440822857133E-002
   9.9108835691428573E-002
