    0.000000      -4.3794204E-02  -4.9252886E-02  -4.8255384E-02 
  -4.7247954E-02  -4.6060618E-02  -4.4656888E-02  -4.3070890E-02 
  -4.1338153E-02  -3.9492715E-02  -3.7566535E-02  -3.5588428E-02 
  -3.3583131E-02  -3.1570580E-02  -2.9565534E-02  -2.7577495E-02 
  -2.5610944E-02  -2.3665795E-02  -2.1738062E-02  -1.9820642E-02 
  -1.7904202E-02  -1.5978334E-02  -1.4033488E-02  -1.2061113E-02 
  -1.0054299E-02  -8.0087436E-03  -5.9236600E-03  -3.8025973E-03 
  -1.6541232E-03   5.0771359E-04   2.6633197E-03   4.7876299E-03 
   6.8508508E-03   8.8196751E-03   1.0658940E-02   1.2333663E-02 
   1.3811337E-02   1.5064076E-02   1.6070586E-02   1.6817652E-02 
   1.7300894E-02   1.7524803E-02   1.7502002E-02   1.7251961E-02 
   1.6799271E-02   1.6171759E-02   1.5398618E-02   1.4508744E-02 
   1.3529375E-02   1.2485088E-02   1.1397150E-02   1.0283201E-02 
   9.1571836E-03   8.0294888E-03   6.9072177E-03   5.7945363E-03 
   4.6930527E-03   3.6022116E-03   2.5196667E-03   1.4416409E-03 
   3.6327651E-04  -7.2129496E-04  -7.2129496E-04
    0.000000      -4.4025023E-02  -4.9514189E-02  -4.8518874E-02 
  -4.7515433E-02  -4.6331894E-02  -4.4930350E-02  -4.3344103E-02 
  -4.1608088E-02  -3.9756030E-02  -3.7819821E-02  -3.5828438E-02 
  -3.3806920E-02  -3.1775605E-02  -2.9749677E-02  -2.7739048E-02 
  -2.5748549E-02  -2.3778383E-02  -2.1824770E-02  -1.9880751E-02 
  -1.7937083E-02  -1.5983423E-02  -1.4010292E-02  -1.2009241E-02 
  -9.9735139E-03  -7.8990366E-03  -5.7853512E-03  -3.6364528E-03 
  -1.4614746E-03   7.2486134E-04   2.9021048E-03   5.0443634E-03 
   7.1210605E-03   9.0982011E-03   1.0940125E-02   1.2611625E-02 
   1.4080247E-02   1.5318543E-02   1.6305998E-02   1.7030427E-02 
   1.7488640E-02   1.7686356E-02   1.7637378E-02   1.7362196E-02 
   1.6886218E-02   1.6237834E-02   1.5446580E-02   1.4541469E-02 
   1.3549686E-02   1.2495630E-02   1.1400308E-02   1.0281053E-02 
   9.1514988E-03   8.0217281E-03   6.8985671E-03   5.7859323E-03 
   4.6852226E-03   3.5957014E-03   2.5148725E-03   1.4388276E-03 
   3.6257942E-04  -7.1991084E-04  -7.1991084E-04
    0.000000      -4.3909613E-02  -4.9383540E-02  -4.8387129E-02 
  -4.7381692E-02  -4.6196256E-02  -4.4793617E-02  -4.3207496E-02 
  -4.1473120E-02  -3.9624374E-02  -3.7693176E-02  -3.5708435E-02 
  -3.3695027E-02  -3.1673092E-02  -2.9657606E-02  -2.7658271E-02 
  -2.5679747E-02  -2.3722090E-02  -2.1781415E-02  -1.9850697E-02 
  -1.7920641E-02  -1.5980879E-02  -1.4021890E-02  -1.2035176E-02 
  -1.0013906E-02  -7.9538897E-03  -5.8545056E-03  -3.7195249E-03 
  -1.5577989E-03   6.1628746E-04   2.7827122E-03   4.9159969E-03 
   6.9859554E-03   8.9589385E-03   1.0799533E-02   1.2472644E-02 
   1.3945792E-02   1.5191309E-02   1.6188292E-02   1.6924039E-02 
   1.7394768E-02   1.7605580E-02   1.7569691E-02   1.7307078E-02 
   1.6842745E-02   1.6204797E-02   1.5422598E-02   1.4525106E-02 
   1.3539530E-02   1.2490359E-02   1.1398729E-02   1.0282127E-02 
   9.1543412E-03   8.0256080E-03   6.9028921E-03   5.7902345E-03 
   4.6891379E-03   3.5989566E-03   2.5172697E-03   1.4402342E-03 
   3.6292797E-04  -7.2060293E-04  -7.2060293E-04
    0.000000      -4.4468697E-02  -5.0018925E-02  -4.9028683E-02 
  -4.8034012E-02  -4.6859328E-02  -4.5463733E-02  -4.3878712E-02 
  -4.2137921E-02  -4.0274356E-02  -3.8319729E-02  -3.6303274E-02 
  -3.4250624E-02  -3.2182902E-02  -3.0116148E-02  -2.8061105E-02 
  -2.6023330E-02  -2.4003616E-02  -2.1998627E-02  -2.0001709E-02 
  -1.8003814E-02  -1.5994737E-02  -1.3965162E-02  -1.1906860E-02 
  -9.8134000E-03  -7.6811896E-03  -5.5104592E-03  -3.3061341E-03 
  -1.0785294E-03   1.1562161E-03   3.3760620E-03   5.5534486E-03 
   7.6561947E-03   9.6489377E-03   1.1495056E-02   1.3158945E-02 
   1.4608427E-02   1.5817022E-02   1.6765824E-02   1.7444747E-02 
   1.7853003E-02   1.7998768E-02   1.7898159E-02   1.7573653E-02 
   1.7052198E-02   1.6363258E-02   1.5536956E-02   1.4602490E-02 
   1.3586896E-02   1.2514186E-02   1.1404835E-02   1.0275570E-02 
   9.1394018E-03   8.0058211E-03   6.8811113E-03   5.7687149E-03 
   4.6696221E-03   3.5827539E-03   2.5053273E-03   1.4331901E-03 
   3.6114140E-04  -7.1705563E-04  -7.1705563E-04
    0.000000      -4.5658667E-02  -5.1374622E-02  -5.0402276E-02 
  -4.9436890E-02  -4.8292670E-02  -4.6920180E-02  -4.5345437E-02 
  -4.3598156E-02  -4.1708976E-02  -3.9708801E-02  -3.7627403E-02 
  -3.5491947E-02  -3.3325717E-02  -3.1147169E-02  -2.8969424E-02 
  -2.6800174E-02  -2.4641970E-02  -2.2492811E-02  -2.0346997E-02 
  -1.8196121E-02  -1.6030462E-02  -1.3841253E-02  -1.1620981E-02 
  -9.3642334E-03  -7.0688985E-03  -4.7372845E-03  -2.3770824E-03 
  -2.0858392E-06   2.3674439E-03   4.7048870E-03   6.9779539E-03 
   9.1500040E-03   1.1181978E-02   1.3034823E-02   1.4672186E-02 
   1.6063070E-02   1.7184136E-02   1.8021356E-02   1.8570792E-02 
   1.8838482E-02   1.8839471E-02   1.8596182E-02   1.8136391E-02 
   1.7491084E-02   1.6692389E-02   1.5771816E-02   1.4758845E-02 
   1.3679937E-02   1.2557929E-02   1.1411754E-02   1.0256440E-02 
   9.1032851E-03   7.9601640E-03   6.8318988E-03   5.7206578E-03 
   4.6263472E-03   3.5469814E-03   2.4790200E-03   1.4176739E-03 
   3.5718505E-04  -7.0920034E-04  -7.0920034E-04
    0.000000      -4.7416374E-02  -5.3383302E-02  -5.2450661E-02 
  -5.1546626E-02  -5.0468706E-02  -4.9153116E-02  -4.7616050E-02 
  -4.5879740E-02  -4.3969966E-02  -4.1915432E-02  -3.9746091E-02 
  -3.7491139E-02  -3.5177138E-02  -3.2826465E-02  -3.0456243E-02 
  -2.8077874E-02  -2.5697054E-02  -2.3314277E-02  -2.0925697E-02 
  -1.8524267E-02  -1.6101344E-02  -1.3649361E-02  -1.1162303E-02 
  -8.6367857E-03  -6.0735228E-03  -3.4786700E-03  -8.6492271E-04 
   1.7477608E-03   4.3319655E-03   6.8533076E-03   9.2717158E-03 
   1.1543518E-02   1.3624229E-02   1.5471782E-02   1.7049819E-02 
   1.8330630E-02   1.9297285E-02   1.9944731E-02   2.0279687E-02 
   2.0319471E-02   2.0089986E-02   1.9623226E-02   1.8954661E-02 
   1.8120794E-02   1.7157104E-02   1.6096497E-02   1.4968255E-02 
   1.3797454E-02   1.2604767E-02   1.1406543E-02   1.0215083E-02 
   9.0390304E-03   7.8838002E-03   6.7520365E-03   5.6440304E-03 
   4.5581101E-03   3.4909826E-03   2.4380297E-03   1.3935618E-03 
   3.5104289E-04  -6.9700507E-04  -6.9700507E-04
    0.000000      -4.9651045E-02  -5.5949520E-02  -5.5093519E-02 
  -5.4303680E-02  -5.3353194E-02  -5.2156698E-02  -5.0714377E-02 
  -4.9035598E-02  -4.7137000E-02  -4.5042180E-02  -4.2779773E-02 
  -4.0380839E-02  -3.7876107E-02  -3.5293464E-02  -3.2656077E-02 
  -2.9981174E-02  -2.7279617E-02  -2.4556186E-02  -2.1810409E-02 
  -1.9037869E-02  -1.6232161E-02  -1.3388163E-02  -1.0502793E-02 
  -7.5764623E-03  -4.6149632E-03  -1.6311260E-03   1.3539232E-03 
   4.3101213E-03   7.1986644E-03   9.9732364E-03   1.2582354E-02 
   1.4972747E-02   1.7093461E-02   1.8900204E-02   2.0359296E-02 
   2.1450642E-02   2.2169236E-02   2.2525033E-02   2.2541301E-02 
   2.2251813E-02   2.1697419E-02   2.0922504E-02   1.9971805E-02 
   1.8887842E-02   1.7709116E-02   1.6469032E-02   1.5195446E-02 
   1.3910697E-02   1.2631943E-02   1.1371695E-02   1.0138421E-02 
   8.9371586E-03   7.7700894E-03   6.6370438E-03   5.5359388E-03 
   4.4631357E-03   3.4137368E-03   2.3818172E-03   1.3606102E-03 
   3.4266009E-04  -6.8036100E-04  -6.8036100E-04
    0.000000      -5.2235980E-02  -5.8939412E-02  -5.8216657E-02 
  -5.7621393E-02  -5.6893967E-02  -5.5918682E-02  -5.4671314E-02 
  -5.3140357E-02  -5.1326320E-02  -4.9242213E-02  -4.6911754E-02 
  -4.4366166E-02  -4.1640393E-02  -3.8769301E-02  -3.5784431E-02 
  -3.2711685E-02  -2.9570043E-02  -2.6371356E-02  -2.3121066E-02 
  -1.9819673E-02  -1.6465174E-02  -1.3057223E-02  -9.5983334E-03 
  -6.0959063E-03  -2.5647180E-03   9.7099121E-04   4.4761477E-03 
   7.9045193E-03   1.1199767E-02   1.4298101E-02   1.7132485E-02 
   1.9638065E-02   2.1758148E-02   2.3449823E-02   2.4688261E-02 
   2.5468983E-02   2.5807703E-02   2.5737934E-02   2.5306860E-02 
   2.4570318E-02   2.3587707E-02   2.2417506E-02   2.1113837E-02 
   1.9724220E-02   1.8288447E-02   1.6838364E-02   1.5398314E-02 
   1.3985942E-02   1.2613191E-02   1.1287316E-02   1.0011811E-02 
   8.7872278E-03   7.6118382E-03   6.4821639E-03   5.3933864E-03 
   4.3396470E-03   3.3142662E-03   2.3098947E-03   1.3186120E-03 
   3.3199182E-04  -6.5917918E-04  -6.5917918E-04
    0.000000      -5.5000775E-02  -6.2170677E-02  -6.1660234E-02 
  -6.1372288E-02  -6.1005838E-02  -6.0405180E-02  -5.9511121E-02 
  -5.8280166E-02  -5.6685861E-02  -5.4721121E-02  -5.2397311E-02 
  -4.9741037E-02  -4.6789393E-02  -4.3584552E-02  -4.0168688E-02 
  -3.6579859E-02  -3.2849282E-02  -2.9000185E-02  -2.5048120E-02 
  -2.1002524E-02  -1.6869789E-02  -1.2658698E-02  -8.3822878E-03 
  -4.0607536E-03   2.7521441E-04   4.5818309E-03   8.8009294E-03 
   1.2860542E-02   1.6677819E-02   2.0164354E-02   2.3233591E-02 
   2.5809327E-02   2.7833972E-02   2.9275037E-02   3.0128647E-02 
   3.0419411E-02   3.0196842E-02   2.9529141E-02   2.8495643E-02 
   2.7179226E-02   2.5659777E-02   2.4009367E-02   2.2289321E-02 
   2.0549024E-02   1.8826114E-02   1.7147554E-02   1.5531216E-02 
   1.3987607E-02   1.2521529E-02   1.1133519E-02   9.8210489E-03 
   8.5794451E-03   7.4025793E-03   6.2833522E-03   5.2140225E-03 
   4.1864123E-03   3.1920220E-03   2.2220786E-03   1.2675350E-03 
   3.1903721E-04  -6.3345785E-04  -6.3345785E-04
    0.000000      -5.7727549E-02  -6.5406315E-02  -6.5208845E-02 
  -6.5373659E-02  -6.5551892E-02  -6.5538995E-02  -6.5229185E-02 
  -6.4532891E-02  -6.3381255E-02  -6.1731644E-02  -5.9569340E-02 
  -5.6905620E-02  -5.3772822E-02  -5.0217539E-02  -4.6293236E-02 
  -4.2053532E-02  -3.7547156E-02  -3.2815043E-02  -2.7889686E-02 
  -2.2796540E-02  -1.7557764E-02  -1.2199368E-02  -6.7540621E-03 
  -1.2654108E-03   4.2075953E-03   9.5873885E-03   1.4777209E-02 
   1.9664036E-02   2.4125513E-02   2.8040398E-02   3.1301178E-02 
   3.3826623E-02   3.5571795E-02   3.6533535E-02   3.6750257E-02 
   3.6296383E-02   3.5272676E-02   3.3794634E-02   3.1980924E-02 
   2.9943734E-02   2.7781850E-02   2.5576809E-02   2.3391740E-02 
   2.1272242E-02   1.9248528E-02   1.7338200E-02   1.5549088E-02 
   1.3881880E-02   1.2332315E-02   1.0892931E-02   9.5543573E-03 
   8.3062239E-03   7.1377624E-03   6.0381698E-03   4.9967961E-03 
   4.0032146E-03   3.0472081E-03   2.1186974E-03   1.2076341E-03 
   3.0386727E-04  -6.0333812E-04  -6.0333812E-04
    0.000000      -6.0155168E-02  -6.8356551E-02  -6.8587549E-02 
  -6.9375724E-02  -7.0322946E-02  -7.1171142E-02  -7.1758069E-02 
  -7.1932986E-02  -7.1564749E-02  -7.0552379E-02  -6.8831757E-02 
  -6.6377722E-02  -6.3201301E-02  -5.9342772E-02  -5.4862246E-02 
  -4.9829751E-02  -4.4316724E-02  -3.8390264E-02  -3.2110710E-02 
  -2.5532233E-02  -1.8706763E-02  -1.1692916E-02  -4.5598960E-03 
   2.6064476E-03   9.6969092E-03   1.6574904E-02   2.3077883E-02 
   2.9026546E-02   3.4240913E-02   3.8560510E-02   4.1864477E-02 
   4.4087458E-02   4.5227870E-02   4.5346987E-02   4.4559490E-02 
   4.3017797E-02   4.0893659E-02   3.8360413E-02   3.5578534E-02 
   3.2685820E-02   2.9792516E-02   2.6980508E-02   2.4305569E-02 
   2.1801300E-02   1.9483762E-02   1.7356023E-02   1.5412164E-02 
   1.3640543E-02   1.2026278E-02   1.0553022E-02   9.2041502E-03 
   7.9634869E-03   6.8157022E-03   5.7464642E-03   4.7424380E-03 
   3.7911846E-03   2.8810024E-03   2.0007289E-03   1.1395243E-03 
   2.8664264E-04  -5.6913873E-04  -5.6913873E-04
    0.000000      -6.1995324E-02  -7.0693418E-02  -7.1468867E-02 
  -7.3057577E-02  -7.5019829E-02  -7.7048302E-02  -7.8921475E-02 
  -8.0416061E-02  -8.1317693E-02  -8.1437349E-02  -8.0625877E-02 
  -7.8784429E-02  -7.5868502E-02  -7.1884885E-02  -6.6882417E-02 
  -6.0939137E-02  -5.4149296E-02  -4.6613991E-02  -3.8437475E-02 
  -2.9727111E-02  -2.0594195E-02  -1.1160723E-02  -1.5623025E-03 
   8.0421930E-03   1.7457332E-02   2.6442213E-02   3.4716040E-02 
   4.1988537E-02   4.7999535E-02   5.2555580E-02   5.5556037E-02 
   5.7004280E-02   5.7003021E-02   5.5736050E-02   5.3441197E-02 
   5.0380282E-02   4.6811439E-02   4.2967655E-02   3.9043278E-02 
   3.5188336E-02   3.1509161E-02   2.8073272E-02   2.4916420E-02 
   2.2050222E-02   1.9469252E-02   1.7157027E-02   1.5090709E-02 
   1.3244519E-02   1.1592086E-02   1.0107932E-02   8.7682996E-03 
   7.5515341E-03   6.4381580E-03   5.4107457E-03   4.4536958E-03 
   3.5529425E-03   2.6956401E-03   1.8698463E-03   1.0642022E-03 
   2.6761845E-04  -5.3136644E-04  -5.3136644E-04
    0.000000      -6.2961750E-02  -7.2080776E-02  -7.3495500E-02 
  -7.6037958E-02  -7.9247013E-02  -8.2784623E-02  -8.6381666E-02 
  -8.9743532E-02  -9.2559211E-02  -9.4521120E-02  -9.5348306E-02 
  -9.4809636E-02  -9.2742391E-02  -8.9062080E-02  -8.3760694E-02 
  -7.6893464E-02  -6.8558007E-02  -5.8877658E-02  -4.8012130E-02 
  -3.6178585E-02  -2.3628747E-02  -1.0618950E-02   2.6029083E-03 
   1.5774345E-02   2.8572461E-02   4.0570028E-02   5.1234808E-02 
   6.0075410E-02   6.6739634E-02   7.1058422E-02   7.3051885E-02 
   7.2906971E-02   7.0936017E-02   6.7526169E-02   6.3088834E-02 
   5.8016617E-02   5.2652419E-02   4.7272082E-02   4.2079482E-02 
   3.7210904E-02   3.2745142E-02   2.8715946E-02   2.5124485E-02 
   2.1950228E-02   1.9159740E-02   1.6713202E-02   1.4568967E-02 
   1.2686484E-02   1.1028018E-02   9.5594842E-03   8.2507124E-03 
   7.0753321E-03   6.0104458E-03   5.0361981E-03   4.1352971E-03 
   3.2925392E-03   2.4943524E-03   1.7283681E-03   9.8301517E-04 
   2.4713654E-04  -4.9069978E-04  -4.9069978E-04
    0.000000      -6.2809847E-02  -7.2218172E-02  -7.4320413E-02 
  -7.7907115E-02  -8.2528979E-02  -8.7853238E-02  -9.3596689E-02 
  -9.9419370E-02  -0.1049236      -0.1096684      -0.1131952     
  -0.1150624      -0.1148859      -0.1123791      -0.1073818     
  -9.9867262E-02  -8.9889176E-02  -7.7460237E-02  -6.2677413E-02 
  -4.6043977E-02  -2.8281368E-02  -9.9857235E-03   8.4625324E-03 
   2.6780954E-02   4.4578779E-02   6.1123684E-02   7.5065769E-02 
   8.5544452E-02   9.2235014E-02   9.5226549E-02   9.4908118E-02 
   9.1858372E-02   8.6743958E-02   8.0235019E-02   7.2941847E-02 
   6.5374568E-02   5.7925016E-02   5.0867088E-02   4.4370029E-02 
   3.8518507E-02   3.3334397E-02   2.8796848E-02   2.4858834E-02 
   2.1459665E-02   1.8533792E-02   1.6016524E-02   1.3847415E-02 
   1.1971989E-02   1.0342361E-02   8.9171687E-03   7.6610888E-03 
   6.5441690E-03   5.5410732E-03   4.6303314E-03   3.7936361E-03 
   3.0151978E-03   2.2811675E-03   1.5791192E-03   8.9758181E-04 
   2.2560522E-04  -4.4794954E-04  -4.4794954E-04
    0.000000      -6.1378427E-02  -7.0890635E-02  -7.3660143E-02 
  -7.8281529E-02  -8.4359348E-02  -9.1617167E-02  -9.9815503E-02 
  -0.1086300      -0.1176305      -0.1262746      -0.1339155     
  -0.1398287      -0.1432607      -0.1435095      -0.1400345     
  -0.1327139      -0.1218285      -0.1067698      -8.5689589E-02 
  -6.0577746E-02  -3.4383003E-02  -8.6116930E-03   1.6621260E-02 
   4.1755285E-02   6.7013733E-02   9.1910757E-02   0.1103944     
   0.1217535       0.1266292       0.1260458       0.1212141     
   0.1133657       0.1036332       9.2980050E-02   8.2166404E-02 
   7.1742728E-02   6.2066715E-02   5.3335268E-02   4.5622800E-02 
   3.8918599E-02   3.3158660E-02   2.8250212E-02   2.4089020E-02 
   2.0570645E-02   1.7597077E-02   1.5080133E-02   1.2942708E-02 
   1.1118736E-02   9.5524117E-03   8.1970617E-03   7.0138886E-03 
   5.9707365E-03   5.0409450E-03   4.2023221E-03   3.4362492E-03 
   2.7269067E-03   2.0606082E-03   1.4252249E-03   8.0967642E-04 
   2.0347068E-04  -4.0400153E-04  -4.0400153E-04
    0.000000      -5.8621671E-02  -6.8011060E-02  -7.1349122E-02 
  -7.6873153E-02  -8.4282920E-02  -9.3413822E-02  -0.1041435     
  -0.1162578      -0.1294054      -0.1430584      -0.1564765     
  -0.1686759      -0.1784085      -0.1841614      -0.1842674     
  -0.1774064      -0.1687206      -0.1615276      -0.1242395     
  -7.7629432E-02  -3.6879666E-02  -3.1509569E-03   2.7187590E-02 
   5.8497846E-02   9.2937015E-02   0.1432555       0.1653489     
   0.1732305       0.1717633       0.1635714       0.1510161     
   0.1360465       0.1201661       0.1044771       8.9723065E-02 
   7.6342382E-02   6.4533174E-02   5.4321826E-02   4.5624722E-02 
   3.8297374E-02   3.2169569E-02   2.7068159E-02   2.2830332E-02 
   1.9310230E-02   1.6381310E-02   1.3936192E-02   1.1885163E-02 
   1.0154097E-02   8.6822035E-03   7.4198674E-03   6.3266908E-03 
   5.3697811E-03   4.5222864E-03   3.7621646E-03   3.0711540E-03 
   2.4339182E-03   1.8373308E-03   1.2698699E-03   7.2109519E-04 
   1.8118341E-04  -3.5975018E-04  -3.5975018E-04
    0.000000      -5.4619882E-02  -6.3640475E-02  -6.7377582E-02 
  -7.3553860E-02  -8.1993237E-02  -9.2686169E-02  -0.1056949     
  -0.1210196      -0.1385389      -0.1579467      -0.1786773     
  -0.1998034      -0.2198646      -0.2364991      -0.2489458     
  -0.2260902      -0.2160143      -0.2773858      -0.2011368     
  -8.8208146E-02  -1.9718820E-02   1.3681657E-02   3.5400838E-02 
   6.8168037E-02   6.7037880E-02   0.2783078       0.2560892     
   0.2423651       0.2268913       0.2056224       0.1817045     
   0.1574639       0.1343315       0.1132029       9.4542004E-02 
   7.8477360E-02   6.4909935E-02   5.3609230E-02   4.4286497E-02 
   3.6643017E-02   3.0397968E-02   2.5301807E-02   2.1140631E-02 
   1.7735433E-02   1.4938814E-02   1.2630754E-02   1.0714261E-02 
   9.1113318E-03   7.7594221E-03   6.6084359E-03   5.6182314E-03 
   4.7565694E-03   3.9974479E-03   3.3197505E-03   2.7061524E-03 
   2.1422345E-03   1.6157564E-03   1.1160534E-03   6.3352095E-04 
   1.5916475E-04  -3.1603198E-04  -3.1603198E-04
    0.000000      -4.9563717E-02  -5.7977058E-02  -6.1897341E-02 
  -6.8390042E-02  -7.7411175E-02  -8.9121871E-02  -0.1038048     
  -0.1217464      -0.1431838      -0.1682479      -0.1969041     
  -0.2289033      -0.2635727      -0.3015564      -0.3577720     
  -0.2469468      -0.1490788      -0.1529023      -0.1110831     
  -4.7248196E-02  -5.2905520E-03   1.3210129E-02   2.1168008E-02 
   3.9456896E-02  -8.3495257E-03   0.2119424       0.1865240     
   0.3192475       0.2909867       0.2471955       0.2089444     
   0.1744523       0.1439289       0.1177232       9.5765643E-02 
   7.7695087E-02   6.3007779E-02   5.1165625E-02   4.1660871E-02 
   3.4046732E-02   2.7946411E-02   2.3050494E-02   1.9109208E-02 
   1.5923090E-02   1.3333942E-02   1.1216787E-02   9.4730984E-03 
   8.0252504E-03   6.8120533E-03   5.7851966E-03   4.9064397E-03 
   4.1453941E-03   3.4777736E-03   2.8840173E-03   2.3481953E-03 
   1.8571395E-03   1.3997408E-03   9.6637249E-04   5.4840383E-04 
   1.3777697E-04  -2.7356629E-04  -2.7356629E-04
    0.000000      -4.3715805E-02  -5.1315673E-02  -5.5190273E-02 
  -6.1629973E-02  -7.0708342E-02  -8.2739629E-02  -9.8216116E-02 
  -0.1177194      -0.1418867      -0.1713697      -0.2068104     
  -0.2488298      -0.2988301      -0.3474818      -0.2730702     
  -0.1320799      -3.7386220E-02   2.8068583E-02   1.9456152E-02 
  -1.4083479E-03  -4.1627917E-03  -2.1458910E-04   1.9656138E-03 
   3.5126994E-03  -2.7181158E-02   2.3031233E-02   1.6182214E-02 
   0.2054974       0.3134978       0.2793112       0.2283742     
   0.1840720       0.1471539       0.1170555       9.2958093E-02 
   7.3891521E-02   5.8901697E-02   4.7146473E-02   3.7926398E-02 
   3.0680297E-02   2.4966702E-02   2.0442093E-02   1.6840659E-02 
   1.3957204E-02   1.1633372E-02   9.7468318E-03   8.2029076E-03 
   6.9281380E-03   5.8653532E-03   4.9699028E-03   4.2067645E-03 
   3.5483267E-03   2.9726729E-03   2.4622588E-03   2.0028746E-03 
   1.5828324E-03   1.1923163E-03   8.2285318E-04   4.6686831E-04 
   1.1730019E-04  -2.3290921E-04  -2.3290921E-04
    0.000000      -3.7361380E-02  -4.3990083E-02  -4.7608659E-02 
  -5.3645607E-02  -6.2260658E-02  -7.3876448E-02  -8.9142166E-02 
  -0.1088820      -0.1340869      -0.1658771      -0.2054791     
  -0.2540968      -0.3330367      -0.2353938      -6.1030071E-02 
  -8.4125968E-03  -7.2694472E-03   2.6637169E-03   4.3351231E-03 
   8.0041453E-04  -9.6604170E-04  -1.1088606E-03  -1.3843318E-03 
  -2.8571540E-03  -7.4246675E-03  -1.3273052E-03  -1.7777156E-02 
   1.2260811E-02   0.1793701       0.2978482       0.2400860     
   0.1846561       0.1430177       0.1108777       8.6183757E-02 
   6.7314416E-02   5.2897159E-02   4.1848488E-02   3.3342350E-02 
   2.6757663E-02   2.1629559E-02   1.7610062E-02   1.4438019E-02 
   1.1916717E-02   9.8973298E-03   8.2667423E-03   6.9385734E-03 
   5.8465423E-03   4.9395426E-03   4.1779708E-03   3.5309682E-03 
   2.9743416E-03   2.4889831E-03   2.0596606E-03   1.6740857E-03 
   1.3221852E-03   9.9552458E-04   6.8684167E-04   3.8965422E-04 
   9.7917415E-05  -1.9442408E-04  -1.9442408E-04
    0.000000      -3.0761635E-02  -3.6315046E-02  -3.9506957E-02 
  -4.4849977E-02  -5.2550770E-02  -6.3080765E-02  -7.7166699E-02 
  -9.5782101E-02  -0.1201818      -0.1518568      -0.1919881     
  -0.2389090      -0.2686306      -8.8042654E-02  -5.7292609E-03 
   1.2213126E-03  -1.6464535E-03  -3.4841103E-04   4.0833344E-04 
  -2.3797010E-04  -1.0514731E-03  -1.6740072E-03  -2.3968150E-03 
  -3.5345831E-03  -5.0929198E-03  -5.5710208E-03  -7.6036905E-03 
  -1.7567180E-02   2.6549948E-02   0.2387547       0.2263460     
   0.1744134       0.1314863       9.9516705E-02   7.5933658E-02 
   5.8470417E-02   4.5440506E-02   3.5634670E-02   2.8191201E-02 
   2.2493143E-02   1.8095210E-02   1.4673176E-02   1.1988925E-02 
   9.8661352E-03   8.1732422E-03   6.8113697E-03   5.7057021E-03 
   4.7992715E-03   4.0484290E-03   3.4195278E-03   2.8864658E-03 
   2.4288553E-03   2.0306443E-03   1.6790723E-03   1.3638689E-03 
   1.0766329E-03   8.1034214E-04   5.5895810E-04   3.1709182E-04 
   7.9708036E-05  -1.5826857E-04  -1.5826857E-04
    0.000000      -2.4120260E-02  -2.8542466E-02  -3.1184565E-02 
  -3.5618480E-02  -4.2059090E-02  -5.0964702E-02  -6.3048959E-02 
  -7.9314478E-02  -0.1011789      -0.1307658      -0.1714325     
  -0.2419305      -0.1207514      -2.4285460E-02   6.1590527E-04 
   7.7905715E-04  -6.7243294E-04  -7.1624975E-04  -6.6266232E-04 
  -9.8130025E-04  -1.4889752E-03  -2.0640942E-03  -2.7520887E-03 
  -3.6310046E-03  -4.6790298E-03  -5.6657079E-03  -7.3246541E-03 
  -6.5600821E-03  -2.3912959E-02   0.1064070       0.2132085     
   0.1586819       0.1134321       8.3726540E-02   6.2955059E-02 
   4.7983322E-02   3.7010416E-02   2.8857397E-02   2.2726843E-02 
   1.8067621E-02   1.4491743E-02   1.1721837E-02   9.5570209E-03 
   7.8501524E-03   6.4923894E-03   5.4024947E-03   4.5193480E-03 
   3.7966203E-03   3.1989452E-03   2.6991416E-03   2.2761750E-03 
   1.9136466E-03   1.5986658E-03   1.3209976E-03   1.0724125E-03 
   8.4618374E-04   6.3669239E-04   4.3910625E-04   2.4910839E-04 
   6.2649575E-05  -1.2439805E-04  -1.2439805E-04
    0.000000      -1.7567251E-02  -2.0838367E-02  -2.2851625E-02 
  -2.6235078E-02  -3.1179348E-02  -3.8075302E-02  -4.7534902E-02 
  -6.0437236E-02  -7.8062333E-02  -0.1024241      -0.1370177     
  -0.2025060      -5.1917631E-02   6.8144421E-03   6.3413815E-03 
   1.3732419E-03  -4.3594130E-04  -9.0092956E-04  -1.1297999E-03 
  -1.4301176E-03  -1.8245584E-03  -2.2999954E-03  -2.8729641E-03 
  -3.5708516E-03  -4.4023409E-03  -5.3659142E-03  -6.8436116E-03 
  -7.5084912E-03  -2.7680101E-02   2.1935893E-02   0.1761980     
   0.1283560       8.8642821E-02   6.4442381E-02   4.8072957E-02 
   3.6457922E-02   2.8026756E-02   2.1801731E-02   1.7140858E-02 
   1.3609096E-02   1.0904221E-02   8.8121649E-03   7.1789175E-03 
   5.8922288E-03   4.8693684E-03   4.0487638E-03   3.3841843E-03 
   2.8406403E-03   2.3914492E-03   2.0161162E-03   1.6987858E-03 
   1.4270969E-03   1.1913303E-03   9.8376558E-04   7.9819182E-04 
   6.2952854E-04   4.7352767E-04   3.2653083E-04   1.8526119E-04 
   4.6626272E-05  -9.2582668E-05  -9.2582668E-05
    0.000000      -1.1158619E-02  -1.3280169E-02  -1.4619761E-02 
  -1.6870765E-02  -2.0175869E-02  -2.4818249E-02  -3.1240262E-02 
  -4.0072158E-02  -5.2169040E-02  -6.8524405E-02  -8.9447014E-02 
  -0.1129942      -3.6457572E-02  -2.1325045E-03   1.5006225E-03 
   7.2066425E-05  -8.3163497E-04  -1.2352021E-03  -1.4897810E-03 
  -1.7475615E-03  -2.0547973E-03  -2.4256839E-03  -2.8726489E-03 
  -3.4088343E-03  -4.0436909E-03  -4.7931885E-03  -5.7202652E-03 
  -6.7329397E-03  -8.0532543E-03   2.3232340E-03   9.9915154E-02 
   8.1421614E-02   5.8450703E-02   4.2847663E-02   3.2068457E-02 
   2.4388270E-02   1.8797938E-02   1.4658622E-02   1.1550277E-02 
   9.1880634E-03   7.3738140E-03   5.9668585E-03   4.8657311E-03 
   3.9962810E-03   3.3037094E-03   2.7471222E-03   2.2957320E-03 
   1.9261747E-03   1.6205837E-03   1.3651976E-03   1.1493387E-03 
   9.6465851E-04   8.0457254E-04   6.6383457E-04   5.3821056E-04 
   4.2422622E-04   3.1896640E-04   2.1991103E-04   1.2479087E-04 
   3.1443236E-05  -6.2435538E-05  -6.2435538E-05
    0.000000      -4.8876442E-03  -5.8692554E-03  -6.5130210E-03 
  -7.5905710E-03  -9.1816103E-03  -1.1436852E-02  -1.4590898E-02 
  -1.8977467E-02  -2.5028272E-02  -3.3130419E-02  -4.2930875E-02 
  -5.2491467E-02  -1.8438656E-02  -3.3139298E-03  -1.0888586E-03 
  -1.2787614E-03  -1.5225176E-03  -1.6847197E-03  -1.8310779E-03 
  -2.0011959E-03  -2.2138967E-03  -2.4783812E-03  -2.8005582E-03 
  -3.1839123E-03  -3.6284653E-03  -4.1315085E-03  -4.6735732E-03 
  -5.1086224E-03  -4.3300986E-03  -6.5095350E-04   3.7458159E-02 
   3.4204770E-02   2.6417965E-02   2.0213956E-02   1.5579103E-02 
   1.2117384E-02   9.5098885E-03   7.5263684E-03   6.0035139E-03 
   4.8244316E-03   3.9042947E-03   3.1807960E-03   2.6077074E-03 
   2.1504310E-03   1.7828715E-03   1.4852040E-03   1.2422637E-03 
   1.0423743E-03   8.7648671E-04   7.3754322E-04   6.2000187E-04 
   5.1947951E-04   4.3248074E-04   3.5619046E-04   2.8831270E-04 
   2.2694380E-04   1.7046998E-04   1.1748082E-04   6.6689419E-05 
   1.6844588E-05  -3.3448632E-05  -3.3448632E-05
    0.000000       1.2968029E-03   1.4472122E-03   1.5081636E-03 
   1.6197030E-03   1.7729100E-03   1.9616324E-03   2.1762662E-03 
   2.3926357E-03   2.5505943E-03   2.5091572E-03   1.9750230E-03 
   5.0078123E-04  -2.1791412E-03  -2.9925939E-03  -2.7244352E-03 
  -2.3865863E-03  -2.1978917E-03  -2.1307627E-03  -2.1419134E-03 
  -2.2083381E-03  -2.3220715E-03  -2.4814152E-03  -2.6844924E-03 
  -2.9254325E-03  -3.1934124E-03  -3.4754237E-03  -3.7656575E-03 
  -4.0590502E-03  -4.6969289E-03  -2.7236012E-03  -1.7743405E-02 
  -1.1138489E-02  -5.5355714E-03  -2.5204385E-03  -9.5657771E-04 
  -1.5212189E-04   2.4879308E-04   4.3231237E-04   4.9830403E-04 
   5.0162186E-04   4.7289251E-04   4.2932981E-04   3.8056137E-04 
   3.3186143E-04   2.8598640E-04   2.4423513E-04   2.0706924E-04 
   1.7447918E-04   1.4620101E-04   1.2184450E-04   1.0096810E-04 
   8.3121769E-05   6.7870147E-05   5.4803622E-05   4.3541942E-05 
   3.3732744E-05   2.5046424E-05   1.7167215E-05   9.7783795E-06 
   2.5339200E-06  -5.0334706E-06  -5.0334706E-06
    0.000000       7.4674664E-03   8.7508205E-03   9.5162913E-03 
   1.0815703E-02   1.2711889E-02   1.5344841E-02   1.8934118E-02 
   2.3776157E-02   3.0209536E-02   3.8392745E-02   4.7428519E-02 
   5.4235280E-02   1.2881585E-02  -3.3206805E-03  -4.4166828E-03 
  -3.3874004E-03  -2.7720204E-03  -2.5051085E-03  -2.3995272E-03 
  -2.3698183E-03  -2.3879549E-03  -2.4470906E-03  -2.5404703E-03 
  -2.6523729E-03  -2.7572229E-03  -2.8251230E-03  -2.8551917E-03 
  -2.9519245E-03  -5.0310874E-03  -7.2303144E-03  -7.4402556E-02 
  -5.5321727E-02  -3.6475275E-02  -2.4728334E-02  -1.7241426E-02 
  -1.2301863E-02  -8.9546032E-03  -6.6341101E-03  -4.9941228E-03 
  -3.8158037E-03  -2.9567874E-03  -2.3221744E-03  -1.8474102E-03 
  -1.4878273E-03  -1.2120663E-03  -9.9783449E-04  -8.2911173E-04 
  -6.9427467E-04  -5.8481924E-04  -4.9447530E-04  -4.1858660E-04 
  -3.5367016E-04  -2.9710034E-04  -2.4687959E-04  -2.0147066E-04 
  -1.5967285E-04  -1.2052972E-04  -8.3260064E-05  -4.7207122E-05 
  -1.1804259E-05   2.3436309E-05   2.3436309E-05
    0.000000       1.3697258E-02   1.6122365E-02   1.7583061E-02 
   2.0052178E-02   2.3658266E-02   2.8678011E-02   3.5549566E-02 
   4.4894990E-02   5.7551835E-02   7.4462608E-02   9.5690764E-02 
   0.1179040       2.5942633E-02  -6.4673349E-03  -6.8625128E-03 
  -4.2706262E-03  -3.1264243E-03  -2.7411571E-03  -2.5858544E-03 
  -2.4858755E-03  -2.4142556E-03  -2.3794950E-03  -2.3780093E-03 
  -2.3824137E-03  -2.3440870E-03  -2.1949641E-03  -1.8217854E-03 
  -1.2950612E-03   2.1218657E-03  -2.9317923E-02  -0.1351489     
  -9.7034052E-02  -6.5268174E-02  -4.5818973E-02  -3.3002578E-02 
  -2.4222367E-02  -1.8072357E-02  -1.3684249E-02  -1.0502726E-02 
  -8.1633292E-03  -6.4211758E-03  -5.1084026E-03  -4.1079773E-03 
  -3.3371076E-03  -2.7364795E-03  -2.2631236E-03  -1.8856013E-03 
  -1.5807059E-03  -1.3311665E-03  -1.1240321E-03  -9.4951881E-04 
  -8.0017839E-04  -6.7029311E-04  -5.5542937E-04  -4.5210667E-04 
  -3.5754789E-04  -2.6948951E-04  -1.8603391E-04  -1.0553174E-04 
  -2.6483336E-05   5.2582898E-05   5.2582898E-05
    0.000000       2.0037305E-02   2.3612792E-02   2.5745783E-02 
   2.9340690E-02   3.4577806E-02   4.1846797E-02   5.1768105E-02 
   6.5245830E-02   8.3634079E-02   0.1091765       0.1460431     
   0.2195553       2.4203388E-02  -1.7811323E-02  -9.9941725E-03 
  -4.3311222E-03  -2.9155423E-03  -2.7577151E-03  -2.7162496E-03 
  -2.5742922E-03  -2.3996909E-03  -2.2712508E-03  -2.2003751E-03 
  -2.1395902E-03  -2.0074639E-03  -1.7202426E-03  -7.6531456E-04 
  -2.6548877E-03   3.8801607E-02  -0.1273059      -0.1790019     
  -0.1283328      -9.0087071E-02  -6.5105513E-02  -4.7895525E-02 
  -3.5743155E-02  -2.7029142E-02  -2.0694347E-02  -1.6030965E-02 
  -1.2557998E-02  -9.9433148E-03  -7.9542426E-03  -6.4256652E-03 
  -5.2390359E-03  -4.3083499E-03  -3.5706162E-03  -2.9792970E-03 
  -2.4997373E-03  -2.1059373E-03  -1.7782521E-03  -1.5017331E-03 
  -1.2649207E-03  -1.0589567E-03  -8.7692548E-04  -7.1336015E-04 
  -5.6386797E-04  -4.2484229E-04  -2.9323550E-04  -1.6637394E-04 
  -4.1794323E-05   8.2984065E-05   8.2984065E-05
    0.000000       2.6493793E-02   3.1218128E-02   3.3976987E-02 
   3.8612075E-02   4.5331676E-02   5.4597065E-02   6.7138247E-02 
   8.3998270E-02   0.1066951       0.1376128       0.1807572     
   0.2593843       9.2300944E-02   1.3261675E-02  -3.7816179E-03 
  -3.0811080E-03  -2.1383769E-03  -2.6567397E-03  -2.9555873E-03 
  -2.7060949E-03  -2.3234419E-03  -2.0801537E-03  -1.9933167E-03 
  -1.9503873E-03  -1.8207744E-03  -1.4984962E-03  -7.4635411E-04 
  -2.7320504E-03   1.0977147E-02  -0.2289843      -0.2014581     
  -0.1489390      -0.1099898      -8.1867017E-02  -6.1462842E-02 
  -4.6587080E-02  -3.5663858E-02  -2.7575776E-02  -2.1534378E-02 
  -1.6981693E-02  -1.3520411E-02  -1.0865486E-02  -8.8107660E-03 
  -7.2059585E-03  -5.9406324E-03  -4.9330429E-03  -4.1222442E-03 
  -3.4624918E-03  -2.9192262E-03  -2.4661722E-03  -2.0832221E-03 
  -1.7548803E-03  -1.4691087E-03  -1.2164650E-03  -9.8945014E-04 
  -7.8201137E-04  -5.8915600E-04  -4.0664579E-04  -2.3074352E-04 
  -5.7986719E-05   1.1513515E-04   1.1513515E-04
    0.000000       3.3009715E-02   3.8857829E-02   4.2160902E-02 
   4.7690216E-02   5.5648483E-02   6.6511415E-02   8.1021674E-02 
   0.1001842       0.1253077       0.1579436       0.1991659     
   0.2461791       0.2657841       7.0692398E-02  -5.3679006E-04 
  -3.6391576E-03  -4.8379696E-04  -2.9928309E-03  -4.0086722E-03 
  -3.0454258E-03  -2.0306527E-03  -1.6390616E-03  -1.6988127E-03 
  -1.8460869E-03  -1.8570522E-03  -1.4101947E-03  -1.4166288E-03 
   1.8383833E-02  -0.1690028      -0.2620579      -0.2130744     
  -0.1632065      -0.1248215      -9.5430024E-02  -7.3149763E-02 
  -5.6359801E-02  -4.3711979E-02  -3.4157172E-02  -2.6904972E-02 
  -2.1368353E-02  -1.7113695E-02  -1.3820907E-02  -1.1253195E-02 
  -9.2347478E-03  -7.6344414E-03  -6.3539976E-03  -5.3193765E-03 
  -4.4745090E-03  -3.7767119E-03  -3.1933142E-03  -2.6991668E-03 
  -2.2747850E-03  -1.9049586E-03  -1.5777033E-03  -1.2834602E-03 
  -1.0144822E-03  -7.6435396E-04  -5.2760798E-04  -2.9940560E-04 
  -7.5250646E-05   1.4941361E-04   1.4941361E-04
    0.000000       3.9453622E-02   4.6362683E-02   5.0083186E-02 
   5.6286003E-02   6.5127917E-02   7.7034242E-02   9.2663638E-02 
   0.1128534       0.1386027       0.1710039       0.2111494     
   0.2599046       0.3407367       0.2243825       4.7556639E-02 
   4.4578752E-03   7.1263476E-03  -7.4751633E-03  -8.9741116E-03 
  -3.5187826E-03  -5.9097470E-04  -3.6709127E-04  -1.2078031E-03 
  -2.0014162E-03  -1.9097001E-03  -5.0661070E-03   1.7478788E-02 
  -0.1354163      -0.3003584      -0.2653835      -0.2134871     
  -0.1699942      -0.1341020      -0.1051786      -8.2358822E-02 
  -6.4580187E-02  -5.0816856E-02  -4.0185142E-02  -3.1967141E-02 
  -2.5598280E-02  -2.0642662E-02  -1.6767085E-02  -1.3718084E-02 
  -1.1303174E-02  -9.3761049E-03  -7.8255646E-03  -6.5666134E-03 
  -5.5342256E-03  -4.6784389E-03  -3.9607068E-03  -3.3511494E-03 
  -2.8264755E-03  -2.3684024E-03  -1.9624520E-03  -1.5970223E-03 
  -1.2626688E-03  -9.5153711E-04  -6.5690780E-04  -3.7281390E-04 
  -9.3700583E-05   1.8604673E-04   1.8604673E-04
    0.000000       4.5620203E-02   5.3478174E-02   5.7441097E-02 
   6.4020179E-02   7.3285565E-02   8.5550874E-02   0.1013101     
   0.1211436       0.1456756       0.1755200       0.2112471     
   0.2534045       0.3034408       0.3511272       0.2666727     
   0.1231029       4.1275904E-02  -3.9584558E-02  -2.8964942E-02 
  -8.8143779E-04   6.3211704E-03   3.3162613E-03  -6.4933277E-04 
  -3.1767976E-03  -2.8885065E-03  -1.7445320E-02  -0.1668219     
  -0.3285907      -0.2980333      -0.2494741      -0.2070853     
  -0.1697541      -0.1375751      -0.1106176      -8.8540010E-02 
  -7.0751421E-02  -5.6573976E-02  -4.5348711E-02  -3.6489725E-02 
  -2.9503146E-02  -2.3986319E-02  -1.9617809E-02  -1.6144412E-02 
  -1.3368293E-02  -1.1135585E-02  -9.3268938E-03  -7.8496253E-03 
  -6.6319243E-03  -5.6179422E-03  -4.7641625E-03  -4.0365625E-03 
  -3.4084236E-03  -2.8586320E-03  -2.3703659E-03  -1.9300702E-03 
  -1.5266527E-03  -1.1508440E-03  -7.9467881E-04  -4.5105797E-04 
  -1.1336168E-04   2.2508441E-04   2.2508441E-04
    0.000000       5.1247116E-02   5.9888255E-02   6.3878797E-02 
   7.0478633E-02   7.9639070E-02   9.1517158E-02   0.1063914     
   0.1245391       0.1461802       0.1714167       0.2001792     
   0.2321969       0.2667793       0.3050346       0.3615617     
   0.2405003       0.1536065       0.1487765       9.4283685E-02 
   4.0883817E-02   1.4687111E-02  -1.8076100E-03  -1.9833621E-02 
  -4.7458939E-02  -0.2001712      -0.1777198      -0.3329703     
  -0.3101064      -0.2645320      -0.2267454      -0.1931045     
  -0.1625257      -0.1352467      -0.1115055      -9.1312453E-02 
  -7.4461333E-02  -6.0603738E-02  -4.9327575E-02  -4.0216200E-02 
  -3.2884069E-02  -2.6993606E-02  -2.2259835E-02  -1.8447986E-02 
  -1.5367839E-02  -1.2866990E-02  -1.0824233E-02  -9.1436291E-03 
  -7.7494355E-03  -6.5819188E-03  -5.5939578E-03  -4.7483165E-03 
  -4.0154755E-03  -3.3719162E-03  -2.7987605E-03  -2.2806912E-03 
  -1.8050935E-03  -1.3613641E-03  -9.4034238E-04  -5.3382892E-04 
  -1.3416026E-04   2.6638040E-04   2.6638040E-04
    0.000000       5.6049332E-02   6.5260105E-02   6.9045626E-02 
   7.5292394E-02   8.3818249E-02   9.4606936E-02   0.1077130     
   0.1231246       0.1407037       0.1601235       0.1807970     
   0.2017814       0.2216045       0.2378932       0.2496552     
   0.2252079       0.2165464       0.2803805       0.1871861     
   7.8660108E-02   2.2619821E-02  -1.2023049E-02  -4.9102135E-02 
  -0.1028506      -0.2892289      -0.2671416      -0.2532083     
  -0.2385044      -0.2181695      -0.1952851      -0.1718993     
  -0.1490842      -0.1275999      -0.1079939      -9.0587839E-02 
  -7.5489648E-02  -6.2637456E-02  -5.1856097E-02  -4.2909663E-02 
  -3.5541981E-02  -2.9503362E-02  -2.4565764E-02  -2.0529639E-02 
  -1.7225388E-02  -1.4511783E-02  -1.2272911E-02  -1.0414596E-02 
  -8.8608507E-03  -7.5506419E-03  -6.4350655E-03  -5.4749562E-03 
  -4.6389014E-03  -3.9016134E-03  -3.2426042E-03  -2.6451079E-03 
  -2.0952078E-03  -1.5811189E-03  -1.0925934E-03  -6.2040979E-04 
  -1.5592064E-04   3.0958586E-04   3.0958586E-04
    0.000000       5.9766695E-02   6.9302887E-02   7.2665267E-02 
   7.8221083E-02   8.5663162E-02   9.4818696E-02   0.1055559     
   0.1176482       0.1307288       0.1442521       0.1574592     
   0.1693465       0.1786426       0.1838005       0.1831110     
   0.1753267       0.1659093       0.1573966       0.1164486     
   6.8390958E-02   2.6633309E-02  -1.1448894E-02  -5.0886527E-02 
  -9.6308783E-02  -0.1461416      -0.1689063      -0.1782368     
  -0.1782894      -0.1715609      -0.1603572      -0.1464860     
  -0.1312907      -0.1157854      -0.1007285      -8.6652942E-02 
  -7.3888458E-02  -6.2591903E-02  -5.2786440E-02  -4.4402532E-02 
  -3.7314814E-02  -3.1371087E-02  -2.6412845E-02  -2.2288239E-02 
  -1.8859262E-02  -1.6004859E-02  -1.3621467E-02  -1.1622060E-02 
  -9.9344449E-03  -8.4992750E-03  -7.2680535E-03  -6.2012859E-03 
  -5.2668285E-03  -4.4384701E-03  -3.6947250E-03  -3.0178230E-03 
  -2.3928671E-03  -1.8071268E-03  -1.2494405E-03  -7.0969661E-04 
  -1.7836959E-04   3.5415831E-04   3.5415831E-04
    0.000000       6.2213987E-02   7.1826026E-02   7.4595645E-02 
   7.9211175E-02   8.5270226E-02   9.2487924E-02   0.1006153     
   0.1093164       0.1181476       0.1265518       0.1338671     
   0.1393532       0.1422405       0.1418118       0.1375160     
   0.1292322       0.1172211       0.1007157       7.7802196E-02 
   5.0861843E-02   2.2575099E-02  -6.0756425E-03  -3.5001304E-02 
  -6.3851140E-02  -9.0611517E-02  -0.1104858      -0.1232527     
  -0.1295939      -0.1304806      -0.1270389      -0.1203912     
  -0.1115626      -0.1014440      -9.0778209E-02  -8.0152586E-02 
  -6.9999218E-02  -6.0604833E-02  -5.2130353E-02  -4.4636644E-02 
  -3.8111869E-02  -3.2496553E-02  -2.7704166E-02  -2.3636486E-02 
  -2.0194100E-02  -1.7282913E-02  -1.4817666E-02  -1.2723436E-02 
  -1.0935770E-02  -9.4000939E-03  -8.0706878E-03  -6.9095222E-03 
  -5.8850772E-03  -4.9712295E-03  -4.1462532E-03  -3.3919374E-03 
  -2.6928266E-03  -2.0355608E-03  -1.4083069E-03  -8.0025260E-04 
  -2.0114970E-04   3.9938814E-04   3.9938814E-04
    0.000000       6.3319430E-02   7.2779596E-02   7.4860007E-02 
   7.8407630E-02   8.2967184E-02   8.8198461E-02   9.3810052E-02 
   9.9452630E-02   0.1047185       0.1091566       0.1122987     
   0.1136947       0.1129536       0.1097833       0.1040204     
   9.5634401E-02   8.4670387E-02   7.1126662E-02   5.5108767E-02 
   3.7166156E-02   1.8016784E-02  -1.7364040E-03  -2.1573924E-02 
  -4.0860865E-02  -5.8638692E-02  -7.3675692E-02  -8.5252889E-02 
  -9.3104109E-02  -9.7307324E-02  -9.8194309E-02  -9.6260957E-02 
  -9.2087433E-02  -8.6274430E-02  -7.9394907E-02  -7.1958765E-02 
  -6.4389765E-02  -5.7014681E-02  -5.0063763E-02  -4.3680172E-02 
  -3.7935048E-02  -3.2844674E-02  -2.8387040E-02  -2.4516085E-02 
  -2.1172876E-02  -1.8293710E-02  -1.5815547E-02  -1.3679304E-02 
  -1.1831599E-02  -1.0225425E-02  -8.8201147E-03  -7.5809211E-03 
  -6.4783688E-03  -5.4875291E-03  -4.5872852E-03  -3.7596393E-03 
  -2.9890770E-03  -2.2619953E-03  -1.5661918E-03  -8.9039595E-04 
  -2.2384114E-04   4.4444183E-04   4.4444183E-04
    0.000000       6.3139856E-02   7.2264299E-02   7.3639654E-02 
   7.6117083E-02   7.9231337E-02   8.2638934E-02   8.6064868E-02 
   8.9208387E-02   9.1752611E-02   9.3384944E-02   9.3820781E-02 
   9.2827059E-02   9.0241060E-02   8.5980162E-02   8.0039836E-02 
   7.2479956E-02   6.3404083E-02   5.2944329E-02   4.1275825E-02 
   2.8639456E-02   1.5316289E-02   1.6092994E-03  -1.2152401E-02 
  -2.5583617E-02  -3.8218874E-02  -4.9542747E-02  -5.9102215E-02 
  -6.6570073E-02  -7.1773380E-02  -7.4698225E-02  -7.5475015E-02 
  -7.4349754E-02  -7.1647592E-02  -6.7734480E-02  -6.2981211E-02 
  -5.7733521E-02  -5.2290414E-02  -4.6891917E-02  -4.1715592E-02 
  -3.6880117E-02  -3.2453500E-02  -2.8463531E-02  -2.4908448E-02 
  -2.1766597E-02  -1.9004356E-02  -1.6582163E-02  -1.4458792E-02 
  -1.2594144E-02  -1.0950904E-02  -9.4953673E-03  -8.1976885E-03 
  -7.0317830E-03  -5.9750043E-03  -5.0077168E-03  -4.1128248E-03 
  -3.2752997E-03  -2.4817276E-03  -1.7198807E-03  -9.7831560E-04 
  -2.4599049E-04   4.8841914E-04   4.8841914E-04
    0.000000       6.1848689E-02   7.0509560E-02   7.1233869E-02 
   7.2740577E-02   7.4588254E-02   7.6466709E-02   7.8151315E-02 
   7.9415999E-02   8.0044478E-02   7.9847053E-02   7.8675441E-02 
   7.6433294E-02   7.3080219E-02   6.8628483E-02   6.3133545E-02 
   5.6681037E-02   4.9373876E-02   4.1323416E-02   3.2646615E-02 
   2.3466995E-02   1.3916591E-02   4.1451678E-03  -5.6752185E-03 
  -1.5342014E-02  -2.4616923E-02  -3.3233605E-02  -4.0921576E-02 
  -4.7435392E-02  -5.2582379E-02  -5.6244481E-02  -5.8390491E-02 
  -5.9077010E-02  -5.8438685E-02  -5.6670044E-02  -5.4002490E-02 
  -5.0680269E-02  -4.6938900E-02  -4.2988550E-02  -3.9003588E-02 
  -3.5118233E-02  -3.1427279E-02  -2.7990371E-02  -2.4838218E-02 
  -2.1979371E-02  -1.9406646E-02  -1.7102620E-02  -1.5043980E-02 
  -1.3204753E-02  -1.1558513E-02  -1.0079801E-02  -8.7449141E-03 
  -7.5322692E-03  -6.4224619E-03  -5.3981422E-03  -4.4437796E-03 
  -3.5453727E-03  -2.6901374E-03  -1.8661845E-03  -1.0622027E-03 
  -2.6714356E-04   5.3041824E-04   5.3041824E-04
    0.000000       5.9702337E-02   6.7829184E-02   6.8003364E-02 
   6.8701670E-02   6.9526792E-02   7.0220396E-02   7.0619658E-02 
   7.0573926E-02   6.9953099E-02   6.8658382E-02   6.6629097E-02 
   6.3844606E-02   6.0321379E-02   5.6105770E-02   5.1264320E-02 
   4.5873687E-02   4.0012136E-02   3.3753969E-02   2.7167482E-02 
   2.0316038E-02   1.3262626E-02   6.0793767E-03  -1.1486120E-03 
  -8.3182277E-03  -1.5304211E-02  -2.1959418E-02  -2.8121078E-02 
  -3.3622440E-02  -3.8308285E-02  -4.2051695E-02  -4.4768907E-02 
  -4.6429496E-02  -4.7059800E-02  -4.6739168E-02  -4.5589913E-02 
  -4.3763101E-02  -4.1422747E-02  -3.8731001E-02  -3.5836190E-02 
  -3.2864813E-02  -2.9917564E-02  -2.7068885E-02  -2.4369033E-02 
  -2.1847727E-02  -1.9518383E-02  -1.7382313E-02  -1.5432451E-02 
  -1.3656414E-02  -1.2038833E-02  -1.0563040E-02  -9.2121977E-03 
  -7.9699801E-03  -6.8209521E-03  -5.7507022E-03  -4.7458354E-03 
  -3.7938652E-03  -2.8830462E-03  -2.0021782E-03  -1.1403839E-03 
  -2.8687861E-04   5.6960195E-04   5.6960195E-04
    0.000000       5.6996875E-02   6.4569876E-02   6.4315371E-02 
   6.4390309E-02   6.4448930E-02   6.4288631E-02   6.3804999E-02 
   6.2910497E-02   6.1539046E-02   5.9651617E-02   5.7237804E-02 
   5.4313678E-02   5.0916646E-02   4.7098365E-02   4.2917170E-02 
   3.8431250E-02   3.3693630E-02   2.8749395E-02   2.3635294E-02 
   1.8381441E-02   1.3015389E-02   7.5695324E-03   2.0838333E-03 
  -3.3904274E-03  -8.7869614E-03  -1.4022720E-02  -1.8999025E-02 
  -2.3605984E-02  -2.7730217E-02  -3.1264991E-02  -3.4121368E-02 
  -3.6238384E-02  -3.7590336E-02  -3.8189866E-02  -3.8086202E-02 
  -3.7359096E-02  -3.6109727E-02  -3.4450252E-02  -3.2493744E-02 
  -3.0345835E-02  -2.8098840E-02  -2.5828529E-02  -2.3593239E-02 
  -2.1434797E-02  -1.9380568E-02  -1.7446037E-02  -1.5637508E-02 
  -1.3954551E-02  -1.2392100E-02  -1.0942090E-02  -9.5946994E-03 
  -8.3392058E-03  -7.1645640E-03  -6.0597425E-03  -5.0139003E-03 
  -4.0164469E-03  -3.0570198E-03  -2.1254073E-03  -1.2114363E-03 
  -3.0483527E-04   6.0525461E-04   6.0525461E-04
    0.000000       5.4027420E-02   6.1066460E-02   6.0502872E-02 
   6.0130760E-02   5.9654061E-02   5.8920573E-02   5.7873722E-02 
   5.6473054E-02   5.4695640E-02   5.2538302E-02   5.0016548E-02 
   4.7161158E-02   4.4013210E-02   4.0618528E-02   3.7022498E-02 
   3.3265918E-02   2.9382365E-02   2.5397163E-02   2.1327909E-02 
   1.7186237E-02   1.2981118E-02   8.7244175E-03   4.4327416E-03 
   1.3016876E-04  -4.1487459E-03  -8.3569400E-03  -1.2434294E-02 
  -1.6309045E-02  -1.9901337E-02  -2.3128882E-02  -2.5914131E-02 
  -2.8191991E-02  -2.9916840E-02  -3.1067602E-02  -3.1649966E-02 
  -3.1695392E-02  -3.1257201E-02  -3.0404588E-02  -2.9215634E-02 
  -2.7770462E-02  -2.6145436E-02  -2.4408918E-02  -2.2618743E-02 
  -2.0821236E-02  -1.9051477E-02  -1.7334374E-02  -1.5686164E-02 
  -1.4116079E-02  -1.2627915E-02  -1.1221421E-02  -9.8934285E-03 
  -8.6387489E-03  -7.4508204E-03  -6.3221813E-03  -5.2447775E-03 
  -4.2101564E-03  -3.2095730E-03  -2.2340303E-03  -1.2742698E-03 
  -3.2073507E-04   6.3682348E-04   6.3682348E-04
    0.000000       5.1058631E-02   5.7611778E-02   5.6842253E-02 
   5.6171872E-02   5.5347171E-02   5.4256935E-02   5.2880127E-02 
   5.1208630E-02   4.9246509E-02   4.7010388E-02   4.4527490E-02 
   4.1832294E-02   3.8962614E-02   3.5955720E-02   3.2845080E-02 
   2.9658079E-02   2.6414841E-02   2.3128150E-02   1.9804334E-02 
   1.6444875E-02   1.3049003E-02   9.6179526E-03   6.1561470E-03 
   2.6731701E-03  -8.1389543E-04  -4.2786459E-03  -7.6843500E-03 
  -1.0984064E-02  -1.4122132E-02  -1.7037159E-02  -1.9666338E-02 
  -2.1950711E-02  -2.3840666E-02  -2.5300842E-02  -2.6313635E-02 
  -2.6880736E-02  -2.7022475E-02  -2.6775217E-02  -2.6187316E-02 
  -2.5314374E-02  -2.4214560E-02  -2.2944514E-02  -2.1556262E-02 
  -2.0095218E-02  -1.8599210E-02  -1.7098350E-02  -1.5615477E-02 
  -1.4166972E-02  -1.2763711E-02  -1.1412054E-02  -1.0114743E-02 
  -8.8716848E-03  -7.6805977E-03  -6.5375264E-03  -5.4372293E-03 
  -4.3734740E-03  -3.3392434E-03  -2.3268769E-03  -1.3281620E-03 
  -3.3439067E-04   6.6393649E-04   6.6393649E-04
    0.000000       4.8309058E-02   5.4442745E-02   5.3547293E-02 
   5.2692544E-02   5.1658634E-02   5.0365172E-02   4.8815645E-02 
   4.7022711E-02   4.5006264E-02   4.2792972E-02   4.0414248E-02 
   3.7903558E-02   3.5293575E-02   3.2613698E-02   2.9888162E-02 
   2.7134914E-02   2.4365293E-02   2.1584403E-02   1.8792097E-02 
   1.5984369E-02   1.3155430E-02   1.0301026E-02   7.4191992E-03 
   4.5117233E-03   1.5859050E-03  -1.3438852E-03  -4.2551598E-03 
  -7.1169203E-03  -9.8901335E-03  -1.2529209E-02  -1.4984531E-02 
  -1.7205862E-02  -1.9146312E-02  -2.0766377E-02  -2.2037461E-02 
  -2.2944354E-02  -2.3486316E-02  -2.3676641E-02  -2.3540864E-02 
  -2.3113972E-02  -2.2437114E-02  -2.1554276E-02  -2.0509308E-02 
  -1.9343570E-02  -1.8094283E-02  -1.6793562E-02  -1.5468037E-02 
  -1.4138909E-02  -1.2822313E-02  -1.1529844E-02  -1.0269155E-02 
  -9.0445597E-03  -7.8575993E-03  -6.7075328E-03  -5.5917664E-03 
  -4.5062015E-03  -3.4455212E-03  -2.4034120E-03  -1.3727424E-03 
  -3.4570217E-04   6.8639533E-04   6.8639533E-04
    0.000000       4.5947749E-02   5.1739462E-02   5.0774403E-02 
   4.9815133E-02   4.8666500E-02   4.7269851E-02   4.5644548E-02 
   4.3815836E-02   4.1812316E-02   3.9665211E-02   3.7406627E-02 
   3.5067491E-02   3.2675672E-02   3.0254442E-02   2.7821498E-02 
   2.5388526E-02   2.2961346E-02   2.0540502E-02   1.8122211E-02 
   1.5699580E-02   1.3264296E-02   1.0809321E-02   8.3293747E-03 
   5.8220052E-03   3.2890134E-03   7.3772302E-04  -1.8180419E-03 
  -4.3573836E-03  -6.8523143E-03  -9.2684291E-03  -1.1566343E-02 
  -1.3703871E-02  -1.5638821E-02  -1.7332116E-02  -1.8750872E-02 
  -1.9871060E-02  -2.0679325E-02  -2.1173814E-02  -2.1363858E-02 
  -2.1268694E-02  -2.0915441E-02  -2.0336663E-02  -1.9567868E-02 
  -1.8645182E-02  -1.7603440E-02  -1.6474718E-02  -1.5287384E-02 
  -1.4065576E-02  -1.2829038E-02  -1.1593238E-02  -1.0369650E-02 
  -9.1661485E-03  -7.9874527E-03  -6.8355654E-03  -5.7101995E-03 
  -4.6091531E-03  -3.5286471E-03  -2.4636106E-03  -1.4079256E-03 
  -3.5464103E-04   7.0414343E-04   7.0414343E-04
    0.000000       4.4099033E-02   4.9632687E-02   4.8633769E-02 
   4.7621120E-02   4.6416435E-02   4.4975400E-02   4.3326993E-02 
   4.1503616E-02   3.9538331E-02   3.7464127E-02   3.5312448E-02 
   3.3111732E-02   3.0886142E-02   2.8654678E-02   2.6430732E-02 
   2.4222068E-02   2.2031194E-02   1.9856028E-02   1.7690826E-02 
   1.5527233E-02   1.3355720E-02   1.1167884E-02   8.9567499E-03 
   6.7176074E-03   4.4491924E-03   2.1547549E-03  -1.5704871E-04 
  -2.4715383E-03  -4.7677644E-03  -7.0187510E-03  -9.1923131E-03 
  -1.1252478E-02  -1.3161471E-02  -1.4882132E-02  -1.6380513E-02 
  -1.7628385E-02  -1.8605335E-02  -1.9300204E-02  -1.9711666E-02 
  -1.9847963E-02  -1.9725837E-02  -1.9368876E-02  -1.8805515E-02 
  -1.8066948E-02  -1.7185150E-02  -1.6191196E-02  -1.5113943E-02 
  -1.3979104E-02  -1.2808708E-02  -1.1620859E-02  -1.0429771E-02 
  -9.2459628E-03  -8.0765737E-03  -6.9257459E-03  -5.7950169E-03 
  -4.6837116E-03  -3.5893072E-03  -2.5077616E-03  -1.4338075E-03 
  -3.6122426E-04   7.1721443E-04   7.1721443E-04
    0.000000       4.2851239E-02   4.8214898E-02   4.7202166E-02 
   4.6165742E-02   4.4937588E-02   4.3481864E-02   4.1832808E-02 
   4.0026534E-02   3.8098179E-02   3.6081221E-02   3.4006283E-02 
   3.1899981E-02   2.9784080E-02   2.7674966E-02   2.5583498E-02 
   2.3515204E-02   2.1470761E-02   1.9446701E-02   1.7436285E-02 
   1.5430472E-02   1.3419195E-02   1.1393424E-02   9.3453666E-03 
   7.2691762E-03   5.1619769E-03   3.0248158E-03   8.6348003E-04 
  -1.3108805E-03  -3.4814044E-03  -5.6255544E-03  -7.7156001E-03 
  -9.7196158E-03  -1.1602991E-02  -1.3330384E-02  -1.4867971E-02 
  -1.6185759E-02  -1.7259739E-02  -1.8073583E-02  -1.8619720E-02 
  -1.8899634E-02  -1.8923433E-02  -1.8708719E-02  -1.8278990E-02 
  -1.7661775E-02  -1.6886707E-02  -1.5983753E-02  -1.4981694E-02 
  -1.3906972E-02  -1.2782886E-02  -1.1629135E-02  -1.0461655E-02 
  -9.2926733E-03  -8.1309304E-03  -6.9820010E-03  -5.8486671E-03 
  -4.7313054E-03  -3.6282656E-03  -2.5362291E-03  -1.4505335E-03 
  -3.6548200E-04   7.2566816E-04   7.2566816E-04
    0.000000       4.2265926E-02   4.7551475E-02   4.6534520E-02 
   4.5489941E-02   4.4254322E-02   4.2795476E-02   4.1149776E-02 
   3.9354783E-02   3.7446380E-02   3.5458133E-02   3.3420175E-02 
   3.1358264E-02   2.9293077E-02   2.7239846E-02   2.5208343E-02 
   2.3203146E-02   2.1224175E-02   1.9267399E-02   1.7325692E-02 
   1.5389758E-02   1.3449340E-02   1.1495178E-02   9.5191691E-03 
   7.5150188E-03   5.4792035E-03   3.4118628E-03   1.3175887E-03 
  -7.9395651E-04  -2.9077064E-03  -5.0030528E-03  -7.0542339E-03 
  -9.0311607E-03  -1.0900723E-02  -1.2628531E-02  -1.4181017E-02 
  -1.5527624E-02  -1.6642926E-02  -1.7508455E-02  -1.8113948E-02 
  -1.8457921E-02  -1.8547475E-02  -1.8397445E-02  -1.8028993E-02 
  -1.7467855E-02  -1.6742464E-02  -1.5882153E-02  -1.4915570E-02 
  -1.3869402E-02  -1.2767473E-02  -1.1630178E-02  -1.0474221E-02 
  -9.3126092E-03  -8.1548225E-03  -7.0071071E-03  -5.8728284E-03 
  -4.7528613E-03  -3.6459733E-03  -2.5491917E-03  -1.4581486E-03 
  -3.6741042E-04   7.2949700E-04   7.2949700E-04
    0.000000       4.2386677E-02   4.7687780E-02   4.6671521E-02 
   4.5628399E-02   4.4394005E-02   4.2935446E-02   4.1288711E-02 
   3.9491087E-02   3.7578333E-02   3.5584006E-02   3.3538349E-02 
   3.1467296E-02   2.9391741E-02   2.7327152E-02   2.5283508E-02 
   2.3265576E-02   2.1273419E-02   1.9303117E-02   1.7347619E-02 
   1.5397672E-02   1.3443055E-02   1.1474551E-02   9.4841160E-03 
   7.4655400E-03   5.4154233E-03   3.3340796E-03   1.2263298E-03 
  -8.9788018E-04  -3.0230978E-03  -5.1283371E-03  -7.1874503E-03 
  -9.1699837E-03  -1.1042522E-02  -1.2770480E-02  -1.4320210E-02 
  -1.5661241E-02  -1.6768426E-02  -1.7623706E-02  -1.8217355E-02 
  -1.8548474E-02  -1.8624773E-02  -1.8461648E-02  -1.8080739E-02 
  -1.7508158E-02  -1.6772594E-02  -1.5903519E-02  -1.4929621E-02 
  -1.3877545E-02  -1.2771013E-02  -1.1630285E-02  -1.0471909E-02 
  -9.3087358E-03  -8.1500961E-03  -7.0020957E-03  -5.8679818E-03 
  -4.7485256E-03  -3.6424079E-03  -2.5465845E-03  -1.4566246E-03 
  -3.6703300E-04   7.2874763E-04   7.2874763E-04
    0.000000       4.2145170E-02   4.7415171E-02   4.6397522E-02 
   4.5351479E-02   4.4114642E-02   4.2655505E-02   4.1010842E-02 
   3.9218478E-02   3.7314430E-02   3.5332259E-02   3.3302002E-02 
   3.1249234E-02   2.9194411E-02   2.7152542E-02   2.5133178E-02 
   2.3140717E-02   2.1174930E-02   1.9231679E-02   1.7303765E-02 
   1.5381844E-02   1.3455625E-02   1.1515805E-02   9.5542213E-03 
   7.5644981E-03   5.5429838E-03   3.4896461E-03   1.4088475E-03 
  -6.9003284E-04  -2.7923151E-03  -4.8777689E-03  -6.9210175E-03 
  -8.8923378E-03  -1.0758923E-02  -1.2486583E-02  -1.4041823E-02 
  -1.5394006E-02  -1.6517429E-02  -1.7393203E-02  -1.8010544E-02 
  -1.8367367E-02  -1.8470176E-02  -1.8333243E-02  -1.7977247E-02 
  -1.7427551E-02  -1.6712332E-02  -1.5860787E-02  -1.4901518E-02 
  -1.3861259E-02  -1.2763934E-02  -1.1630071E-02  -1.0476532E-02 
  -9.3164816E-03  -8.1595499E-03  -7.0121186E-03  -5.8776755E-03 
  -4.7571976E-03  -3.6495386E-03  -2.5517989E-03  -1.4596726E-03 
  -3.6778781E-04   7.3024631E-04   7.3024631E-04
