    0.000000      -4.3964252E-02  -4.8814628E-02  -4.7967046E-02 
  -4.6939157E-02  -4.5676816E-02  -4.4225998E-02  -4.2851571E-02 
  -4.0955424E-02  -3.9123792E-02  -3.7200842E-02  -3.5094999E-02 
  -3.3153955E-02  -3.1157169E-02  -2.9127188E-02  -2.7241940E-02 
  -2.5189508E-02  -2.3343880E-02  -2.1542219E-02  -1.9443352E-02 
  -1.7520383E-02  -1.5954772E-02  -1.3866732E-02  -1.1795185E-02 
  -9.7685764E-03  -7.7548092E-03  -5.6262934E-03  -3.5129350E-03 
  -1.3820262E-03   7.4144895E-04   2.8678703E-03   4.9897362E-03 
   7.0186579E-03   8.9681754E-03   1.0745618E-02   1.2374012E-02 
   1.3861125E-02   1.5059843E-02   1.6034257E-02   1.6777726E-02 
   1.7230749E-02   1.7456044E-02   1.7383378E-02   1.7147925E-02 
   1.6686879E-02   1.6060038E-02   1.5281827E-02   1.4359426E-02 
   1.3399162E-02   1.2368706E-02   1.1282163E-02   1.0191358E-02 
   9.0732230E-03   7.9443352E-03   6.8481369E-03   5.7382104E-03 
   4.6440521E-03   3.5686181E-03   2.4916404E-03   1.4251593E-03 
   3.5275402E-04  -7.0545910E-04  -7.0545910E-04
    0.000000      -4.4201147E-02  -4.9152687E-02  -4.8257019E-02 
  -4.7125727E-02  -4.5899056E-02  -4.4427495E-02  -4.3079928E-02 
  -4.1245751E-02  -3.9394323E-02  -3.7412178E-02  -3.5239011E-02 
  -3.3456177E-02  -3.1471141E-02  -2.9396504E-02  -2.7341394E-02 
  -2.5460891E-02  -2.3405621E-02  -2.1444337E-02  -1.9613544E-02 
  -1.7565466E-02  -1.5730869E-02  -1.3845552E-02  -1.1756551E-02 
  -9.7360397E-03  -7.6122512E-03  -5.5245068E-03  -3.3807168E-03 
  -1.2123255E-03   9.7045006E-04   3.1155099E-03   5.2348683E-03 
   7.3007517E-03   9.2299087E-03   1.1025997E-02   1.2688537E-02 
   1.4134050E-02   1.5335618E-02   1.6286978E-02   1.6991686E-02 
   1.7447840E-02   1.7605150E-02   1.7511129E-02   1.7268537E-02 
   1.6752154E-02   1.6093917E-02   1.5323605E-02   1.4414160E-02 
   1.3432065E-02   1.2389917E-02   1.1293838E-02   1.0198037E-02 
   9.0616988E-03   7.9464810E-03   6.8356199E-03   5.7354551E-03 
   4.6324697E-03   3.5579544E-03   2.4859875E-03   1.4248659E-03 
   3.5220626E-04  -6.9974008E-04  -6.9974008E-04
    0.000000      -4.4082697E-02  -4.8983656E-02  -4.8112031E-02 
  -4.7032442E-02  -4.5787934E-02  -4.4326745E-02  -4.2965747E-02 
  -4.1100588E-02  -3.9259057E-02  -3.7306510E-02  -3.5167005E-02 
  -3.3305068E-02  -3.1314153E-02  -2.9261846E-02  -2.7291667E-02 
  -2.5325200E-02  -2.3374749E-02  -2.1493278E-02  -1.9528447E-02 
  -1.7542925E-02  -1.5842820E-02  -1.3856142E-02  -1.1775868E-02 
  -9.7523080E-03  -7.6835304E-03  -5.5754003E-03  -3.4468258E-03 
  -1.2971759E-03   8.5594953E-04   2.9916901E-03   5.1123025E-03 
   7.1597048E-03   9.0990420E-03   1.0885808E-02   1.2531274E-02 
   1.3997587E-02   1.5197731E-02   1.6160619E-02   1.6884707E-02 
   1.7339295E-02   1.7530598E-02   1.7447254E-02   1.7208230E-02 
   1.6719516E-02   1.6076978E-02   1.5302716E-02   1.4386793E-02 
   1.3415614E-02   1.2379311E-02   1.1288000E-02   1.0194697E-02 
   9.0674609E-03   7.9454081E-03   6.8418784E-03   5.7368325E-03 
   4.6382612E-03   3.5632863E-03   2.4888141E-03   1.4250126E-03 
   3.5248016E-04  -7.0259959E-04  -7.0259959E-04
    0.000000      -4.4668715E-02  -4.9683217E-02  -4.8784509E-02 
  -4.7728430E-02  -4.6449635E-02  -4.5027398E-02  -4.3561958E-02 
  -4.1757245E-02  -3.9897863E-02  -3.7870336E-02  -3.5782110E-02 
  -3.3909328E-02  -3.1818092E-02  -2.9775836E-02  -2.7673041E-02 
  -2.5719445E-02  -2.3645312E-02  -2.1663062E-02  -1.9715279E-02 
  -1.7702149E-02  -1.5748989E-02  -1.3747796E-02  -1.1643488E-02 
  -9.5542306E-03  -7.3907427E-03  -5.2528265E-03  -3.0495804E-03 
  -8.3445793E-04   1.3996108E-03   3.5935231E-03   5.7489746E-03 
   7.8174276E-03   9.7859688E-03   1.1566329E-02   1.3222304E-02 
   1.4651446E-02   1.5830217E-02   1.6717428E-02   1.7384792E-02 
   1.7804744E-02   1.7920904E-02   1.7770959E-02   1.7466040E-02 
   1.6928904E-02   1.6214669E-02   1.5400378E-02   1.4471620E-02 
   1.3476722E-02   1.2404979E-02   1.1311703E-02   1.0181566E-02 
   9.0450654E-03   7.9373531E-03   6.8169571E-03   5.7151807E-03 
   4.6174959E-03   3.5446950E-03   2.4783402E-03   1.4175901E-03 
   3.5093140E-04  -6.9816335E-04  -6.9816335E-04
    0.000000      -4.5863353E-02  -5.1085245E-02  -5.0121989E-02 
  -4.9222365E-02  -4.7910772E-02  -4.6577584E-02  -4.4925280E-02 
  -4.3217383E-02  -4.1325010E-02  -3.9239570E-02  -3.7226703E-02 
  -3.5044115E-02  -3.2916345E-02  -3.0821078E-02  -2.8552262E-02 
  -2.6520558E-02  -2.4340183E-02  -2.2178084E-02  -2.0010069E-02 
  -1.7911358E-02  -1.5745953E-02  -1.3629887E-02  -1.1379430E-02 
  -9.0943677E-03  -6.7577539E-03  -4.4851089E-03  -2.0962181E-03 
   2.6267392E-04   2.6124862E-03   4.9419478E-03   7.1903733E-03 
   9.2864558E-03   1.1325222E-02   1.3099338E-02   1.4711760E-02 
   1.6113231E-02   1.7178617E-02   1.7953416E-02   1.8477283E-02 
   1.8765962E-02   1.8746829E-02   1.8475236E-02   1.8018514E-02 
   1.7365335E-02   1.6543100E-02   1.5619288E-02   1.4626020E-02 
   1.3574438E-02   1.2445441E-02   1.1324764E-02   1.0157672E-02 
   9.0106679E-03   7.8969207E-03   6.7654806E-03   5.6637530E-03 
   4.5798868E-03   3.5073047E-03   2.4529535E-03   1.3999069E-03 
   3.4698987E-04  -6.9059344E-04  -6.9059344E-04
    0.000000      -4.7607433E-02  -5.3078797E-02  -5.2201021E-02 
  -5.1306568E-02  -5.0141722E-02  -4.8783530E-02  -4.7224704E-02 
  -4.5535531E-02  -4.3537796E-02  -4.1461699E-02  -3.9321598E-02 
  -3.6986519E-02  -3.4744669E-02  -3.2470129E-02  -2.9979797E-02 
  -2.7837627E-02  -2.5388783E-02  -2.2969525E-02  -2.0546349E-02 
  -1.8157851E-02  -1.5809199E-02  -1.3392700E-02  -1.0890527E-02 
  -8.3643030E-03  -5.7423697E-03  -3.1756798E-03  -5.5506383E-04 
   2.0387208E-03   4.6003014E-03   7.1189976E-03   9.4912024E-03 
   1.1702713E-02   1.3766457E-02   1.5559106E-02   1.7072214E-02 
   1.8382527E-02   1.9270018E-02   1.9898932E-02   2.0159107E-02 
   2.0235665E-02   1.9986022E-02   1.9507818E-02   1.8822035E-02 
   1.7969757E-02   1.7005222E-02   1.5945831E-02   1.4832476E-02 
   1.3678662E-02   1.2490767E-02   1.1310020E-02   1.0121644E-02 
   8.9570070E-03   7.8183888E-03   6.6855825E-03   5.5874530E-03 
   4.5168647E-03   3.4500838E-03   2.4109650E-03   1.3769756E-03 
   3.4249909E-04  -6.7944685E-04  -6.7944685E-04
    0.000000      -4.9858674E-02  -5.5660490E-02  -5.4907139E-02 
  -5.4048132E-02  -5.3100944E-02  -5.1778030E-02  -5.0352268E-02 
  -4.8738077E-02  -4.6692368E-02  -4.4531308E-02  -4.2339429E-02 
  -3.9906606E-02  -3.7339803E-02  -3.4867119E-02  -3.2199852E-02 
  -2.9685572E-02  -2.6857292E-02  -2.4193654E-02  -2.1401195E-02 
  -1.8650349E-02  -1.5959801E-02  -1.3017474E-02  -1.0134926E-02 
  -7.2458372E-03  -4.2603454E-03  -1.2683446E-03   1.6900213E-03 
   4.6343845E-03   7.5202528E-03   1.0246073E-02   1.2832273E-02 
   1.5143769E-02   1.7214611E-02   1.9012013E-02   2.0387584E-02 
   2.1497997E-02   2.2127368E-02   2.2472586E-02   2.2432033E-02 
   2.2194261E-02   2.1596188E-02   2.0776993E-02   1.9820504E-02 
   1.8737325E-02   1.7546121E-02   1.6321201E-02   1.5064388E-02 
   1.3779497E-02   1.2514088E-02   1.1278432E-02   1.0042353E-02 
   8.8610714E-03   7.6954211E-03   6.5701706E-03   5.4810839E-03 
   4.4213622E-03   3.3747591E-03   2.3555432E-03   1.3462434E-03 
   3.3506405E-04  -6.6467456E-04  -6.6467456E-04
    0.000000      -5.2463405E-02  -5.8758292E-02  -5.8127861E-02 
  -5.7387058E-02  -5.6741878E-02  -5.5605270E-02  -5.4254051E-02 
  -5.2895010E-02  -5.0858185E-02  -4.8756815E-02  -4.6454463E-02 
  -4.3865725E-02  -4.1031569E-02  -3.8186803E-02  -3.5353657E-02 
  -3.2263666E-02  -2.9059991E-02  -2.6042003E-02  -2.2690699E-02 
  -1.9365733E-02  -1.6088914E-02  -1.2684207E-02  -9.1491565E-03 
  -5.6774970E-03  -2.1672398E-03   1.3899606E-03   4.8663169E-03 
   8.2868282E-03   1.1559769E-02   1.4559054E-02   1.7410310E-02 
   1.9780582E-02   2.1864893E-02   2.3530271E-02   2.4704874E-02 
   2.5496878E-02   2.5744658E-02   2.5653787E-02   2.5207672E-02 
   2.4499934E-02   2.3459695E-02   2.2275936E-02   2.0959212E-02 
   1.9560400E-02   1.8103166E-02   1.6691284E-02   1.5273249E-02 
   1.3843348E-02   1.2480025E-02   1.1195345E-02   9.9156098E-03 
   8.7080337E-03   7.5285365E-03   6.4139324E-03   5.3405762E-03 
   4.2939861E-03   3.2769300E-03   2.2838775E-03   1.3044440E-03 
   3.2337586E-04  -6.4345374E-04  -6.4345374E-04
    0.000000      -5.5311363E-02  -6.2035374E-02  -6.1714049E-02 
  -6.1251387E-02  -6.0880668E-02  -6.0108408E-02  -5.9148487E-02 
  -5.8034435E-02  -5.6153256E-02  -5.4246966E-02  -5.1895030E-02 
  -4.9179241E-02  -4.6078201E-02  -4.2920891E-02  -3.9630763E-02 
  -3.6081593E-02  -3.2235857E-02  -2.8569626E-02  -2.4566645E-02 
  -2.0391641E-02  -1.6370341E-02  -1.2181593E-02  -7.8512756E-03 
  -3.5290169E-03   7.5899024E-04   5.0535672E-03   9.2784911E-03 
   1.3295990E-02   1.7064154E-02   2.0462222E-02   2.3523171E-02 
   2.5951693E-02   2.7904840E-02   2.9301733E-02   3.0122811E-02 
   3.0353284E-02   3.0097008E-02   2.9393630E-02   2.8386990E-02 
   2.7042681E-02   2.5499610E-02   2.3882454E-02   2.2135206E-02 
   2.0349551E-02   1.8631304E-02   1.7010190E-02   1.5391828E-02 
   1.3837259E-02   1.2382673E-02   1.1025414E-02   9.7325752E-03 
   8.4986575E-03   7.3229363E-03   6.2145893E-03   5.1647001E-03 
   4.1395822E-03   3.1554096E-03   2.1964475E-03   1.2510859E-03 
   3.1054561E-04  -6.1929727E-04  -6.1929727E-04
    0.000000      -5.8126837E-02  -6.5291494E-02  -6.5335356E-02 
  -6.5349437E-02  -6.5461785E-02  -6.5260105E-02  -6.5043226E-02 
  -6.4293526E-02  -6.2955566E-02  -6.1213456E-02  -5.9086367E-02 
  -5.6206957E-02  -5.3072318E-02  -4.9423099E-02  -4.5568950E-02 
  -4.1488212E-02  -3.6890436E-02  -3.2177251E-02  -2.7235352E-02 
  -2.2076648E-02  -1.6879339E-02  -1.1504981E-02  -6.1325356E-03 
  -6.5827381E-04   4.8144283E-03   1.0133615E-02   1.5289525E-02 
   2.0144122E-02   2.4485558E-02   2.8425364E-02   3.1541158E-02 
   3.4046080E-02   3.5600837E-02   3.6528036E-02   3.6707345E-02 
   3.6125425E-02   3.5121486E-02   3.3550404E-02   3.1849582E-02 
   2.9756831E-02   2.7550653E-02   2.5397165E-02   2.3242785E-02 
   2.1047417E-02   1.9050203E-02   1.7178321E-02   1.5397176E-02 
   1.3729339E-02   1.2206445E-02   1.0777012E-02   9.4685340E-03 
   8.2222028E-03   7.0636906E-03   5.9656771E-03   4.9474547E-03 
   3.9592790E-03   3.0103975E-03   2.0948078E-03   1.1925113E-03 
   2.9752043E-04  -5.9222401E-04  -5.9222401E-04
    0.000000      -6.0600132E-02  -6.8277061E-02  -6.8798952E-02 
  -6.9329850E-02  -7.0363961E-02  -7.1001366E-02  -7.1610965E-02 
  -7.1857318E-02  -7.1193464E-02  -7.0114188E-02  -6.8245828E-02 
  -6.5558486E-02  -6.2566236E-02  -5.8334857E-02  -5.3851821E-02 
  -4.9048103E-02  -4.3562513E-02  -3.7455332E-02  -3.1293917E-02 
  -2.4878588E-02  -1.7787455E-02  -1.0897452E-02  -3.8250487E-03 
   3.3256249E-03   1.0425746E-02   1.7255289E-02   2.3677541E-02 
   2.9553581E-02   3.4637891E-02   3.8920861E-02   4.2091347E-02 
   4.4325829E-02   4.5300014E-02   4.5352295E-02   4.4437122E-02 
   4.2813264E-02   4.0715262E-02   3.8079821E-02   3.5389509E-02 
   3.2516640E-02   2.9500527E-02   2.6745576E-02   2.4144080E-02 
   2.1572351E-02   1.9273868E-02   1.7160553E-02   1.5251614E-02 
   1.3491092E-02   1.1887400E-02   1.0437950E-02   9.1123702E-03 
   7.8723663E-03   6.7407112E-03   5.6717903E-03   4.6886774E-03 
   3.7502390E-03   2.8439250E-03   1.9778649E-03   1.1264181E-03 
   2.8173183E-04  -5.5931450E-04  -5.5931450E-04
    0.000000      -6.2486794E-02  -7.0756786E-02  -7.1723789E-02 
  -7.3066942E-02  -7.5254939E-02  -7.7015407E-02  -7.8842655E-02 
  -8.0477588E-02  -8.0955125E-02  -8.0991790E-02  -7.9843186E-02 
  -7.7907763E-02  -7.5216211E-02  -7.0691518E-02  -6.5752439E-02 
  -5.9901178E-02  -5.3141017E-02  -4.5294359E-02  -3.7323616E-02 
  -2.8765226E-02  -1.9365916E-02  -1.0150971E-02  -6.1475579E-04 
   9.0057822E-03   1.8356143E-02   2.7194418E-02   3.5393938E-02 
   4.2596910E-02   4.8541304E-02   5.2917060E-02   5.5636864E-02 
   5.7270344E-02   5.7012416E-02   5.5723649E-02   5.3302750E-02 
   5.0099760E-02   4.6641365E-02   4.2680133E-02   3.8739633E-02 
   3.4975030E-02   3.1211644E-02   2.7816230E-02   2.4735829E-02 
   2.1801706E-02   1.9271074E-02   1.6941013E-02   1.4939060E-02 
   1.3095091E-02   1.1449458E-02   9.9882372E-03   8.6691752E-03 
   7.4639381E-03   6.3630831E-03   5.3356099E-03   4.3944563E-03 
   3.5139462E-03   2.6609465E-03   1.8480484E-03   1.0501459E-03 
   2.6319193E-04  -5.2158261E-04  -5.2158261E-04
    0.000000      -6.3463293E-02  -7.2403021E-02  -7.3778406E-02 
  -7.6216832E-02  -7.9609334E-02  -8.2912296E-02  -8.6463548E-02 
  -8.9966781E-02  -9.2244886E-02  -9.4125435E-02  -9.4813228E-02 
  -9.3949936E-02  -9.1752641E-02  -8.8003457E-02  -8.2662456E-02 
  -7.5473472E-02  -6.7113861E-02  -5.7028919E-02  -4.6294961E-02 
  -3.4543127E-02  -2.1914635E-02  -9.1583533E-03   3.8112844E-03 
   1.6877707E-02   2.9573156E-02   4.1271452E-02   5.1675636E-02 
   6.0673408E-02   6.7174979E-02   7.1369395E-02   7.2958030E-02 
   7.3146246E-02   7.0850469E-02   6.7514569E-02   6.2881067E-02 
   5.7564601E-02   5.2484792E-02   4.6949770E-02   4.1725840E-02 
   3.6888830E-02   3.2429576E-02   2.8424297E-02   2.4906062E-02 
   2.1688048E-02   1.8940225E-02   1.6480578E-02   1.4423991E-02 
   1.2521392E-02   1.0883410E-02   9.4485320E-03   8.1531918E-03 
   6.9864132E-03   5.9357267E-03   4.9616345E-03   4.0738489E-03 
   3.2518269E-03   2.4624548E-03   1.7081986E-03   9.6983305E-04 
   2.4360171E-04  -4.8293977E-04  -4.8293977E-04
    0.000000      -6.3319631E-02  -7.2670624E-02  -7.4679226E-02 
  -7.8239158E-02  -8.2938962E-02  -8.8216186E-02  -9.3731195E-02 
  -9.9813022E-02  -0.1049335      -0.1096223      -0.1131450     
  -0.1145266      -0.1137893      -0.1113829      -0.1061398     
  -9.7939424E-02  -8.7736651E-02  -7.4683689E-02  -6.0180206E-02 
  -4.3317966E-02  -2.5997723E-02  -7.9737417E-03   1.0080754E-02 
   2.8061908E-02   4.5590557E-02   6.1727006E-02   7.5203441E-02 
   8.5731298E-02   9.2432067E-02   9.5203660E-02   9.4578527E-02 
   9.1964118E-02   8.6727999E-02   8.0079056E-02   7.2750047E-02 
   6.4909875E-02   5.7585418E-02   5.0581180E-02   4.4076711E-02 
   3.8193319E-02   3.3002157E-02   2.8446566E-02   2.4587244E-02 
   2.1193579E-02   1.8289780E-02   1.5774542E-02   1.3684793E-02 
   1.1806143E-02   1.0189286E-02   8.8103218E-03   7.5715687E-03 
   6.4505506E-03   5.4664374E-03   4.5606075E-03   3.7351961E-03 
   2.9725423E-03   2.2506749E-03   1.5578319E-03   8.8513666E-04 
   2.2240271E-04  -4.4175488E-04  -4.4175488E-04
    0.000000      -6.1926767E-02  -7.1371339E-02  -7.4175969E-02 
  -7.8667819E-02  -8.4796958E-02  -9.2255592E-02  -0.1001155     
  -0.1091896      -0.1181200      -0.1268935      -0.1340389     
  -0.1398857      -0.1422720      -0.1429725      -0.1388665     
  -0.1310076      -0.1191965      -0.1026093      -8.0722280E-02 
  -5.5546448E-02  -3.0765830E-02  -5.8957622E-03   1.8719783E-02 
   4.3097116E-02   6.8130113E-02   9.2378147E-02   0.1097399     
   0.1210122       0.1266778       0.1255520       0.1208469     
   0.1136059       0.1033729       9.2685126E-02   8.1975073E-02 
   7.1434006E-02   6.1621759E-02   5.2972000E-02   4.5380861E-02 
   3.8595978E-02   3.2800350E-02   2.7874850E-02   2.3793256E-02 
   2.0288872E-02   1.7375641E-02   1.4839342E-02   1.2762921E-02 
   1.0948403E-02   9.3954038E-03   8.0782501E-03   6.9209957E-03 
   5.8785076E-03   4.9643787E-03   4.1371374E-03   3.3813959E-03 
   2.6847518E-03   2.0304429E-03   1.4036297E-03   7.9738611E-04 
   2.0025858E-04  -3.9865609E-04  -3.9865609E-04
    0.000000      -5.9199788E-02  -6.8554565E-02  -7.1941122E-02 
  -7.7372245E-02  -8.4844112E-02  -9.4123766E-02  -0.1047772     
  -0.1170411      -0.1300765      -0.1442952      -0.1568318     
  -0.1692551      -0.1779893      -0.1841490      -0.1842453     
  -0.1772323      -0.1679044      -0.1554646      -0.1103045     
  -6.6408373E-02  -3.1167068E-02  -5.8137294E-04   2.8652944E-02 
   5.9408698E-02   9.5496885E-02   0.1421995       0.1630363     
   0.1706917       0.1707373       0.1627363       0.1506682     
   0.1361832       0.1200185       0.1043158       8.9589126E-02 
   7.6140694E-02   6.4065494E-02   5.3776477E-02   4.5365781E-02 
   3.7869338E-02   3.1806525E-02   2.6672022E-02   2.2482252E-02 
   1.9045159E-02   1.6143827E-02   1.3694929E-02   1.1678616E-02 
   9.9919001E-03   8.5326126E-03   7.3061413E-03   6.2286463E-03 
   5.2827410E-03   4.4460990E-03   3.7013937E-03   3.0212519E-03 
   2.3930953E-03   1.8081224E-03   1.2507340E-03   7.0888444E-04 
   1.7855645E-04  -3.5567768E-04  -3.5567768E-04
    0.000000      -5.5158734E-02  -6.4314291E-02  -6.7957528E-02 
  -7.4218228E-02  -8.2684554E-02  -9.3289174E-02  -0.1064334     
  -0.1219858      -0.1398319      -0.1594937      -0.1795735     
  -0.2014790      -0.2216521      -0.2384619      -0.2496652     
  -0.2249448      -0.2193877      -0.3004818      -0.1464629     
  -5.3562868E-02  -1.3984089E-02   9.6234251E-03   3.3533212E-02 
   6.3188531E-02   9.1181755E-02   0.2631388       0.2486701     
   0.2374386       0.2252297       0.2051535       0.1812447     
   0.1578719       0.1346898       0.1131492       9.4562061E-02 
   7.8264266E-02   6.4416707E-02   5.3026274E-02   4.3932110E-02 
   3.6130652E-02   2.9979795E-02   2.4909168E-02   2.0764071E-02 
   1.7470298E-02   1.4670205E-02   1.2395199E-02   1.0504614E-02 
   8.9664971E-03   7.6264394E-03   6.5016430E-03   5.5251871E-03 
   4.6755620E-03   3.9269943E-03   3.2614067E-03   2.6611569E-03 
   2.1035795E-03   1.5893374E-03   1.0977638E-03   6.2185142E-04 
   1.5748327E-04  -3.1291225E-04  -3.1291225E-04
    0.000000      -5.0068531E-02  -5.8666181E-02  -6.2578119E-02 
  -6.9123819E-02  -7.8082837E-02  -8.9744434E-02  -0.1044135     
  -0.1226470      -0.1447295      -0.1695632      -0.1985180     
  -0.2310354      -0.2672124      -0.3055564      -0.3753057     
  -0.2147878      -0.1367709      -0.1889188      -6.9381714E-02 
  -1.4716006E-02   1.7739454E-03   9.7740954E-03   1.9474963E-02 
   3.2443158E-02   1.6917249E-02   0.1883631       0.1864621     
   0.3094547       0.2902465       0.2479975       0.2098026     
   0.1757946       0.1447025       0.1180803       9.5673569E-02 
   7.7377610E-02   6.2422249E-02   5.0601590E-02   4.1163743E-02 
   3.3516187E-02   2.7495939E-02   2.2682676E-02   1.8778643E-02 
   1.5619536E-02   1.3084625E-02   1.0990341E-02   9.2893494E-03 
   7.8770621E-03   6.6780266E-03   5.6685754E-03   4.8202449E-03 
   4.0689423E-03   3.4072013E-03   2.8276900E-03   2.3066502E-03 
   1.8203242E-03   1.3748523E-03   9.4860123E-04   5.3723971E-04 
   1.3638630E-04  -2.7138210E-04  -2.7138210E-04
    0.000000      -4.4188377E-02  -5.1999684E-02  -5.5876244E-02 
  -6.2356394E-02  -7.1433127E-02  -8.3386928E-02  -9.8731734E-02 
  -0.1185572      -0.1428953      -0.1720133      -0.2079159     
  -0.2501390      -0.2997462      -0.3579681      -0.2827568     
  -9.5235445E-02  -1.6675487E-02   1.9888610E-02   1.7791957E-02 
   6.6683902E-03   2.8128200E-03   2.9610561E-03   3.2289189E-03 
   1.7819641E-03  -2.4199432E-02   1.1287134E-02   2.3227077E-02 
   0.1964194       0.3085936       0.2816813       0.2320479     
   0.1864684       0.1480821       0.1179530       9.2810892E-02 
   7.3568963E-02   5.8193278E-02   4.6614077E-02   3.7338797E-02 
   3.0115556E-02   2.4522612E-02   2.0072758E-02   1.6535144E-02 
   1.3655161E-02   1.1404353E-02   9.5262546E-03   8.0427015E-03 
   6.7841788E-03   5.7341680E-03   4.8562554E-03   4.1278536E-03 
   3.4735012E-03   2.9064568E-03   2.4112456E-03   1.9634042E-03 
   1.5522464E-03   1.1704104E-03   8.0735766E-04   4.5719044E-04 
   1.1703514E-04  -2.3164322E-04  -2.3164322E-04
    0.000000      -3.7791003E-02  -4.4776849E-02  -4.8259154E-02 
  -5.4351866E-02  -6.3056991E-02  -7.4547961E-02  -8.9589037E-02 
  -0.1095888      -0.1344574      -0.1653869      -0.2042478     
  -0.2516845      -0.3418902      -0.2384115      -5.0196320E-02 
   7.8974874E-04   1.3470055E-03   5.9755631E-03   6.9477279E-03 
   4.7903466E-03   2.8844883E-03   1.6964459E-03   1.7315011E-04 
  -2.5492662E-03  -7.6194718E-03  -3.8622243E-03  -1.6925732E-02 
   1.0440920E-02   0.1753302       0.2922153       0.2460014     
   0.1887087       0.1445079       0.1120088       8.6024180E-02 
   6.6926174E-02   5.2031402E-02   4.1343730E-02   3.2787766E-02 
   2.6235208E-02   2.1157673E-02   1.7259084E-02   1.4146991E-02 
   1.1652190E-02   9.6754981E-03   8.0698766E-03   6.7950748E-03 
   5.7113860E-03   4.8171957E-03   4.0838625E-03   3.4564955E-03 
   2.9053816E-03   2.4348053E-03   2.0140260E-03   1.6364070E-03 
   1.2956049E-03   9.7738963E-04   6.7357358E-04   3.8178332E-04 
   9.7559401E-05  -1.9400936E-04  -1.9400936E-04
    0.000000      -3.1204132E-02  -3.7071079E-02  -4.0181894E-02 
  -4.5470178E-02  -5.3186987E-02  -6.3738674E-02  -7.7666380E-02 
  -9.5880516E-02  -0.1201395      -0.1504067      -0.1878031     
  -0.2335171      -0.2865239      -8.2537740E-02  -2.8189042E-04 
   6.6550183E-03   3.6673117E-03   3.7441622E-03   3.8315798E-03 
   3.0803985E-03   1.8776045E-03   6.7754235E-04  -8.6244778E-04 
  -2.8010802E-03  -5.0678621E-03  -6.1029694E-03  -8.1937416E-03 
  -1.7446058E-02   3.2191150E-02   0.2227768       0.2294791     
   0.1798238       0.1342006       0.1006859       7.5615428E-02 
   5.7988562E-02   4.4536185E-02   3.5098765E-02   2.7671214E-02 
   2.2050170E-02   1.7703976E-02   1.4343137E-02   1.1703806E-02 
   9.6213110E-03   7.9705110E-03   6.6295778E-03   5.5697849E-03 
   4.6762205E-03   3.9432109E-03   3.3376066E-03   2.8103224E-03 
   2.3702984E-03   1.9840735E-03   1.6389660E-03   1.3286097E-03 
   1.0525568E-03   7.9120585E-04   5.4757594E-04   3.1036994E-04 
   7.8409626E-05  -1.5638923E-04  -1.5638923E-04
    0.000000      -2.4552716E-02  -2.9259207E-02  -3.1810597E-02 
  -3.6247004E-02  -4.2586971E-02  -5.1586241E-02  -6.3598648E-02 
  -7.9201259E-02  -0.1009941      -0.1286389      -0.1640382     
  -0.2447059      -0.1290301      -2.3509603E-02   4.3899943E-03 
   5.0267824E-03   3.3676717E-03   2.9084638E-03   2.5222420E-03 
   1.9116725E-03   9.9166750E-04  -5.2261537E-05  -1.3184556E-03 
  -2.7118730E-03  -4.2760982E-03  -5.6067882E-03  -7.3678559E-03 
  -7.1848235E-03  -1.8849757E-02   9.8668769E-02   0.2068529     
   0.1658784       0.1170026       8.4559165E-02   6.2604636E-02 
   4.7686938E-02   3.6282215E-02   2.8336048E-02   2.2242093E-02 
   1.7704627E-02   1.4176863E-02   1.1390598E-02   9.3001481E-03 
   7.6388502E-03   6.3146339E-03   5.2379086E-03   4.3890057E-03 
   3.6902579E-03   3.1074088E-03   2.6259127E-03   2.2078054E-03 
   1.8608602E-03   1.5565712E-03   1.2876000E-03   1.0430136E-03 
   8.2732510E-04   6.1674224E-04   4.2915699E-04   2.4351990E-04 
   6.2646905E-05  -1.2149035E-04  -1.2149035E-04
    0.000000      -1.7976303E-02  -2.1526180E-02  -2.3426574E-02 
  -2.6856670E-02  -3.1739525E-02  -3.8624454E-02  -4.7989026E-02 
  -6.0213923E-02  -7.7433981E-02  -9.9925779E-02  -0.1293457     
  -0.2114965      -5.3204693E-02   8.1838453E-03   9.2729712E-03 
   4.7348994E-03   2.8713320E-03   2.1498804E-03   1.6209775E-03 
   1.0459257E-03   3.3755763E-04  -4.9992721E-04  -1.4707046E-03 
  -2.5431376E-03  -3.7414196E-03  -4.9357656E-03  -6.5582776E-03 
  -7.5041708E-03  -2.7364912E-02   2.3882488E-02   0.1636722     
   0.1360124       9.2227168E-02   6.5115139E-02   4.8019741E-02 
   3.6227524E-02   2.7357947E-02   2.1333084E-02   1.6689707E-02 
   1.3310452E-02   1.0591603E-02   8.5082026E-03   6.9671730E-03 
   5.7059205E-03   4.7220527E-03   3.9118971E-03   3.2724803E-03 
   2.7493639E-03   2.3152062E-03   1.9553592E-03   1.6431966E-03 
   1.3813784E-03   1.1550233E-03   9.5357728E-04   7.7474973E-04 
   6.1220687E-04   4.5874694E-04   3.1673841E-04   1.7918964E-04 
   4.6239678E-05  -9.0248301E-05  -9.0248301E-05
    0.000000      -1.1564917E-02  -1.3866477E-02  -1.5133276E-02 
  -1.7390674E-02  -2.0652840E-02  -2.5314555E-02  -3.1589363E-02 
  -3.9697770E-02  -5.1322758E-02  -6.6195548E-02  -8.4375218E-02 
  -0.1184571      -3.8127962E-02  -8.6013577E-04   4.2142170E-03 
   3.0199646E-03   1.9414371E-03   1.2998342E-03   8.4011815E-04 
   4.0958871E-04  -1.0797077E-04  -7.4249518E-04  -1.4763988E-03 
  -2.2996252E-03  -3.2117141E-03  -4.1546794E-03  -5.1999269E-03 
  -6.1941105E-03  -7.7027078E-03   3.7521876E-03   9.0346217E-02 
   8.6821511E-02   6.0960412E-02   4.3488495E-02   3.1863187E-02 
   2.4064312E-02   1.8332414E-02   1.4286673E-02   1.1193383E-02 
   8.9303041E-03   7.1123997E-03   5.7371641E-03   4.6887593E-03 
   3.8413645E-03   3.1840287E-03   2.6360042E-03   2.2065383E-03 
   1.8467230E-03   1.5617157E-03   1.3141045E-03   1.1038168E-03 
   9.2836947E-04   7.7552366E-04   6.3659583E-04   5.1925232E-04 
   4.0949666E-04   3.0818157E-04   2.1206404E-04   1.2017899E-04 
   3.0878087E-05  -6.0819562E-05  -6.0819562E-05
    0.000000      -5.2705719E-03  -6.3814167E-03  -6.9622160E-03 
  -8.0855088E-03  -9.6486351E-03  -1.1861767E-02  -1.4984193E-02 
  -1.8987590E-02  -2.4501672E-02  -3.1430282E-02  -4.0038373E-02 
  -5.4083578E-02  -1.8888004E-02  -1.8271663E-03   1.3166703E-03 
   1.1361464E-03   7.6965318E-04   5.0412933E-04   2.2972051E-04 
  -5.6646062E-05  -4.4481794E-04  -8.9438376E-04  -1.4286404E-03 
  -2.0219777E-03  -2.6794041E-03  -3.3682643E-03  -4.0086866E-03 
  -4.4707353E-03  -3.8068157E-03   8.9079775E-05   3.3721730E-02 
   3.6244400E-02   2.7185349E-02   2.0283133E-02   1.5084265E-02 
   1.1857713E-02   9.3044657E-03   7.2138738E-03   5.7530547E-03 
   4.6273158E-03   3.7620687E-03   3.0369600E-03   2.4941261E-03 
   2.0463760E-03   1.6856404E-03   1.4084706E-03   1.1809415E-03 
   9.8214729E-04   8.2719565E-04   6.9771439E-04   5.8543653E-04 
   4.9221836E-04   4.0975201E-04   3.3455683E-04   2.7368596E-04 
   2.1488049E-04   1.6095761E-04   1.1272310E-04   6.3782987E-05 
   1.7259008E-05  -3.3064898E-05  -3.3064898E-05
    0.000000       8.9675089E-04   1.0162792E-03   1.1097299E-03 
   1.1883681E-03   1.3040302E-03   1.5745130E-03   1.6959483E-03 
   1.9800363E-03   2.4629270E-03   2.7495949E-03   2.8420740E-03 
   2.5911771E-03  -4.8816763E-04  -1.1172625E-03  -8.2209177E-04 
  -4.6500019E-04  -2.5181487E-04  -1.8387084E-04  -2.6994522E-04 
  -4.4212147E-04  -6.9763034E-04  -9.8919927E-04  -1.3420753E-03 
  -1.7290157E-03  -2.1679658E-03  -2.6017183E-03  -2.9915180E-03 
  -3.3456632E-03  -4.0221266E-03  -2.3029144E-03  -1.5432619E-02 
  -1.2788750E-02  -6.8102423E-03  -2.9104035E-03  -1.1213386E-03 
  -3.3321002E-04   1.1357821E-04   1.4183408E-04   2.8184225E-04 
   3.9088543E-04   4.2512003E-04   3.4070440E-04   3.0828113E-04 
   2.6278966E-04   2.2559793E-04   2.0082325E-04   1.7639769E-04 
   1.3442249E-04   1.0627327E-04   9.2748676E-05   7.5354219E-05 
   6.0982118E-05   4.8574006E-05   3.9654573E-05   3.2637588E-05 
   2.4123588E-05   1.8780880E-05   1.3884566E-05   5.8040632E-06 
   2.3137532E-06  -4.5683701E-06  -4.5683701E-06
    0.000000       7.0408843E-03   8.3744824E-03   9.1575170E-03 
   1.0474614E-02   1.2319325E-02   1.4950146E-02   1.8397236E-02 
   2.3183230E-02   2.9440325E-02   3.7420191E-02   4.5643859E-02 
   5.9325282E-02   1.7426575E-02  -7.4753386E-04  -2.8356616E-03 
  -1.8551799E-03  -1.1165041E-03  -8.2452164E-04  -7.3318405E-04 
  -7.8047113E-04  -9.0193021E-04  -1.0465831E-03  -1.2343226E-03 
  -1.4550793E-03  -1.6686801E-03  -1.8311008E-03  -1.9600885E-03 
  -2.2087584E-03  -4.2001382E-03  -6.0971058E-03  -6.6248201E-02 
  -6.0503222E-02  -3.9638907E-02  -2.5466645E-02  -1.7422160E-02 
  -1.2447453E-02  -9.0987189E-03  -6.7183608E-03  -5.0755176E-03 
  -3.8333372E-03  -2.9846129E-03  -2.3696285E-03  -1.8939457E-03 
  -1.5263644E-03  -1.2355656E-03  -1.0283057E-03  -8.5307210E-04 
  -7.2150596E-04  -6.0926168E-04  -5.1151693E-04  -4.3626508E-04 
  -3.7002988E-04  -3.0919336E-04  -2.5409405E-04  -2.0649479E-04 
  -1.6418735E-04  -1.2571107E-04  -8.5466818E-05  -5.0698789E-05 
  -1.2268159E-05   2.5015761E-05   2.5015761E-05
    0.000000       1.3303256E-02   1.5781725E-02   1.7256372E-02 
   1.9701466E-02   2.3289742E-02   2.8322838E-02   3.4875203E-02 
   4.4097528E-02   5.6361027E-02   7.2369613E-02   9.0220727E-02 
   0.1249929       3.4153238E-02  -3.1594206E-03  -5.6287707E-03 
  -3.0618494E-03  -1.6880002E-03  -1.2420396E-03  -1.1239471E-03 
  -1.0663134E-03  -1.0577214E-03  -1.0725911E-03  -1.1130322E-03 
  -1.1859353E-03  -1.1951767E-03  -1.1016938E-03  -7.8613946E-04 
  -6.6641835E-04   1.8741102E-03  -2.0378122E-02  -0.1274974     
  -0.1065750      -6.9832467E-02  -4.6976786E-02  -3.3473261E-02 
  -2.4238169E-02  -1.8186590E-02  -1.3603448E-02  -1.0415030E-02 
  -8.1310654E-03  -6.4229481E-03  -5.1024454E-03  -4.1202153E-03 
  -3.3400124E-03  -2.7438998E-03  -2.2723025E-03  -1.9020251E-03 
  -1.5931047E-03  -1.3374991E-03  -1.1285013E-03  -9.5958117E-04 
  -8.0535107E-04  -6.7342439E-04  -5.5795850E-04  -4.5241491E-04 
  -3.5606243E-04  -2.7236351E-04  -1.8635746E-04  -1.0735837E-04 
  -2.7003820E-05   5.4868247E-05   5.4868247E-05
    0.000000       1.9636801E-02   2.3381548E-02   2.5440568E-02 
   2.8989617E-02   3.4221221E-02   4.1441631E-02   5.0977655E-02 
   6.4135469E-02   8.1887014E-02   0.1065426       0.1380329     
   0.2257262       3.8733825E-02  -1.4504548E-02  -9.2416285E-03 
  -3.4442451E-03  -1.6650566E-03  -1.3702068E-03  -1.3751480E-03 
  -1.2915143E-03  -1.1762633E-03  -1.0928768E-03  -1.0231613E-03 
  -9.3097484E-04  -7.5644976E-04  -5.1075208E-04   4.6920663E-04 
  -1.5852033E-03   3.6597978E-02  -0.1053307      -0.1810209     
  -0.1395464      -9.4934888E-02  -6.6400900E-02  -4.8254486E-02 
  -3.5809197E-02  -2.6978001E-02  -2.0562461E-02  -1.5850473E-02 
  -1.2431887E-02  -9.9012600E-03  -7.9251500E-03  -6.3888393E-03 
  -5.1933117E-03  -4.2972290E-03  -3.5524697E-03  -2.9726133E-03 
  -2.4953177E-03  -2.0940283E-03  -1.7731299E-03  -1.5016658E-03 
  -1.2590709E-03  -1.0539623E-03  -8.7648770E-04  -7.0977537E-04 
  -5.6017173E-04  -4.2277455E-04  -2.9068644E-04  -1.6759240E-04 
  -4.2448592E-05   8.4683881E-05   8.4683881E-05
    0.000000       2.6114963E-02   3.1097563E-02   3.3714417E-02 
   3.8479712E-02   4.5048375E-02   5.4161679E-02   6.6311583E-02 
   8.2908466E-02   0.1047445       0.1345906       0.1733541     
   0.2596100       0.1116936       1.7188510E-02  -2.5155821E-03 
  -1.9013198E-03  -8.6888508E-04  -1.3841862E-03  -1.6948603E-03 
  -1.5516450E-03  -1.2953840E-03  -1.1056568E-03  -9.3890645E-04 
  -7.3536841E-04  -4.1888826E-04  -1.6695877E-04   6.3548406E-04 
  -1.9840421E-03   1.6354850E-02  -0.2078891      -0.2115545     
  -0.1584762      -0.1142200      -8.3078071E-02  -6.1975148E-02 
  -4.7004838E-02  -3.5625864E-02  -2.7383666E-02  -2.1288278E-02 
  -1.6786601E-02  -1.3435267E-02  -1.0797259E-02  -8.7312870E-03 
  -7.1266289E-03  -5.8845524E-03  -4.8909290E-03  -4.0870877E-03 
  -3.4386092E-03  -2.8957988E-03  -2.4470361E-03  -2.0689731E-03 
  -1.7398287E-03  -1.4595032E-03  -1.2075932E-03  -9.8186510E-04 
  -7.7610690E-04  -5.8438687E-04  -4.0210536E-04  -2.3036303E-04 
  -5.9199014E-05   1.1583229E-04   1.1583229E-04
    0.000000       3.2722328E-02   3.8818590E-02   4.2014495E-02 
   4.7753267E-02   5.5404749E-02   6.6038139E-02   8.0352873E-02 
   9.9305682E-02   0.1235900       0.1548205       0.1945882     
   0.2409222       0.2805032       8.0899127E-02   2.2052687E-03 
  -1.5984165E-03   7.0339063E-04  -1.9061401E-03  -2.7787087E-03 
  -2.0169860E-03  -1.2899203E-03  -1.0080957E-03  -8.8607386E-04 
  -6.8944460E-04  -4.3046221E-05  -2.8781424E-06  -1.2322438E-05 
   2.1167956E-02  -0.1492740      -0.2581440      -0.2238037     
  -0.1707283      -0.1286556      -9.6889533E-02  -7.3793761E-02 
  -5.6942888E-02  -4.3669365E-02  -3.3996955E-02  -2.6647884E-02 
  -2.1104006E-02  -1.6947662E-02  -1.3674818E-02  -1.1145218E-02 
  -9.1250828E-03  -7.5498521E-03  -6.2773242E-03  -5.2599153E-03 
  -4.4324347E-03  -3.7382338E-03  -3.1600578E-03  -2.6742769E-03 
  -2.2525247E-03  -1.8888892E-03  -1.5601093E-03  -1.2732389E-03 
  -1.0033257E-03  -7.5699779E-04  -5.2222336E-04  -2.9715503E-04 
  -7.7026431E-05   1.4993633E-04   1.4993633E-04
    0.000000       3.9239123E-02   4.6325989E-02   4.9990762E-02 
   5.6243204E-02   6.4854428E-02   7.6594368E-02   9.2127889E-02 
   0.1121182       0.1371588       0.1688723       0.2089751     
   0.2547210       0.3427079       0.2374611       5.5890866E-02 
   8.1626605E-03   7.6905098E-03  -6.2022405E-03  -7.0908847E-03 
  -2.6794039E-03  -4.4371720E-04  -5.0370349E-04  -1.2129294E-03 
  -1.1623628E-03   1.7676925E-03  -4.1895099E-03   2.0953514E-02 
  -0.1191326      -0.2895953      -0.2727247      -0.2216840     
  -0.1754501      -0.1369091      -0.1067242      -8.2811691E-02 
  -6.5119088E-02  -5.0647963E-02  -4.0096782E-02  -3.1667486E-02 
  -2.5327038E-02  -2.0420397E-02  -1.6582025E-02  -1.3551555E-02 
  -1.1169550E-02  -9.2853131E-03  -7.7274591E-03  -6.4829579E-03 
  -5.4792315E-03  -4.6231877E-03  -3.9139427E-03  -3.3145156E-03 
  -2.7971831E-03  -2.3412395E-03  -1.9389569E-03  -1.5827143E-03 
  -1.2476819E-03  -9.4031269E-04  -6.5065100E-04  -3.7054700E-04 
  -9.5128438E-05   1.8694552E-04   1.8694552E-04
    0.000000       4.5486696E-02   5.3457931E-02   5.7399407E-02 
   6.3882418E-02   7.2987534E-02   8.5311599E-02   0.1007191     
   0.1205478       0.1445054       0.1741883       0.2099769     
   0.2509029       0.2992706       0.3534582       0.2785457     
   0.1323527       4.2786188E-02  -4.1169036E-02  -2.3391416E-02 
   7.3797448E-04   5.0150384E-03   1.5423428E-03  -2.6998227E-03 
  -6.1283726E-03   1.3741773E-02  -1.8460590E-02  -0.1561679     
  -0.3151782      -0.3022286      -0.2556187      -0.2117485     
  -0.1736672      -0.1395210      -0.1120931      -8.8993058E-02 
  -7.1306378E-02  -5.6458514E-02  -4.5286849E-02  -3.6194410E-02 
  -2.9249711E-02  -2.3770222E-02  -1.9444294E-02  -1.5939061E-02 
  -1.3209253E-02  -1.1023993E-02  -9.2086000E-03  -7.7419616E-03 
  -6.5684719E-03  -5.5551236E-03  -4.7057746E-03  -3.9883899E-03 
  -3.3710066E-03  -2.8218317E-03  -2.3379554E-03  -1.9090857E-03 
  -1.5084263E-03  -1.1373969E-03  -7.8577979E-04  -4.4897859E-04 
  -1.1431512E-04   2.2606512E-04   2.2606512E-04
    0.000000       5.1220346E-02   5.9988152E-02   6.3896023E-02 
   7.0473880E-02   7.9406179E-02   9.1512688E-02   0.1060976     
   0.1241970       0.1455969       0.1709720       0.1992215     
   0.2315637       0.2656288       0.3018825       0.3657743     
   0.2494118       0.1562615       0.1463557       0.1049370     
   4.4043053E-02   1.2473993E-02  -5.8103241E-03  -2.3449175E-02 
  -4.8464149E-02  -0.1777534      -0.1777645      -0.3233165     
  -0.3095828      -0.2671809      -0.2299277      -0.1957924     
  -0.1651368      -0.1369125      -0.1128772      -9.1864146E-02 
  -7.4941777E-02  -6.0489107E-02  -4.9270179E-02  -3.9895199E-02 
  -3.2673087E-02  -2.6750123E-02  -2.2119245E-02  -1.8219078E-02 
  -1.5193399E-02  -1.2734125E-02  -1.0691855E-02  -9.0240203E-03 
  -7.6722680E-03  -6.5134326E-03  -5.5319006E-03  -4.6978705E-03 
  -3.9689629E-03  -3.3305017E-03  -2.7582222E-03  -2.2543904E-03 
  -1.7819046E-03  -1.3447009E-03  -9.2901179E-04  -5.2867417E-04 
  -1.3355771E-04   2.6612353E-04   2.6612353E-04
    0.000000       5.6090850E-02   6.5434821E-02   6.9078952E-02 
   7.5378098E-02   8.3774135E-02   9.4598807E-02   0.1077773     
   0.1229504       0.1408799       0.1601129       0.1803162     
   0.2014534       0.2217288       0.2374600       0.2486752     
   0.2284225       0.2192111       0.2796327       0.1951809     
   8.2414798E-02   2.3296433E-02  -1.3725098E-02  -4.9837526E-02 
  -9.7407177E-02  -0.2797787      -0.2652044      -0.2506140     
  -0.2372816      -0.2183645      -0.1969725      -0.1735242     
  -0.1504780      -0.1286483      -0.1089891      -9.1164261E-02 
  -7.5774744E-02  -6.2584907E-02  -5.1752843E-02  -4.2541094E-02 
  -3.5355080E-02  -2.9217374E-02  -2.4426529E-02  -2.0281898E-02 
  -1.7048571E-02  -1.4349134E-02  -1.2129499E-02  -1.0290207E-02 
  -8.7739928E-03  -7.4689444E-03  -6.3708848E-03  -5.4153390E-03 
  -4.5872563E-03  -3.8562012E-03  -3.1988309E-03  -2.6152015E-03 
  -2.0676081E-03  -1.5599853E-03  -1.0795532E-03  -6.1172200E-04 
  -1.5414188E-04   3.0789454E-04   3.0789454E-04
    0.000000       5.9880350E-02   6.9456391E-02   7.2726443E-02 
   7.8349970E-02   8.5713975E-02   9.4785407E-02   0.1056583     
   0.1177174       0.1309422       0.1441747       0.1577786     
   0.1692996       0.1789708       0.1834497       0.1832445     
   0.1765615       0.1682530       0.1573247       0.1189704     
   7.1354240E-02   2.9597115E-02  -9.3855355E-03  -4.8535351E-02 
  -9.1837630E-02  -0.1438381      -0.1674289      -0.1767568     
  -0.1771599      -0.1712698      -0.1610553      -0.1473099     
  -0.1319275      -0.1164757      -0.1015149      -8.7040775E-02 
  -7.4148044E-02  -6.2603503E-02  -5.2626781E-02  -4.4040687E-02 
  -3.7123583E-02  -3.1094236E-02  -2.6223723E-02  -2.2085544E-02 
  -1.8664205E-02  -1.5831878E-02  -1.3460913E-02  -1.1497194E-02 
  -9.8288562E-03  -8.3930921E-03  -7.1986415E-03  -6.1275437E-03 
  -5.2046292E-03  -4.3857461E-03  -3.6519628E-03  -2.9879424E-03 
  -2.3636748E-03  -1.7831429E-03  -1.2333457E-03  -7.0141029E-04 
  -1.7666418E-04   3.5085838E-04   3.5085838E-04
    0.000000       6.2468052E-02   7.1966015E-02   7.4769154E-02 
   7.9251297E-02   8.5409738E-02   9.2548668E-02   0.1007209     
   0.1095782       0.1182929       0.1265418       0.1343371     
   0.1397578       0.1430315       0.1417880       0.1380010     
   0.1295516       0.1187367       0.1018822       7.9327308E-02 
   5.2949883E-02   2.4793761E-02  -3.9104461E-03  -3.2967836E-02 
  -6.1754640E-02  -8.8643029E-02  -0.1093092      -0.1224886     
  -0.1288882      -0.1303976      -0.1273421      -0.1209316     
  -0.1119023      -0.1017814      -9.1213182E-02  -8.0419973E-02 
  -7.0066348E-02  -6.0495321E-02  -5.1982742E-02  -4.4335477E-02 
  -3.7982624E-02  -3.2268316E-02  -2.7467851E-02  -2.3454310E-02 
  -2.0009920E-02  -1.7090548E-02  -1.4650647E-02  -1.2603317E-02 
  -1.0824233E-02  -9.2893308E-03  -7.9857986E-03  -6.8264874E-03 
  -5.8146939E-03  -4.9155070E-03  -4.0958030E-03  -3.3573534E-03 
  -2.6609376E-03  -2.0085569E-03  -1.3901253E-03  -7.9150242E-04 
  -1.9953088E-04   3.9421354E-04   3.9421354E-04
    0.000000       6.3704111E-02   7.2911710E-02   7.5121403E-02 
   7.8477025E-02   8.3277166E-02   8.8271908E-02   9.4058543E-02 
   9.9598683E-02   0.1047882       0.1092658       0.1125376     
   0.1138990       0.1133548       0.1102280       0.1046540     
   9.6167974E-02   8.5763216E-02   7.2106466E-02   5.6334853E-02 
   3.9039385E-02   2.0007163E-02  -5.5993973E-05  -1.9989243E-02 
  -3.9455757E-02  -5.7298284E-02  -7.2833054E-02  -8.4839709E-02 
  -9.2562772E-02  -9.6881576E-02  -9.8155327E-02  -9.6311212E-02 
  -9.2298478E-02  -8.6283810E-02  -7.9516217E-02  -7.2039612E-02 
  -6.4231135E-02  -5.6683898E-02  -4.9896277E-02  -4.3455809E-02 
  -3.7821911E-02  -3.2658208E-02  -2.8156515E-02  -2.4315368E-02 
  -2.0982066E-02  -1.8076135E-02  -1.5639719E-02  -1.3549437E-02 
  -1.1722351E-02  -1.0108664E-02  -8.7150289E-03  -7.4873026E-03 
  -6.4097862E-03  -5.4290178E-03  -4.5293826E-03  -3.7149955E-03 
  -2.9554060E-03  -2.2329402E-03  -1.5466278E-03  -8.8032219E-04 
  -2.2140890E-04   4.3621630E-04   4.3621630E-04
    0.000000       6.3608259E-02   7.2372630E-02   7.3842987E-02 
   7.6296426E-02   7.9576798E-02   8.2781278E-02   8.6382195E-02 
   8.9365877E-02   9.1863602E-02   9.3730301E-02   9.4072714E-02 
   9.3044110E-02   9.0318523E-02   8.6619757E-02   8.0633491E-02 
   7.3162235E-02   6.4322807E-02   5.3890102E-02   4.2273212E-02 
   3.0157851E-02   1.6984060E-02   2.9191517E-03  -1.0841758E-02 
  -2.4540009E-02  -3.7148163E-02  -4.8879474E-02  -5.8508374E-02 
  -6.5984979E-02  -7.1237125E-02  -7.4286148E-02  -7.5440682E-02 
  -7.4343085E-02  -7.1543820E-02  -6.7676276E-02  -6.2764153E-02 
  -5.7551850E-02  -5.1904533E-02  -4.6703026E-02  -4.1501034E-02 
  -3.6743276E-02  -3.2269716E-02  -2.8263453E-02  -2.4695545E-02 
  -2.1553127E-02  -1.8791305E-02  -1.6408775E-02  -1.4308707E-02 
  -1.2463658E-02  -1.0839115E-02  -9.3788635E-03  -8.0985315E-03 
  -6.9613117E-03  -5.9135742E-03  -4.9450253E-03  -4.0632999E-03 
  -3.2381138E-03  -2.4525989E-03  -1.7000469E-03  -9.6650230E-04 
  -2.4201084E-04   4.7936264E-04   4.7936264E-04
    0.000000       6.2370125E-02   7.0576124E-02   7.1445689E-02 
   7.2870106E-02   7.4950941E-02   7.6704361E-02   7.8449711E-02 
   7.9522453E-02   8.0320969E-02   8.0198169E-02   7.8897655E-02 
   7.6862767E-02   7.3285379E-02   6.9061965E-02   6.3654460E-02 
   5.7324670E-02   5.0157301E-02   4.2164467E-02   3.3473294E-02 
   2.4576021E-02   1.5010498E-02   5.1830318E-03  -4.6754065E-03 
  -1.4476605E-02  -2.3815444E-02  -3.2622125E-02  -4.0395446E-02 
  -4.6873834E-02  -5.2128956E-02  -5.5819567E-02  -5.8290135E-02 
  -5.8889862E-02  -5.8303453E-02  -5.6474663E-02  -5.3771935E-02 
  -5.0397966E-02  -4.6689428E-02  -4.2773835E-02  -3.8828354E-02 
  -3.4923363E-02  -3.1226071E-02  -2.7800489E-02  -2.4577055E-02 
  -2.1774037E-02  -1.9198555E-02  -1.6940014E-02  -1.4882380E-02 
  -1.3061291E-02  -1.1451040E-02  -9.9635106E-03  -8.6472286E-03 
  -7.4544838E-03  -6.3598794E-03  -5.3329654E-03  -4.3896823E-03 
  -3.5008579E-03  -2.6578023E-03  -1.8453225E-03  -1.0490398E-03 
  -2.6228375E-04   5.2054628E-04   5.2054628E-04
    0.000000       6.0270283E-02   6.7914426E-02   6.8303347E-02 
   6.8924800E-02   6.9881819E-02   7.0381597E-02   7.0934251E-02 
   7.0624977E-02   7.0301972E-02   6.8944499E-02   6.6887029E-02 
   6.4042553E-02   6.0642835E-02   5.6470141E-02   5.1665995E-02 
   4.6516135E-02   4.0634573E-02   3.4492306E-02   2.7936397E-02 
   2.1241816E-02   1.4036197E-02   6.9504678E-03  -3.2431248E-04 
  -7.5518438E-03  -1.4642308E-02  -2.1410566E-02  -2.7621714E-02 
  -3.3124991E-02  -3.7846830E-02  -4.1684844E-02  -4.4529617E-02 
  -4.6184540E-02  -4.6850603E-02  -4.6484184E-02  -4.5373224E-02 
  -4.3436933E-02  -4.1164745E-02  -3.8443301E-02  -3.5639927E-02 
  -3.2646883E-02  -2.9683091E-02  -2.6887950E-02  -2.4090603E-02 
  -2.1669498E-02  -1.9317154E-02  -1.7210735E-02  -1.5256461E-02 
  -1.3504580E-02  -1.1909485E-02  -1.0446171E-02  -9.1130817E-03 
  -7.8858696E-03  -6.7548882E-03  -5.6835203E-03  -4.6892874E-03 
  -3.7439833E-03  -2.8483046E-03  -1.9797285E-03  -1.1277596E-03 
  -2.8204240E-04   5.5822969E-04   5.5822969E-04
    0.000000       5.7631504E-02   6.4810149E-02   6.4637013E-02 
   6.4718500E-02   6.4741187E-02   6.4459912E-02   6.4119853E-02 
   6.3074246E-02   6.1858840E-02   5.9940144E-02   5.7574987E-02 
   5.4537114E-02   5.1205143E-02   4.7523413E-02   4.3398097E-02 
   3.9055876E-02   3.4285720E-02   2.9548258E-02   2.4358269E-02 
   1.9169960E-02   1.3726152E-02   8.3832974E-03   2.7978797E-03 
  -2.7100542E-03  -8.1801247E-03  -1.3478130E-02  -1.8504160E-02 
  -2.3172062E-02  -2.7273728E-02  -3.0873301E-02  -3.3822142E-02 
  -3.5904784E-02  -3.7302446E-02  -3.7856270E-02  -3.7827235E-02 
  -3.7015386E-02  -3.5729397E-02  -3.4095991E-02  -3.2230154E-02 
  -3.0150890E-02  -2.7830860E-02  -2.5641326E-02  -2.3352413E-02 
  -2.1249235E-02  -1.9174857E-02  -1.7271545E-02  -1.5455404E-02 
  -1.3801395E-02  -1.2248985E-02  -1.0816225E-02  -9.4841812E-03 
  -8.2437461E-03  -7.0925532E-03  -5.9849625E-03  -4.9588890E-03 
  -3.9646011E-03  -3.0193897E-03  -2.0996698E-03  -1.1969798E-03 
  -2.9985781E-04   5.9326744E-04   5.9326744E-04
    0.000000       5.4670911E-02   6.1374746E-02   6.0760863E-02 
   6.0440280E-02   5.9975520E-02   5.9241302E-02   5.8154486E-02 
   5.6737226E-02   5.4988492E-02   5.2804757E-02   5.0412323E-02 
   4.7567360E-02   4.4315845E-02   4.0962029E-02   3.7450753E-02 
   3.3848327E-02   2.9973995E-02   2.6063627E-02   2.1968566E-02 
   1.7830404E-02   1.3636511E-02   9.3879560E-03   5.0499719E-03 
   7.1329897E-04  -3.5941631E-03  -7.8295274E-03  -1.1963705E-02 
  -1.5907919E-02  -1.9502813E-02  -2.2706900E-02  -2.5602266E-02 
  -2.7805325E-02  -2.9557396E-02  -3.0709814E-02  -3.1362053E-02 
  -3.1342924E-02  -3.0828172E-02  -3.0050298E-02  -2.8902322E-02 
  -2.7569069E-02  -2.5854236E-02  -2.4171399E-02  -2.2396121E-02 
  -2.0600889E-02  -1.8827481E-02  -1.7158037E-02  -1.5504595E-02 
  -1.3960949E-02  -1.2475281E-02  -1.1088872E-02  -9.7679645E-03 
  -8.5305935E-03  -7.3717088E-03  -6.2427567E-03  -5.1882463E-03 
  -4.1605225E-03  -3.1666027E-03  -2.2040156E-03  -1.2563990E-03 
  -3.1380224E-04   6.2314008E-04   6.2314008E-04
    0.000000       5.1706731E-02   5.7847347E-02   5.7139821E-02 
   5.6477979E-02   5.5683441E-02   5.4667186E-02   5.3010337E-02 
   5.1476821E-02   4.9620457E-02   4.7233131E-02   4.4881869E-02 
   4.2214811E-02   3.9341107E-02   3.6202077E-02   3.3263676E-02 
   3.0081227E-02   2.6998544E-02   2.3717871E-02   2.0384336E-02 
   1.7039537E-02   1.3567066E-02   1.0165441E-02   6.6778478E-03 
   3.1922765E-03  -3.1539091E-04  -3.8147958E-03  -7.2355801E-03 
  -1.0578076E-02  -1.3731699E-02  -1.6623810E-02  -1.9327158E-02 
  -2.1573827E-02  -2.3453720E-02  -2.4957381E-02  -2.5932521E-02 
  -2.6566381E-02  -2.6597090E-02  -2.6443558E-02  -2.5840612E-02 
  -2.5049359E-02  -2.3895549E-02  -2.2653325E-02  -2.1307077E-02 
  -1.9861247E-02  -1.8366650E-02  -1.6902406E-02  -1.5435908E-02 
  -1.3998209E-02  -1.2598677E-02  -1.1271958E-02  -9.9824211E-03 
  -8.7655857E-03  -7.5935898E-03  -6.4545674E-03  -5.3778794E-03 
  -4.3222737E-03  -3.2953566E-03  -2.2954461E-03  -1.3103373E-03 
  -3.2640845E-04   6.4717943E-04   6.4717943E-04
    0.000000       4.8997648E-02   5.4625951E-02   5.3871743E-02 
   5.3083833E-02   5.1911972E-02   5.0726794E-02   4.8956487E-02 
   4.7337633E-02   4.5321878E-02   4.3019071E-02   4.0757373E-02 
   3.8301818E-02   3.5681892E-02   3.2928865E-02   3.0305497E-02 
   2.7520165E-02   2.4909658E-02   2.2172326E-02   1.9311007E-02 
   1.6536465E-02   1.3647047E-02   1.0823292E-02   7.8880340E-03 
   4.9811178E-03   2.0428116E-03  -9.3202759E-04  -3.8420225E-03 
  -6.7036664E-03  -9.4927959E-03  -1.2117896E-02  -1.4613034E-02 
  -1.6827906E-02  -1.8743912E-02  -2.0403007E-02  -2.1644587E-02 
  -2.2603132E-02  -2.3091039E-02  -2.3342920E-02  -2.3188347E-02 
  -2.2832254E-02  -2.2111444E-02  -2.1234214E-02  -2.0235036E-02 
  -1.9095989E-02  -1.7867900E-02  -1.6590880E-02  -1.5282943E-02 
  -1.3949239E-02  -1.2659637E-02  -1.1388103E-02  -1.0134048E-02 
  -8.9355884E-03  -7.7567706E-03  -6.6252705E-03  -5.5245091E-03 
  -4.4522663E-03  -3.4025002E-03  -2.3726404E-03  -1.3565443E-03 
  -3.3703691E-04   6.6763518E-04   6.6763518E-04
    0.000000       4.6640739E-02   5.1850203E-02   5.1069967E-02 
   5.0219301E-02   4.8926424E-02   4.7525235E-02   4.5933649E-02 
   4.4156846E-02   4.2050552E-02   3.9991755E-02   3.7783746E-02 
   3.5424545E-02   3.3030551E-02   3.0687712E-02   2.8273864E-02 
   2.5773877E-02   2.3429437E-02   2.1037558E-02   1.8561151E-02 
   1.6184792E-02   1.3727915E-02   1.1310949E-02   8.7745208E-03 
   6.2606377E-03   3.7149887E-03   1.1422450E-03  -1.4155614E-03 
  -3.9516725E-03  -6.4531765E-03  -8.8717211E-03  -1.1184718E-02 
  -1.3323448E-02  -1.5246663E-02  -1.6975224E-02  -1.8383803E-02 
  -1.9495903E-02  -2.0311791E-02  -2.0806827E-02  -2.1028822E-02 
  -2.0972177E-02  -2.0614561E-02  -2.0011863E-02  -1.9289006E-02 
  -1.8381706E-02  -1.7373210E-02  -1.6270570E-02  -1.5094541E-02 
  -1.3869660E-02  -1.2672022E-02  -1.1454518E-02  -1.0230894E-02 
  -9.0493616E-03  -7.8787655E-03  -6.7544193E-03  -5.6350585E-03 
  -4.5524766E-03  -3.4852277E-03  -2.4317901E-03  -1.3899374E-03 
  -3.4576500E-04   6.8663573E-04   6.8663573E-04
    0.000000       4.4807065E-02   4.9646810E-02   4.8919786E-02 
   4.7965776E-02   4.6734598E-02   4.5260292E-02   4.3623433E-02 
   4.1859820E-02   3.9783057E-02   3.7799474E-02   3.5651207E-02 
   3.3464685E-02   3.1224951E-02   2.9093197E-02   2.6855674E-02 
   2.4576241E-02   2.2454377E-02   2.0285059E-02   1.8103670E-02 
   1.6005453E-02   1.3863043E-02   1.1614424E-02   9.4012339E-03 
   7.1599353E-03   4.8711556E-03   2.5892432E-03   2.5556929E-04 
  -2.0539782E-03  -4.3692808E-03  -6.6394242E-03  -8.8078119E-03 
  -1.0867741E-02  -1.2787306E-02  -1.4498054E-02  -1.6016405E-02 
  -1.7251061E-02  -1.8243549E-02  -1.8914141E-02  -1.9375008E-02 
  -1.9519759E-02  -1.9420596E-02  -1.9056512E-02  -1.8516991E-02 
  -1.7795611E-02  -1.6942635E-02  -1.5970170E-02  -1.4904125E-02 
  -1.3786566E-02  -1.2639504E-02  -1.1471814E-02  -1.0293697E-02 
  -9.1315433E-03  -7.9691941E-03  -6.8385219E-03  -5.7163322E-03 
  -4.6234811E-03  -3.5434079E-03  -2.4740582E-03  -1.4126693E-03 
  -3.5197477E-04   6.9838128E-04   6.9838128E-04
    0.000000       4.3555271E-02   4.8268784E-02   4.7430534E-02 
   4.6468608E-02   4.5238588E-02   4.3816630E-02   4.2140771E-02 
   4.0381201E-02   3.8387924E-02   3.6404174E-02   3.4348059E-02 
   3.2252613E-02   3.0100729E-02   2.8076299E-02   2.5947027E-02 
   2.3924932E-02   2.1912307E-02   1.9872649E-02   1.7827511E-02 
   1.5916361E-02   1.3965925E-02   1.1792181E-02   9.8158671E-03 
   7.7223349E-03   5.5909092E-03   3.4880163E-03   1.2838200E-03 
  -8.9027523E-04  -3.0782497E-03  -5.2328696E-03  -7.3085260E-03 
  -9.3374494E-03  -1.1233388E-02  -1.2915016E-02  -1.4497624E-02 
  -1.5795758E-02  -1.6868073E-02  -1.7716989E-02  -1.8258883E-02 
  -1.8565806E-02  -1.8616181E-02  -1.8407233E-02  -1.7981518E-02 
  -1.7399294E-02  -1.6635463E-02  -1.5746906E-02  -1.4750491E-02 
  -1.3711769E-02  -1.2604783E-02  -1.1476122E-02  -1.0324872E-02 
  -9.1774045E-03  -8.0234567E-03  -6.8885782E-03  -5.7738959E-03 
  -4.6713208E-03  -3.5817833E-03  -2.5017599E-03  -1.4270075E-03 
  -3.5597998E-04   7.0451997E-04   7.0451997E-04
    0.000000       4.2927802E-02   4.7695838E-02   4.6758845E-02 
   4.5797795E-02   4.4528894E-02   4.3142758E-02   4.1446906E-02 
   3.9669894E-02   3.7798833E-02   3.5802543E-02   3.3749998E-02 
   3.1727176E-02   2.9619973E-02   2.7620357E-02   2.5554543E-02 
   2.3579087E-02   2.1706145E-02   1.9716425E-02   1.7737567E-02 
   1.5871886E-02   1.3957618E-02   1.1907077E-02   9.9839382E-03 
   7.9679005E-03   5.9274258E-03   3.8712453E-03   1.7459686E-03 
  -3.8413555E-04  -2.4972614E-03  -4.5966376E-03  -6.6572083E-03 
  -8.6356252E-03  -1.0522869E-02  -1.2225311E-02  -1.3801168E-02 
  -1.5149357E-02  -1.6234932E-02  -1.7166153E-02  -1.7736169E-02 
  -1.8125955E-02  -1.8255301E-02  -1.8096296E-02  -1.7717373E-02 
  -1.7210964E-02  -1.6487280E-02  -1.5634218E-02  -1.4682741E-02 
  -1.3672650E-02  -1.2585950E-02  -1.1481032E-02  -1.0341644E-02 
  -9.1903061E-03  -8.0423001E-03  -6.9180201E-03  -5.7999720E-03 
  -4.6950178E-03  -3.6016526E-03  -2.5132911E-03  -1.4349432E-03 
  -3.5954310E-04   7.1147288E-04   7.1147288E-04
    0.000000       4.3072000E-02   4.7803003E-02   4.6869587E-02 
   4.5901474E-02   4.4658761E-02   4.3279294E-02   4.1637350E-02 
   3.9812185E-02   3.7897713E-02   3.5936430E-02   3.3903249E-02 
   3.1774510E-02   2.9718064E-02   2.7739068E-02   2.5621761E-02 
   2.3705419E-02   2.1748016E-02   1.9779192E-02   1.7723065E-02 
   1.5857784E-02   1.3945502E-02   1.1865923E-02   9.9592265E-03 
   7.9170717E-03   5.8394615E-03   3.8076807E-03   1.6549143E-03 
  -4.8397810E-04  -2.6127547E-03  -4.7197440E-03  -6.7819990E-03 
  -8.7831607E-03  -1.0675388E-02  -1.2356235E-02  -1.3937641E-02 
  -1.5287073E-02  -1.6353045E-02  -1.7286014E-02  -1.7837914E-02 
  -1.8214680E-02  -1.8331973E-02  -1.8163845E-02  -1.7781083E-02 
  -1.7257474E-02  -1.6518988E-02  -1.5664564E-02  -1.4697074E-02 
  -1.3682526E-02  -1.2589284E-02  -1.1482505E-02  -1.0330700E-02 
  -9.1885002E-03  -8.0426568E-03  -6.9084652E-03  -5.8003347E-03 
  -4.6892264E-03  -3.5974113E-03  -2.5113355E-03  -1.4318592E-03 
  -3.5823611E-04   7.0693152E-04   7.0693152E-04
    0.000000       4.2783603E-02   4.7588676E-02   4.6648104E-02 
   4.5694117E-02   4.4399031E-02   4.3006223E-02   4.1256458E-02 
   3.9527599E-02   3.7699953E-02   3.5668656E-02   3.3596750E-02 
   3.1679843E-02   2.9521883E-02   2.7501645E-02   2.5487326E-02 
   2.3452757E-02   2.1664275E-02   1.9653659E-02   1.7752072E-02 
   1.5885988E-02   1.3969733E-02   1.1948232E-02   1.0008651E-02 
   8.0187293E-03   6.0153902E-03   3.9348095E-03   1.8370227E-03 
  -2.8429303E-04  -2.3817681E-03  -4.4735316E-03  -6.5324176E-03 
  -8.4880898E-03  -1.0370350E-02  -1.2094389E-02  -1.3664695E-02 
  -1.5011640E-02  -1.6116820E-02  -1.7046291E-02  -1.7634422E-02 
  -1.8037232E-02  -1.8178629E-02  -1.8028747E-02  -1.7653663E-02 
  -1.7164452E-02  -1.6455570E-02  -1.5603871E-02  -1.4668407E-02 
  -1.3662775E-02  -1.2582615E-02  -1.1479558E-02  -1.0352588E-02 
  -9.1921128E-03  -8.0419425E-03  -6.9275750E-03  -5.7996092E-03 
  -4.7008088E-03  -3.6058936E-03  -2.5152466E-03  -1.4380271E-03 
  -3.6085007E-04   7.1601424E-04   7.1601424E-04
