    753.1424        753.1424        738.9838        725.3757     
    712.3278        699.8463        687.9336        676.5875     
    665.8013        655.5629        645.8547        636.6534     
    627.9299        619.6494        611.7712        604.2493     
    597.0327        590.0662        583.2906        576.6440     
    570.0625        563.4820        556.8417        550.0826     
    543.1473        535.9810        528.5318        520.7519     
    512.5975        504.0297        495.0143        485.5226     
    475.5306        465.0197        453.9762        442.3913     
    430.2606        417.5840        404.3652        390.6116     
    376.3333        361.5435        346.2574        330.4919     
    314.2654        297.5976        280.5085        263.0188     
    245.1490        226.9198        208.3515        189.4639     
    170.2763        150.8073        131.0748        111.0958     
    90.88683        70.46322        49.83968        29.03005     
    8.047376       -13.09609       -34.23956    
    753.1424        753.1424        738.9838        725.3757     
    712.3278        699.8463        687.9336        676.5875     
    665.8013        655.5629        645.8547        636.6534     
    627.9299        619.6494        611.7712        604.2493     
    597.0327        590.0662        583.2906        576.6440     
    570.0625        563.4820        556.8417        550.0826     
    543.1473        535.9810        528.5318        520.7519     
    512.5975        504.0297        495.0143        485.5226     
    475.5306        465.0197        453.9762        442.3913     
    430.2606        417.5840        404.3652        390.6116     
    376.3333        361.5435        346.2574        330.4919     
    314.2654        297.5976        280.5085        263.0188     
    245.1490        226.9198        208.3515        189.4639     
    170.2763        150.8073        131.0748        111.0958     
    90.88683        70.46322        49.83968        29.03005     
    8.047376       -13.09609       -34.23956    
    754.8189        754.8189        740.6478        727.0161     
    713.9346        701.4108        689.4484        678.0465     
    667.1995        656.8965        647.1210        637.8508     
    629.0577        620.7074        612.7598        605.1691     
    597.8848        590.8513        584.0094        577.2969     
    570.6497        564.0033        557.2966        550.4702     
    543.4666        536.2307        528.7109        520.8591     
    512.6323        503.9917        494.9040        485.3410     
    475.2802        464.7037        453.5993        441.9591     
    429.7798        417.0624        403.8111        390.0337     
    375.7406        360.9446        345.6604        329.9045     
    313.6943        297.0486        279.9863        262.5273     
    244.6911        226.4976        207.9663        189.1166     
    169.9672        150.5365        130.8419        110.9007     
    90.72894        70.34222        49.75526        28.98207     
    8.035831       -13.07099       -34.17781    
    756.4803        756.4803        742.2969        728.6420     
    715.5275        702.9623        690.9509        679.4939     
    668.5867        658.2198        648.3777        639.0391     
    630.1768        621.7570        613.7402        606.0811     
    598.7290        591.6285        584.7205        577.9422     
    571.2293        564.5170        557.7437        550.8501     
    543.7781        536.4728        528.8823        520.9590     
    512.6597        503.9466        494.7869        485.1533     
    475.0241        464.3829        453.2183        441.5237     
    429.2970        416.5398        403.2571        389.4571     
    375.1501        360.3488        345.0675        329.3219     
    313.1285        296.5052        279.4700        262.0417     
    244.2390        226.0810        207.5866        188.7744     
    169.6628        150.2698        130.6128        110.7086     
    90.57358        70.22316        49.67221        28.93486     
    8.024473       -13.04630       -34.11707    
    758.1479        758.1479        743.9528        730.2755     
    717.1292        704.5236        692.4644        680.9532     
    669.9865        659.5557        649.6466        640.2390     
    631.3062        622.8155        614.7278        606.9983     
    599.5764        592.4067        585.4300        578.5834     
    571.8023        565.0214        558.1791        551.2155     
    544.0726        536.6951        529.0315        521.0341     
    512.6604        503.8728        494.6396        484.9344     
    474.7365        464.0306        452.8068        441.0594     
    428.7874        415.9931        402.6823        388.8630     
    374.5457        359.7427        344.4676        328.7352     
    312.5614        295.9628        278.9565        261.5603     
    243.7921        225.6702        207.2129        188.4382     
    169.3642        150.0086        130.3885        110.5209     
    90.42179        70.10691        49.59116        28.88880     
    8.013391       -13.02220       -34.05780    
    759.8395        759.8395        745.6335        731.9355     
    718.7593        706.1154        694.0102        682.4460     
    671.4205        660.9258        650.9490        641.4706     
    632.4651        623.9005        615.7385        607.9344     
    600.4383        593.1948        586.1446        579.2247     
    572.3701        565.5153        558.5984        551.5594     
    544.3401        536.8852        529.1431        521.0668     
    512.6141        503.7482        494.4383        484.6592     
    474.3914        463.6210        452.3391        440.5415     
    428.2278        415.4011        402.0673        388.2347     
    373.9132        359.1145        343.8513        328.1375     
    311.9879        295.4178        278.4437        261.0821     
    243.3503        225.2657        206.8461        188.1093     
    169.0728        149.7542        130.1706        110.3386     
    90.27466        69.99432        49.51270        28.84423     
    8.002669       -12.99890       -34.00047    
    761.5682        761.5682        747.3528        733.6367     
    720.4339        707.7552        695.6072        683.9928     
    672.9100        662.3521        652.3067        642.7556     
    633.6741        625.0313        616.7895        608.9050     
    601.3279        594.0034        586.8719        579.8708     
    572.9344        565.9974        558.9975        551.8744     
    544.5701        537.0292        529.2006        521.0377     
    512.4990        503.5488        494.1574        484.3011     
    473.9618        463.1271        451.7895        439.9456     
    427.5959        414.7439        401.3953        387.5579     
    373.2411        358.4552        343.2120        327.5240     
    311.4048        294.8687        277.9310        260.6073     
    242.9143        224.8688        206.4880        187.7894     
    168.7904        149.5084        129.9604        110.1632     
    90.13326        69.88625        49.43745        28.80151     
    7.992394       -12.97657       -33.94553    
    763.3415        763.3415        749.1190        735.3887     
    722.1647        709.4570        697.2720        685.6123     
    674.4760        663.8568        653.7430        644.1174     
    634.9564        626.2300        617.9017        609.9285     
    602.2613        594.8456        587.6223        580.5284     
    573.4985        566.4671        559.3716        552.1521     
    544.7502        537.1113        529.1845        520.9240     
    512.2896        503.2470        493.7680        483.8306     
    473.4186        462.5210        451.1315        439.2479     
    426.8708        414.0036        400.6516        386.8212     
    372.5206        357.7588        342.5458        326.8927     
    310.8117        294.3159        277.4196        260.1378     
    242.4863        224.4815        206.1405        187.4805     
    168.5188        149.2727        129.7595        109.9960     
    89.99870        69.78355        49.36602        28.76097     
    7.982647       -12.95539       -33.89342    
    765.1595        765.1595        750.9333        737.1953     
    723.9581        711.2306        699.0179        687.3215     
    676.1388        665.4633        655.2836        645.5831     
    636.3395        627.5238        619.1008        611.0287     
    603.2595        595.7391        588.4092        581.2070     
    574.0673        566.9244        559.7162        552.3826     
    544.8660        537.1120        529.0710        520.6984     
    511.9557        502.8103        493.2365        483.2142     
    472.7292        461.7723        450.3383        438.4251     
    426.0333        413.1654        399.8250        386.0171     
    371.7475        357.0233        341.8525        326.2448     
    310.2106        293.7621        276.9126        259.6765     
    242.0691        224.1068        205.8064        187.1850     
    168.2601        149.0492        129.5696        109.8383     
    89.87203        69.68703        49.29896        28.72295     
    7.973506       -12.93552       -33.84455    
    767.0145        767.0145        752.7894        739.0521     
    725.8135        713.0799        700.8538        689.1345     
    677.9177        667.1957        656.9566        647.1841     
    637.8566        628.9466        620.4202        612.2371     
    604.3506        596.7082        589.2521        581.9205     
    574.6484        567.3708        560.0258        552.5541     
    544.8988        537.0069        528.8302        520.3264     
    511.4592        502.1991        492.5228        482.4132     
    471.8580        460.8495        449.3828        437.4558     
    425.0676        412.2184        398.9095        385.1429     
    370.9220        356.2510        341.1361        325.5848     
    309.6065        293.2122        276.4146        259.2278     
    241.6669        223.7482        205.4886        186.9056     
    168.0167        148.8397        129.3921        109.6913     
    89.75426        69.59743        49.23678        28.68773     
    7.965039       -12.91712       -33.79929    
    768.8896        768.8896        754.6717        740.9467     
    727.7223        715.0013        702.7825        691.0613     
    679.8301        669.0786        658.7932        648.9570     
    639.5485        630.5413        621.9030        613.5953     
    605.5734        597.7866        590.1787        582.6891     
    575.2542        567.8096        560.2948        552.6516     
    544.8250        536.7639        528.4232        519.7635     
    510.7524        501.3642        491.5792        481.3831     
    470.7658        459.7201        448.2404        436.3227     
    423.9629        411.1579        397.9050        384.2025     
    370.0502        355.4496        340.4046        324.9210     
    309.0070        292.6732        275.9319        258.7971     
    241.2841        223.4095        205.1905        186.6449     
    167.7907        148.6459        129.2286        109.5562     
    89.64625        69.51539        49.17992        28.65553     
    7.957303       -12.90032       -33.75794    
    770.7590        770.7590        756.5557        742.8569     
    729.6664        716.9824        704.7983        693.1044     
    681.8880        671.1340        660.8255        650.9429     
    641.4636        632.3616        623.6057        615.1596     
    606.9811        599.0220        591.2286        583.5429     
    575.9031        568.2471        560.5165        552.6558     
    544.6127        536.3405        527.7980        518.9514     
    509.7739        500.2448        490.3488        480.0743     
    469.4121        458.3538        446.8910        435.0151     
    422.7171        409.9880        396.8201        383.2069     
    369.1445        354.6316        339.6699        324.2641     
    308.4219        292.1535        275.4715        258.3902     
    240.9256        223.0946        204.9151        186.4054     
    167.5840        148.4695        129.0801        109.4339     
    89.54865        69.44138        49.12868        28.62655     
    7.950339       -12.88519       -33.72072    
    772.5894        772.5894        758.4088        744.7519     
    731.6180        718.9998        706.8848        695.2565     
    684.0951        673.3786        663.0836        653.1855     
    643.6581        634.4734        625.6006        617.0049     
    608.6468        600.4814        592.4589        584.5250     
    576.6226        568.6932        560.6829        552.5405     
    544.2192        535.6782        526.8845        517.8128     
    508.4445        498.7658        488.7656        478.4335     
    467.7583        456.7269        445.3243        433.5340     
    421.3391        408.7233        395.6723        382.1749     
    368.2233        353.8139        338.9471        323.6272     
    307.8619        291.6620        275.0405        258.0129     
    240.5957        222.8069        204.6651        186.1891     
    167.3982        148.3113        128.9474        109.3250     
    89.46188        69.37568        49.08325        28.60086     
    7.944170       -12.87179       -33.68776    
    774.3424        774.3424        760.1927        746.5936     
    733.5399        721.0191        709.0125        697.4960     
    686.4411        675.8167        665.5897        655.7261     
    646.1923        636.9545        627.9789        619.2303     
    610.6710        602.2598        593.9513        585.6979     
    577.4512        569.1619        560.7833        552.2712     
    543.5861        534.6976        525.5862        516.2430     
    506.6619        496.8364        486.7569        476.4093     
    465.7746        454.8289        443.5453        431.8956     
    419.8523        407.3903        394.4889        381.1321     
    367.3096        353.0166        338.2531        323.0241     
    307.3381        291.2072        274.6457        257.6701     
    240.2983        222.5493        204.4423        185.9973     
    167.2341        148.1722        128.8311        109.2295     
    89.38605        69.31835        49.04364        28.57849     
    7.938797       -12.86012       -33.65904    
    775.9793        775.9793        761.8676        748.3403     
    735.3888        722.9962        711.1383        699.7842     
    688.8966        678.4333        668.3484        658.5943     
    649.1232        639.8892        630.8488        621.9619     
    613.1904        604.4943        595.8273        587.1480     
    578.4368        569.6667        560.8025        551.8052     
    542.6409        533.2919        523.7663        514.0974     
    504.2938        494.3506        484.2497        473.9621     
    463.4503        452.6715        441.5811        430.1355     
    418.2953        406.0272        393.3047        380.1091     
    366.4292        352.2605        337.6044        322.4675     
    306.8602        290.7964        274.2921        257.3656     
    240.0359        222.3232        204.2479        185.8306     
    167.0919        148.0521        128.7308        109.1476     
    89.32098        69.26922        49.00974        28.55934     
    7.934201       -12.85014       -33.63448    
    777.4653        777.4653        763.3964        749.9514     
    737.1191        724.8802        713.2075        702.0652     
    691.4088        681.1857        671.3362        661.7944     
    652.4917        643.3586        634.3301        625.3508     
    616.3816        607.3945        598.2975        588.9854     
    579.6061        570.1944        560.7148        551.1082     
    541.3203        531.3328        521.2045        511.1648     
    501.1727        491.1971        481.1876        471.0807     
    460.8074        450.2974        439.4844        428.3089     
    416.7207        404.6804        392.1590        379.1378     
    365.6072        351.5650        337.0155        321.9679     
    306.4356        290.4346        273.9832        257.1013     
    239.8095        222.1291        204.0817        185.6887     
    166.9713        147.9504        128.6462        109.0784     
    89.26620        69.22791        48.98124        28.54326     
    7.930341       -12.84176       -33.61385    
    778.7743        778.7743        764.7503        751.3926     
    738.6890        726.6204        715.1595        704.2693     
    693.9023        683.9993        674.4891        665.2885     
    656.3025        647.4253        638.5439        629.5516     
    620.3960        611.2932        601.9287        591.2396     
    580.7979        570.6093        560.4788        550.2241     
    539.6895        528.7626        517.3643        507.1400     
    497.1105        487.2893        477.5602        467.8050     
    457.9131        447.7849        437.3333        426.4867     
    415.1889        403.3991        391.0904        378.2475     
    364.8650        350.9453        336.4967        321.5324     
    306.0687        290.1244        273.7201        256.8774     
    239.6187        221.9663        203.9428        185.5704     
    166.8711        147.8661        128.5761        109.0213     
    89.22100        69.19384        48.95777        28.53002     
    7.927163       -12.83485       -33.59687    
    779.8915        779.8915        765.9116        752.6404     
    740.0665        728.1731        716.9362        706.3223     
    696.2863        686.7693        677.6971        668.9775     
    660.4972        652.1147        643.6403        634.7680     
    624.8276        616.3384        609.8459        594.3455     
    581.7690        570.0115        558.2208        545.8247     
    531.9638        514.7101        509.9672        501.9486     
    491.9792        482.6281        473.4437        464.2436     
    454.8839        445.2431        435.2224        424.7460     
    413.7598        402.2282        390.1311        377.4605     
    364.2176        350.4109        336.0539        321.1637     
    305.7603        289.8654        273.5016        256.6925     
    239.4617        221.8328        203.8292        185.4740     
    166.7896        147.7976        128.5193        108.9751     
    89.18446        69.16632        48.93881        28.51933     
    7.924598       -12.82928       -33.58316    
    780.8146        780.8146        766.8755        753.6848     
    741.2330        729.5079        718.4915        708.1575     
    698.4692        689.3760        680.8110        672.6889     
    664.9044        657.3347        649.8773        642.6950     
    628.1934        616.6859        605.9053        593.7708     
    581.7017        569.7430        557.6591        545.1933     
    532.1307        518.5112        505.8462        490.0486     
    485.4439        477.3658        469.0256        460.5725     
    451.8721        442.7964        433.2479        423.1581     
    412.4839        401.2019        389.3033        376.7902     
    363.6724        349.9651        335.6874        320.8608     
    305.5085        289.6549        273.3249        256.5435     
    239.3356        221.7259        203.7386        185.3972     
    166.7247        147.7433        128.4743        108.9385     
    89.15553        69.14455        48.92382        28.51088     
    7.922570       -12.82488       -33.57233    
    781.5526        781.5526        767.6489        754.5288     
    742.1855        730.6119        719.7979        709.7274     
    700.3762        691.7078        683.6714        676.1981     
    669.1966        662.5150        655.6866        642.1351     
    629.0273        616.8194        605.0655        593.2409     
    581.4077        569.5278        557.4904        545.1644     
    532.4461        519.3185        505.8706        491.5000     
    476.7733        472.3131        464.5988        456.9987     
    449.0357        440.5612        431.4913        421.7769     
    411.3949        400.3394        388.6165        376.2401     
    363.2290        349.6054        335.3936        320.6192     
    305.3087        289.4886        273.1857        256.4265     
    239.2369        221.6424        203.6679        185.3374     
    166.6743        147.7011        128.4394        108.9101     
    89.13312        69.12771        48.91223        28.50434     
    7.921002       -12.82148       -33.56395    
    782.1224        782.1224        768.2481        755.1865     
    742.9339        731.4887        720.8489        711.0099     
    701.9620        693.6870        686.1550        679.3232     
    673.1646        667.8860        654.8386        641.7766     
    629.0096        616.7233        604.7805        592.9823     
    581.2274        569.4225        557.4677        545.2604     
    532.7111        519.7568        506.3496        492.3767     
    478.0424        464.0575        460.0386        453.6843     
    446.5076        438.6267        430.0075        420.6331     
    410.5070        399.6451        388.0693        375.8054     
    362.8810        349.3246        335.1654        320.4324     
    305.1546        289.3608        273.0791        256.3370     
    239.1616        221.5788        203.6141        185.2920     
    166.6361        147.6691        128.4130        108.8886     
    89.11618        69.11497        48.90347        28.49941     
    7.919818       -12.81890       -33.55763    
    782.5458        782.5458        768.6943        755.6786     
    743.4976        732.1548        721.6558        712.0068     
    703.2130        695.2759        688.1878        681.9070     
    676.2339        670.2413        655.2993        641.7434     
    628.9367        616.6234        604.6449        592.8574     
    581.1428        569.3927        557.5057        545.3842     
    532.9380        520.0880        506.7584        492.8497     
    478.1996        461.9279        457.5462        450.9754     
    444.3972        437.0476        428.8223        419.7342     
    409.8178        399.1111        387.6515        375.4755     
    362.6181        349.1134        334.9943        320.2927     
    305.0398        289.2657        272.9999        256.2707     
    239.1058        221.5318        203.5744        185.2585     
    166.6079        147.6456        128.3935        108.8728     
    89.10373        69.10561        48.89703        28.49578     
    7.918948       -12.81702       -33.55298    
    782.8448        782.8448        769.0102        756.0283     
    743.9003        732.6338        722.2408        712.7368     
    704.1401        696.4728        689.7651        684.0767     
    679.5997        667.8558        654.6194        641.4941     
    628.8093        616.5327        604.5670        592.7985     
    581.1145        569.4055        557.5698        545.5104     
    533.1367        520.3665        507.1268        493.3559     
    479.0396        464.3986        451.8708        448.2583     
    442.6803        435.8387        427.9359        419.0702     
    409.3128        398.7220        387.3484        375.2370     
    362.4286        348.9615        334.8714        320.1926     
    304.9575        289.1977        272.9433        256.2234     
    239.0661        221.4983        203.5462        185.2347     
    166.5879        147.6289        128.3797        108.8616     
    89.09491        69.09899        48.89248        28.49322     
    7.918333       -12.81568       -33.54969    
    783.0396        783.0396        769.2163        756.2571     
    744.1650        732.9504        722.6301        713.2261     
    704.7667        697.2877        690.8370        685.4877     
    681.3630        667.7797        654.3867        641.3455     
    628.7199        616.4747        604.5281        592.7789     
    581.1194        569.4413        557.6435        545.6293     
    533.3078        520.5966        507.4247        493.7392     
    479.5285        464.8859        450.0524        446.6691     
    441.5370        435.0190        427.3356        418.6218     
    408.9724        398.4602        387.1447        375.0767     
    362.3013        348.8594        334.7889        320.1253     
    304.9023        289.1521        272.9054        256.1917     
    239.0395        221.4759        203.5273        185.2188     
    166.5746        147.6177        128.3705        108.8542     
    89.08904        69.09458        48.88945        28.49151     
    7.917923       -12.81479       -33.54750    
    783.1458        783.1458        769.3289        756.3826     
    744.3108        733.1258        722.8469        713.5006     
    705.1207        697.7499        691.4417        686.2576     
    682.2496        667.9535        654.3657        641.3010     
    628.6863        616.4547        604.5211        592.7866     
    581.1453        569.4900        557.7197        545.7377     
    533.4531        520.7827        507.6547        494.0113     
    479.8094        464.9967        449.3333        445.9060     
    440.9314        434.5672        426.9987        418.3676     
    408.7780        398.3097        387.0269        374.9836     
    362.2271        348.7998        334.7406        320.0859     
    304.8699        289.1253        272.8831        256.1731     
    239.0238        221.4628        203.5162        185.2095     
    166.5667        147.6112        128.3651        108.8498     
    89.08561        69.09201        48.88768        28.49051     
    7.917684       -12.81427       -33.54623    
    783.1731        783.1731        769.3582        756.4156     
    744.3498        733.1735        722.9072        713.5784     
    705.2232        697.8866        691.6233        686.4904     
    682.5170        668.0748        654.4136        641.3218     
    628.6997        616.4689        604.5406        592.8151     
    581.1862        569.5466        557.7953        545.8353     
    533.5753        520.9316        507.8311        494.2126     
    480.0191        465.1486        449.2497        445.7791     
    440.8027        434.4542        426.9048        418.2910     
    408.7159        398.2595        386.9862        374.9506     
    362.2002        348.7778        334.7225        320.0710     
    304.8576        289.1150        272.8745        256.1659     
    239.0178        221.4577        203.5120        185.2059     
    166.5638        147.6087        128.3631        108.8482     
    89.08432        69.09104        48.88702        28.49014     
    7.917595       -12.81408       -33.54575    
    783.1248        783.1248        769.3074        756.3598     
    744.2860        733.0983        722.8161        713.4658     
    705.0817        697.7072        691.3978        686.2195     
    682.2311        668.1097        654.4972        641.3911     
    628.7516        616.5120        604.5826        592.8610     
    581.2392        569.6093        557.8697        545.9232     
    533.6776        521.0486        507.9631        494.3625     
    480.2055        465.4398        449.7612        446.2426     
    441.1231        434.6639        427.0433        418.3847     
    408.7809        398.3056        387.0196        374.9752     
    362.2186        348.7917        334.7333        320.0794     
    304.8643        289.1205        272.8790        256.1696     
    239.0209        221.4603        203.5142        185.2078     
    166.5654        147.6101        128.3642        108.8491     
    89.08506        69.09161        48.88741        28.49036     
    7.917647       -12.81419       -33.54603    
    782.9973        782.9973        769.1728        756.2111     
    744.1150        732.8950        722.5679        713.1559     
    704.6876        697.1999        690.7444        685.4025     
    681.3160        668.2175        654.6677        641.5156     
    628.8378        616.5793        604.6442        592.9226     
    581.3034        569.6776        557.9433        546.0024     
    533.7617        521.1357        508.0503        494.4508     
    480.3304        465.8182        451.1717        447.3731     
    441.9010        435.1970        427.4164        418.6519     
    408.9762        398.4508        387.1293        375.0593     
    362.2839        348.8431        334.7742        320.1123     
    304.8910        289.1424        272.8971        256.1847     
    239.0336        221.4710        203.5232        185.2154     
    166.5718        147.6155        128.3687        108.8527     
    89.08793        69.09377        48.88889        28.49120     
    7.917848       -12.81463       -33.54710    
    782.7805        782.7805        768.9441        755.9583     
    743.8243        732.5497        722.1464        712.6300     
    704.0189        696.3362        689.6145        683.9221     
    679.4834        668.9782        655.0297        641.6993     
    628.9458        616.6617        604.7225        593.0004     
    581.3799        569.7527        558.0173        546.0745     
    533.8294        521.1940        508.0889        494.4456     
    480.2434        465.7616        454.8282        449.3058     
    443.1469        436.0615        428.0356        419.1047     
    409.3129        398.7050        387.3237        375.2097     
    362.4018        348.9365        334.8489        320.1727     
    304.9402        289.1829        272.9307        256.2127     
    239.0571        221.4908        203.5399        185.2295     
    166.5837        147.6254        128.3769        108.8594     
    89.09322        69.09774        48.89163        28.49274     
    7.918219       -12.81543       -33.54908    
    782.4586        782.4586        768.6048        755.5838     
    743.3947        732.0410        721.5283        711.8623     
    703.0481        695.0868        687.9694        681.6473     
    675.8866        669.6138        655.3905        641.8543     
    629.0279        616.7380        604.8175        593.0992     
    581.4719        569.8362        558.0935        546.1422     
    533.8839        521.2289        508.0919        494.3600     
    479.7989        462.9376        457.6521        451.5567     
    444.7885        437.2565        428.9153        419.7603     
    409.8075        399.0824        387.6150        375.4370     
    362.5808        349.0789        334.9633        320.2655     
    305.0162        289.2455        272.9826        256.2561     
    239.0935        221.5215        203.5659        185.2515     
    166.6021        147.6409        128.3897        108.8698     
    89.10143        69.10392        48.89589        28.49514     
    7.918793       -12.81668       -33.55215    
    782.0117        782.0117        768.1343        755.0660     
    742.8033        731.3445        720.6874        710.8270     
    701.7527        693.4456        685.8729        678.9869     
    672.7546        667.4011        655.0621        641.8372     
    628.9985        616.7741        604.9534        593.2398     
    581.5857        569.9286        558.1742        546.2105     
    533.9296        521.2484        508.1099        494.4316     
    480.5261        467.6317        461.1147        454.2175     
    446.8078        438.7798        430.0665        420.6353     
    410.4775        399.5997        388.0179        375.7536     
    362.8319        349.2798        335.1254        320.3974     
    305.1243        289.3348        273.0570        256.3184     
    239.1459        221.5657        203.6032        185.2830     
    166.6287        147.6631        128.4081        108.8848     
    89.11324        69.11280        48.90200        28.49858     
    7.919621       -12.81847       -33.55657    
    781.4176        781.4176        767.5102        754.3821     
    742.0267        730.4370        719.6024        709.5064     
    700.1239        691.4174        683.3336        675.8007     
    668.7248        661.9518        655.0074        642.0378     
    628.7104        616.6979        605.2957        593.4869     
    581.7174        570.0146        558.2609        546.2946     
    533.9679        521.2126        508.0783        494.0130     
    479.6491        472.3023        464.8918        457.2247     
    449.1678        440.6151        431.4889        421.7384     
    411.3360        400.2713        388.5466        376.1727     
    363.1666        349.5491        335.3438        320.5758     
    305.2712        289.4565        273.1585        256.4035     
    239.2176        221.6263        203.6545        185.3263     
    166.6652        147.6937        128.4334        108.9054     
    89.12949        69.12503        48.91042        28.50333     
    7.920760       -12.82095       -33.56266    
    780.6552        780.6552        766.7117        753.5118     
    741.0463        729.3027        718.2629        707.9003     
    698.1772        689.0422        680.4271        672.2449     
    664.3884        656.7317        649.1644        641.8300     
    626.7618        616.0394        606.7128        593.9131     
    581.7260        569.9960        558.3602        546.4783     
    534.0446        520.9632        508.5699        492.7304     
    485.0304        477.0296        468.8647        460.4870     
    451.8042        442.7228        433.1629        423.0643     
    412.3862        401.1050        389.2109        376.7047     
    363.5951        349.8964        335.6271        320.8085     
    305.4635        289.6165        273.2923        256.5160     
    239.3125        221.7066        203.7225        185.3840     
    166.7138        147.7344        128.4672        108.9328     
    89.15119        69.14137        48.92166        28.50967     
    7.922281       -12.82425       -33.57079    
    779.7081        779.7081        765.7233        752.4419     
    739.8528        727.9392        716.6769        706.0322     
    695.9595        686.3997        677.2780        668.5023     
    659.9606        651.5146        642.9836        634.0858     
    624.2051        615.4592        608.5750        592.9722     
    580.6113        569.4857        558.5347        547.1926     
    534.5209        517.0519        509.6527        499.8476     
    490.7398        481.8290        472.9207        463.8872     
    454.6230        445.0354        435.0451        424.5880     
    413.6164        402.0978        390.0132        377.3549     
    364.1241        350.3288        335.9825        321.1021     
    305.7075        289.8203        273.4634        256.6603     
    239.4347        221.8102        203.8105        185.4586     
    166.7769        147.7873        128.5110        108.9685     
    89.17940        69.16260        48.93629        28.51792     
    7.924260       -12.82855       -33.58136    
    778.5684        778.5684        764.5389        751.1703     
    738.4506        726.3607        714.8732        703.9513     
    693.5471        683.6017        674.0441        664.7917     
    655.7511        646.8185        637.8838        628.8417     
    619.6352        610.4431        601.0041        590.3455     
    579.7374        569.2626        558.7518        547.9999     
    536.8278        525.3254        515.2166        505.3565     
    495.7563        486.2865        476.8230        467.2582     
    457.4979        447.4588        437.0679        426.2639     
    414.9977        403.2330        390.9452        378.1206     
    364.7544        350.8493        336.4139        321.4613     
    306.0079        290.0727        273.6764        256.8406     
    239.5878        221.9405        203.9214        185.5527     
    166.8566        147.8542        128.5666        109.0138     
    89.21523        69.18959        48.95489        28.52841     
    7.926777       -12.83402       -33.59481    
    777.2393        777.2393        763.1646        749.7083     
    736.8593        724.5986        712.8992        701.7252     
    691.0325        680.7686        670.8741        661.2842     
    651.9307        642.7449        633.6619        624.6257     
    615.5942        606.5351        597.3598        587.9618     
    578.4539        568.8693        559.1821        549.3523     
    539.3690        529.3164        519.4239        509.6326     
    499.9000        490.1675        480.3680        470.4324     
    460.2926        449.8842        439.1475        428.0294     
    416.4855        404.4800        391.9872        378.9899     
    365.4798        351.4554        336.9214        321.8875     
    306.3671        290.3765        273.9341        257.0599     
    239.7748        222.1002        204.0577        185.6689     
    166.9550        147.9371        128.6355        109.0700     
    89.25973        69.22314        48.97802        28.54146     
    7.929910       -12.84082       -33.61155    
    775.7367        775.7367        761.6191        748.0804     
    735.1122        722.6981        710.8141        699.4294     
    688.5072        678.0054        667.8788        658.0801     
    648.5620        639.2784        630.1862        621.2446     
    612.4141        603.6539        594.9166        586.1589     
    577.3578        568.4876        559.5195        550.4274     
    541.1978        531.8412        522.3868        512.8364     
    503.1784        493.3895        483.4379        473.2854     
    462.8900        452.2080        441.1963        429.8141     
    418.0249        405.7980        393.1095        379.9423     
    366.2865        352.1384        337.5001        322.3786     
    306.7846        290.7323        274.2381        257.3201     
    239.9978        222.2914        204.2215        185.8088     
    167.0740        148.0375        128.7191        109.1383     
    89.31386        69.26398        49.00619        28.55736     
    7.933727       -12.84911       -33.63195    
    774.0878        774.0878        759.9323        746.3221     
    733.2524        720.7110        708.6796        697.1343     
    686.0474        675.3877        665.1227        655.2189     
    645.6429        636.3612        627.3398        618.5438     
    609.9350        601.4721        593.1097        584.8004     
    576.4963        568.1503        559.7192        551.1650     
    542.4557        533.5692        524.4908        515.2086     
    505.7099        495.9800        486.0015        475.7533     
    465.2114        454.3489        443.1378        431.5500     
    419.5588        407.1406        394.2760        380.9504     
    367.1544        352.8841        338.1401        322.9279     
    307.2565        291.1381        274.5874        257.6211     
    240.2573        222.5150        204.4139        185.9738     
    167.2148        148.1565        128.8184        109.2196     
    89.37837        69.31270        49.03982        28.57635     
    7.938288       -12.85901       -33.65632    
    772.3282        772.3282        758.1421        744.4748     
    731.3259        718.6886        706.5508        694.8965     
    683.7061        672.9583        662.6299        652.6968     
    643.1332        633.9116        625.0010        616.3671     
    607.9704        599.7665        591.7057        583.7347     
    575.7966        567.8348        559.7971        551.6348     
    543.3042        534.7673        525.9933        516.9568     
    507.6378        498.0195        488.0869        477.8257     
    467.2209        456.2568        444.9162        433.1817     
    421.0360        408.4630        395.4492        381.9837     
    368.0597        353.6741        338.8279        323.5258     
    307.7758        291.5891        274.9790        257.9612     
    240.5524        222.7708        204.6350        186.1643     
    167.3778        148.2948        128.9341        109.3144     
    89.45377        69.36971        49.07922        28.59861     
    7.943633       -12.87062       -33.68488    
    770.4975        770.4975        756.2891        742.5807     
    729.3767        716.6755        704.4712        692.7543     
    681.5126        670.7317        660.3948        650.4829     
    640.9740        631.8420        623.0564        614.5811     
    606.3740        598.3875        590.5680        582.8579     
    575.1962        567.5212        559.7757        551.9052     
    543.8589        535.5910        527.0617        518.2375     
    509.0914        499.6017        489.7515        479.5272     
    468.9174        457.9115        446.4994        434.6712     
    422.4169        409.7274        396.5947        383.0126     
    368.9775        354.4885        339.5475        324.1598     
    308.3333        292.0784        275.4081        258.3369     
    240.8809        223.0573        204.8841        186.3798     
    167.5630        148.4523        129.0663        109.4230     
    89.54028        69.43522        49.12452        28.62423     
    7.949784       -12.88399       -33.71776    
    768.6342        768.6342        754.4118        740.6783     
    727.4421        714.7061        702.4698        690.7289     
    679.4764        668.7024        658.3938        648.5340     
    639.1019        630.0714        621.4106        613.0812     
    605.0388        597.2328        589.6072        582.1019     
    574.6532        567.1974        559.6743        552.0262     
    544.1989        536.1419        527.8105        519.1660     
    510.1760        500.8145        491.0612        480.9009     
    470.3222        459.3166        447.8772        435.9987     
    423.6763        410.9062        397.6852        384.0116     
    369.8851        355.3075        340.2826        324.8167     
    308.9183        292.5980        275.8683        258.7435     
    241.2392        223.3720        205.1593        186.6191     
    167.7695        148.6287        129.2147        109.5453     
    89.63781        69.50918        49.17572        28.65319     
    7.956743       -12.89910       -33.75495    
    766.7718        766.7718        752.5428        738.7983     
    725.5496        712.8033        700.5626        688.8270     
    677.5928        666.8526        656.5950        646.8040     
    637.4583        628.5307        619.9875        611.7887     
    603.8877        596.2321        588.7641        581.4221     
    574.1415        566.8571        559.5074        552.0334     
    544.3785        536.4901        528.3204        519.8273     
    510.9749        501.7334        492.0796        481.9957     
    471.4690        460.4909        449.0557        437.1602     
    424.8029        411.9833        398.7022        384.9614     
    370.7640        356.1143        341.0183        325.4838     
    309.5202        293.1389        276.3525        259.1754     
    241.6229        223.7115        205.4581        186.8803     
    167.9960        148.8228        129.3785        109.6806     
    89.74599        69.59133        49.23266        28.68543     
    7.964490       -12.91593       -33.79636    
    764.9358        764.9358        750.7064        736.9623     
    723.7168        710.9790        698.7545        687.0449     
    675.8483        665.1585        654.9645        645.2499     
    635.9926        627.1639        618.7288        610.6454     
    602.8660        595.3366        587.9987        580.7897     
    573.6446        566.4976        559.2867        551.9522     
    544.4365        536.6855        528.6497        520.2850     
    511.5528        502.4208        492.8631        482.8596     
    472.3957        461.4616        450.0517        438.1634     
    425.7966        412.9531        399.6362        385.8505     
    371.6015        356.8961        341.7425        326.1500     
    310.1295        293.6930        276.8539        259.6269     
    242.0275        224.0720        205.7774        187.1610     
    168.2404        149.0332        129.5567        109.8281     
    89.86417        69.68123        49.29504        28.72077     
    7.972984       -12.93439       -33.84176    
    763.1426        763.1426        748.9175        735.1824     
    721.9518        709.2359        697.0416        685.3716     
    674.2246        663.5945        653.4699        643.8337     
    634.6627        625.9268        617.5898        609.6088     
    601.9345        594.5127        587.2840        580.1857     
    573.1525        566.1185        559.0217        551.8018     
    544.4010        536.7645        528.8417        520.5870     
    511.9603        502.9273        493.4600        483.5363     
    473.1398        462.2593        450.8882        439.0238     
    426.6664        413.8188        400.4859        386.6740     
    372.3908        357.6451        342.4469        326.8073     
    310.7383        294.2532        277.3663        260.0927     
    242.4483        224.4497        206.1140        187.4585     
    168.5007        149.2580        129.7477        109.9867     
    89.99149        69.77824        49.36243        28.75898     
    7.982170       -12.95435       -33.89087    
    761.3993        761.3993        747.1818        733.4620     
    720.2541        707.5692        695.4141        683.7920     
    672.7012        662.1353        652.0819        642.5231     
    633.4345        624.7850        616.5372        608.6472     
    601.0653        593.7366        586.6017        579.5977     
    572.6592        565.7206        558.7200        551.5970     
    544.2936        536.7547        528.9292        520.7704     
    512.2373        503.2941        493.9112        484.0648     
    473.7368        462.9147        451.5907        439.7614     
    427.4267        414.5898        401.2564        387.4337     
    373.1309        358.3583        343.1273        327.4506     
    311.3416        294.8145        277.8848        260.5682     
    242.8813        224.8411        206.4650        187.7703     
    168.7747        149.4956        129.9501        110.1551     
    90.12698        69.88162        49.43432        28.79976     
    7.991978       -12.97566       -33.94330    
    759.7048        759.7048        745.4973        731.7966     
    718.6167        705.9683        693.8579        682.2883     
    671.2570        660.7567        650.7742        641.2906     
    632.2801        623.7109        615.5448        607.7371     
    600.2378        592.9916        585.9391        579.0174     
    572.1614        565.3058        558.3887        551.3499     
    544.1313        536.6779        528.9380        520.8647     
    512.4160        503.5550        494.2510        484.4789     
    474.2191        463.4576        452.1856        440.3984     
    428.0957        415.2803        401.9579        388.1363     
    373.8256        359.0371        343.7835        328.0785     
    311.9369        295.3741        278.4063        261.0503     
    243.3235        225.2432        206.8274        188.0938     
    169.0601        149.7438        130.1622        110.3320     
    90.26954        69.99055        49.51015        28.84281     
    8.002330       -12.99816       -33.99865    
    758.0510        758.0510        743.8548        730.1757     
    717.0269        704.4183        692.3557        680.8408     
    669.8703        659.4359        649.5231        640.1121     
    631.1761        622.6825        614.5923        606.8604     
    599.4365        592.2652        585.2871        578.4395     
    571.6576        564.8762        558.0338        551.0704     
    543.9280        536.5516        528.8895        520.8941     
    512.5230        503.7387        494.5093        484.8087     
    474.6161        463.9162        452.6989        440.9585     
    428.6939        415.9073        402.6041        388.7925     
    374.4828        359.6869        344.4186        328.6925     
    312.5244        295.9309        278.9293        261.5371     
    243.7726        225.6538        207.1992        188.4268     
    169.3548        150.0009        130.3824        110.5160     
    90.41804        70.10415        49.58929        28.88775     
    8.013143       -13.02166       -34.05647    
    756.4237        756.4237        742.2397        728.5838     
    715.4680        702.9010        690.8878        679.4288     
    668.5196        658.1506        648.3065        638.9661     
    630.1020        621.6806        613.6625        606.0021     
    598.6490        591.5477        584.6389        577.8601     
    571.1468        564.4342        557.6609        550.7675     
    543.6959        536.3911        528.8015        520.8793     
    512.5814        503.8701        494.7125        485.0815     
    474.9552        464.3172        453.1563        441.4656     
    429.2430        416.4901        403.2118        389.4161     
    375.1134        360.3163        345.0388        329.2968     
    313.1068        296.4865        279.4540        262.0281     
    244.2275        226.0714        207.5785        188.7677     
    169.6573        150.2653        130.6091        110.7057     
    90.57136        70.22153        49.67111        28.93424     
    8.024326       -13.04598       -34.11628    
    754.8044        754.8044        740.6332        727.0012     
    713.9194        701.3953        689.4324        678.0300     
    667.1824        656.8789        647.1030        637.8323     
    629.0388        620.6880        612.7401        605.1492     
    597.8645        590.8308        583.9887        577.2762     
    570.6289        563.9824        557.2756        550.4493     
    543.4458        536.2101        528.6904        520.8390     
    512.6124        503.9723        494.8851        485.3228     
    475.2627        464.6871        453.5835        441.9443     
    429.7661        417.0497        403.7996        390.0233     
    375.7312        360.9362        345.6531        329.8980     
    313.6888        297.0438        279.9822        262.5237     
    244.6881        226.4951        207.9643        189.1149     
    169.9658        150.5353        130.8410        110.9000     
    90.72837        70.34180        49.75498        28.98191     
    8.035793       -13.07091       -34.17761    
    753.1710        753.1710        739.0126        725.4051     
    712.3578        699.8772        687.9654        676.6204     
    665.8351        655.5977        645.8904        636.6901     
    627.9675        619.6877        611.8101        604.2888     
    597.0728        590.1066        583.3314        576.6851     
    570.1038        563.5234        556.8831        550.1239     
    543.1885        536.0218        528.5722        520.7917     
    512.6366        504.0679        495.0515        485.5585     
    475.5651        465.0525        454.0073        442.4204     
    430.2877        417.6089        404.3880        390.6322     
    376.3518        361.5600        346.2719        330.5045     
    314.2764        297.6071        280.5166        263.0257     
    245.1548        226.9247        208.3556        189.4673     
    170.2791        150.8096        131.0766        111.0973     
    90.88795        70.46405        49.84024        29.03036     
    8.047450       -13.09626       -34.23996    
    753.1710        753.1710        739.0126        725.4051     
    712.3578        699.8772        687.9654        676.6204     
    665.8351        655.5977        645.8904        636.6901     
    627.9675        619.6877        611.8101        604.2888     
    597.0728        590.1066        583.3314        576.6851     
    570.1038        563.5234        556.8831        550.1239     
    543.1885        536.0218        528.5722        520.7917     
    512.6366        504.0679        495.0515        485.5585     
    475.5651        465.0525        454.0073        442.4204     
    430.2877        417.6089        404.3880        390.6322     
    376.3518        361.5600        346.2719        330.5045     
    314.2764        297.6071        280.5166        263.0257     
    245.1548        226.9247        208.3556        189.4673     
    170.2791        150.8096        131.0766        111.0973     
    90.88795        70.46405        49.84024        29.03036     
    8.047450       -13.09626       -34.23996    
