    0.000000      -4.6669170E-02  -4.7803655E-02  -4.7003243E-02 
  -4.6042264E-02  -4.4842232E-02  -4.3428794E-02  -4.1837636E-02 
  -4.0104035E-02  -3.8262088E-02  -3.6343686E-02  -3.4377463E-02 
  -3.2387856E-02  -3.0394442E-02  -2.8411597E-02  -2.6448470E-02 
  -2.4509242E-02  -2.2593629E-02  -2.0697556E-02  -1.8813975E-02 
  -1.6933741E-02  -1.5046813E-02  -1.3143984E-02  -1.1217081E-02 
  -9.2596170E-03  -7.2676907E-03  -5.2408492E-03  -3.1828594E-03 
  -1.1023395E-03   9.8682498E-04   3.0654718E-03   5.1092105E-03 
   7.0892465E-03   8.9735603E-03   1.0728524E-02   1.2320871E-02 
   1.3719843E-02   1.4899308E-02   1.5839590E-02   1.6528815E-02 
   1.6963596E-02   1.7148990E-02   1.7097795E-02   1.6829247E-02 
   1.6367381E-02   1.5739214E-02   1.4972956E-02   1.4096442E-02 
   1.3135830E-02   1.2114665E-02   1.1053271E-02   9.9684587E-03 
   8.8734766E-03   7.7781472E-03   6.6891331E-03   5.6102742E-03 
   4.5429575E-03   3.4864910E-03   2.4384649E-03   1.3950896E-03 
   3.5152063E-04  -6.9790502E-04  -6.9790502E-04
    0.000000      -4.6918139E-02  -4.8062213E-02  -4.7264565E-02 
  -4.6307385E-02  -4.5110472E-02  -4.3698438E-02  -4.2106163E-02 
  -4.0368374E-02  -3.8518883E-02  -3.6589578E-02  -3.4609273E-02 
  -3.2602746E-02  -3.0589992E-02  -2.8585821E-02  -2.6599798E-02 
  -2.4636457E-02  -2.2695793E-02  -2.0773942E-02  -1.8863989E-02 
  -1.6956883E-02  -1.5042638E-02  -1.3112130E-02  -1.1157286E-02 
  -9.1717727E-03  -7.1519199E-03  -5.0976006E-03  -3.0130183E-03 
  -9.0734125E-04   1.2048956E-03   3.3036894E-03   5.3638932E-03 
   7.3559778E-03   9.2472890E-03   1.1003755E-02   1.2591925E-02 
   1.3981174E-02   1.5145827E-02   1.6066976E-02   1.6733747E-02 
   1.7143901E-02   1.7303690E-02   1.7227024E-02   1.6934114E-02 
   1.6449755E-02   1.5801497E-02   1.5017852E-02   1.4126753E-02 
   1.3154294E-02   1.2123837E-02   1.1055449E-02   9.9656424E-03 
   8.8673588E-03   7.7701276E-03   6.6803438E-03   5.6016091E-03 
   4.5351088E-03   3.4799788E-03   2.4336651E-03   1.3922571E-03 
   3.5080069E-04  -6.9647562E-04  -6.9647562E-04
    0.000000      -4.6793655E-02  -4.7932934E-02  -4.7133904E-02 
  -4.6174824E-02  -4.4976350E-02  -4.3563616E-02  -4.1971900E-02 
  -4.0236205E-02  -3.8390487E-02  -3.6466632E-02  -3.4493368E-02 
  -3.2495301E-02  -3.0492216E-02  -2.8498709E-02  -2.6524134E-02 
  -2.4572849E-02  -2.2644710E-02  -2.0735750E-02  -1.8838983E-02 
  -1.6945312E-02  -1.5044726E-02  -1.3128056E-02  -1.1187184E-02 
  -9.2156949E-03  -7.2098053E-03  -5.1692249E-03  -3.0979388E-03 
  -1.0048404E-03   1.0958603E-03   3.1845805E-03   5.2365516E-03 
   7.2226124E-03   9.1104247E-03   1.0866139E-02   1.2456398E-02 
   1.3850508E-02   1.5022567E-02   1.5953282E-02   1.6631281E-02 
   1.7053749E-02   1.7226340E-02   1.7162409E-02   1.6881680E-02 
   1.6408568E-02   1.5770355E-02   1.4995405E-02   1.4111597E-02 
   1.3145062E-02   1.2119250E-02   1.1054359E-02   9.9670505E-03 
   8.8704182E-03   7.7741374E-03   6.6847382E-03   5.6059416E-03 
   4.5390329E-03   3.4832349E-03   2.4360649E-03   1.3936732E-03 
   3.5116068E-04  -6.9719029E-04  -6.9719029E-04
    0.000000      -4.7397561E-02  -4.8561290E-02  -4.7769852E-02 
  -4.6821281E-02  -4.5631953E-02  -4.4224277E-02  -4.2631444E-02 
  -4.0886983E-02  -3.9024092E-02  -3.7074551E-02  -3.5067525E-02 
  -3.3028424E-02  -3.0978080E-02  -2.8932177E-02  -2.6901113E-02 
  -2.4890149E-02  -2.2899868E-02  -2.0926837E-02  -1.8964438E-02 
  -1.7003817E-02  -1.5035134E-02  -1.3049431E-02  -1.1038866E-02 
  -8.9974320E-03  -6.9219433E-03  -4.8129577E-03  -2.6755871E-03 
  -5.2014459E-04   1.6374761E-03   3.7757643E-03   5.8680065E-03 
   7.8831892E-03   9.7874170E-03   1.1545780E-02   1.3124539E-02 
   1.4493416E-02   1.5627746E-02   1.6510215E-02   1.7132003E-02 
   1.7493183E-02   1.7602351E-02   1.7475612E-02   1.7135048E-02 
   1.6606901E-02   1.5919697E-02   1.5102485E-02   1.4183341E-02 
   1.3188193E-02   1.2140013E-02   1.1058346E-02   9.9591147E-03 
   8.8546574E-03   7.7539324E-03   6.6628130E-03   5.5844472E-03 
   4.5196284E-03   3.4671673E-03   2.4242355E-03   1.3866919E-03 
   3.4938089E-04  -6.9365674E-04  -6.9365674E-04
    0.000000      -4.8684027E-02  -4.9902767E-02  -4.9132284E-02 
  -4.8212539E-02  -4.7050178E-02  -4.5661166E-02  -4.4073559E-02 
  -4.2317200E-02  -4.0423203E-02  -3.8422819E-02  -3.6345966E-02 
  -3.4219775E-02  -3.2067347E-02  -2.9906858E-02  -2.7751116E-02 
  -2.5607521E-02  -2.3478391E-02  -2.1361616E-02  -1.9251518E-02 
  -1.7139884E-02  -1.5017373E-02  -1.2875595E-02  -1.0707440E-02 
  -8.5079381E-03  -6.2753865E-03  -4.0123933E-03  -1.7267707E-03 
   5.6780945E-04   2.8515132E-03   5.0985008E-03   7.2776359E-03 
   9.3537988E-03   1.1289768E-02   1.3048549E-02   1.4595942E-02 
   1.5903048E-02   1.6948415E-02   1.7719544E-02   1.8213596E-02 
   1.8437197E-02   1.8405488E-02   1.8140541E-02   1.7669415E-02 
   1.7022105E-02   1.6229589E-02   1.5322151E-02   1.4328053E-02 
   1.3272612E-02   1.2177626E-02   1.1061128E-02   9.9373898E-03 
   8.8170981E-03   7.7076517E-03   6.6135237E-03   5.5366401E-03 
   4.4767582E-03   3.4318217E-03   2.3982842E-03   1.3713979E-03 
   3.4548112E-04  -6.8591419E-04  -6.8591419E-04
    0.000000      -5.0586261E-02  -5.1893398E-02  -5.1167268E-02 
  -5.0308175E-02  -4.9206719E-02  -4.7867555E-02  -4.6309374E-02 
  -4.4554964E-02  -4.2631045E-02  -4.0567119E-02  -3.8393684E-02 
  -3.6140241E-02  -3.3833422E-02  -3.1495482E-02  -2.9143322E-02 
  -2.6788078E-02  -2.4435220E-02  -2.2085110E-02  -1.9733917E-02 
  -1.7374787E-02  -1.4999487E-02  -1.2600859E-02  -1.0173315E-02 
  -7.7139321E-03  -5.2238214E-03  -2.7093708E-03  -1.8325208E-04 
   2.3349442E-03   4.8185885E-03   7.2345487E-03   9.5444750E-03 
   1.1706845E-02   1.3679639E-02   1.5423410E-02   1.6904388E-02 
   1.8097194E-02   1.8986812E-02   1.9569531E-02   1.9852785E-02 
   1.9853977E-02   1.9598549E-02   1.9117581E-02   1.8445324E-02 
   1.7616879E-02   1.6666269E-02   1.5624970E-02   1.4520944E-02 
   1.3378093E-02   1.2216080E-02   1.1050420E-02   9.8927449E-03 
   8.7511791E-03   7.6307617E-03   6.5338728E-03   5.4606432E-03 
   4.4093230E-03   3.3766089E-03   2.3579281E-03   1.3476782E-03 
   3.3943928E-04  -6.7391881E-04  -6.7391881E-04
    0.000000      -5.3008687E-02  -5.4442368E-02  -5.3799286E-02 
  -5.3053614E-02  -5.2072417E-02  -5.0842516E-02  -4.9367182E-02 
  -4.7656871E-02  -4.5729831E-02  -4.3611139E-02  -4.1330658E-02 
  -3.8920328E-02  -3.6411416E-02  -3.3832055E-02  -3.1205386E-02 
  -2.8548505E-02  -2.5872100E-02  -2.3180835E-02  -2.0474257E-02 
  -1.7748164E-02  -1.4996614E-02  -1.2214934E-02  -9.4005018E-03 
  -6.5541947E-03  -3.6821417E-03  -7.9724501E-04   2.0796969E-03 
   4.9194652E-03   7.6847048E-03   1.0331191E-02   1.2810132E-02 
   1.5071418E-02   1.7067522E-02   1.8757554E-02   2.0110931E-02 
   2.1110073E-02   2.1751696E-02   2.2046614E-02   2.2018094E-02 
   2.1699151E-02   2.1129306E-02   2.0351239E-02   1.9407790E-02 
   1.8339572E-02   1.7183281E-02   1.5970699E-02   1.4728284E-02 
   1.3477219E-02   1.2233733E-02   1.1009621E-02   9.8128142E-03 
   8.6479755E-03   7.5170370E-03   6.4196866E-03   5.3537837E-03 
   4.3157027E-03   3.3006109E-03   2.3026920E-03   1.3153221E-03 
   3.3120858E-04  -6.5757765E-04  -6.5757765E-04
    0.000000      -5.5817548E-02  -5.7421725E-02  -5.6920368E-02 
  -5.6368887E-02  -5.5602241E-02  -5.4581076E-02  -5.3284809E-02 
  -5.1703636E-02  -4.9840480E-02  -4.7710814E-02  -4.5340590E-02 
  -4.2762905E-02  -4.0014099E-02  -3.7129968E-02  -3.4142561E-02 
  -3.1077972E-02  -2.7955219E-02  -2.4786161E-02  -2.1576339E-02 
  -1.8326536E-02  -1.5035307E-02  -1.1702819E-02  -8.3320634E-03 
  -4.9308608E-03  -1.5141501E-03   1.8941276E-03   5.2598491E-03 
   8.5385451E-03   1.1676547E-02   1.4613618E-02   1.7287010E-02 
   1.9636597E-02   2.1610456E-02   2.3170024E-02   2.4293991E-02 
   2.4980249E-02   2.5245603E-02   2.5123384E-02   2.4659520E-02 
   2.3907792E-02   2.2925055E-02   2.1767054E-02   2.0485239E-02 
   1.9124683E-02   1.7723059E-02   1.6310474E-02   1.4909879E-02 
   1.3537873E-02   1.2205632E-02   1.0919880E-02   9.6837729E-03 
   8.4976656E-03   7.3597487E-03   6.2665464E-03   5.2133072E-03 
   4.1942880E-03   3.2029613E-03   2.2321572E-03   1.2741581E-03 
   3.2075288E-04  -6.3681905E-04  -6.3681905E-04
    0.000000      -5.8832005E-02  -6.0656093E-02  -6.0378101E-02 
  -6.0134824E-02  -5.9720356E-02  -5.9059452E-02  -5.8096871E-02 
  -5.6791246E-02  -5.5119410E-02  -5.3077906E-02  -5.0681770E-02 
  -4.7961023E-02  -4.4955648E-02  -4.1710094E-02  -3.8268149E-02 
  -3.4668908E-02  -3.0944228E-02  -2.7117765E-02  -2.3205444E-02 
  -1.9217208E-02  -1.5160197E-02  -1.1043783E-02  -6.8814559E-03 
  -2.6936329E-03   1.4892787E-03   5.6246081E-03   9.6564125E-03 
   1.3516271E-02   1.7126238E-02   2.0404004E-02   2.3269877E-02 
   2.5654670E-02   2.7507240E-02   2.8800303E-02   2.9533433E-02 
   2.9732706E-02   2.9447172E-02   2.8742947E-02   2.7696112E-02 
   2.6385639E-02   2.4887333E-02   2.3269365E-02   2.1589607E-02 
   1.9894565E-02   1.8219592E-02   1.6589940E-02   1.5022261E-02 
   1.3526250E-02   1.2106207E-02   1.0762414E-02   9.4922520E-03 
   8.2910815E-03   7.1528857E-03   6.0707340E-03   5.0370893E-03 
   4.0440005E-03   3.0832104E-03   2.1462000E-03   1.2241851E-03 
   3.0807909E-04  -6.1165664E-04  -6.1165664E-04
    0.000000      -6.1819449E-02  -6.3915744E-02  -6.3965008E-02 
  -6.4178064E-02  -6.4301141E-02  -6.4213626E-02  -6.3813359E-02 
  -6.3012809E-02  -6.1746854E-02  -5.9977632E-02  -5.7695817E-02 
  -5.4918271E-02  -5.1682681E-02  -4.8040356E-02  -4.4048626E-02 
  -3.9764095E-02  -3.5237689E-02  -3.0511947E-02  -2.5620613E-02 
  -2.0590236E-02  -1.5444103E-02  -1.0208890E-02  -4.9175229E-03 
   3.8677538E-04   5.6463513E-03   1.0786482E-02   1.5715219E-02 
   2.0326559E-02   2.4507202E-02   2.8146390E-02   3.1147493E-02 
   3.3439323E-02   3.4985032E-02   3.5786703E-02   3.5884824E-02 
   3.5352830E-02   3.4287989E-02   3.2800544E-02   3.1003065E-02 
   2.9001486E-02   2.6888797E-02   2.4741543E-02   2.2618834E-02 
   2.0563211E-02   1.8602727E-02   1.6753549E-02   1.5022662E-02 
   1.3410337E-02   1.1912203E-02   1.0520889E-02   9.2272433E-03 
   8.0211889E-03   6.8922876E-03   5.8300793E-03   4.8242593E-03 
   3.8647398E-03   2.9416350E-03   2.0451907E-03   1.1656786E-03 
   2.9326321E-04  -5.8224134E-04  -5.8224134E-04
    0.000000      -6.4499460E-02  -6.6917427E-02  -6.7413338E-02 
  -6.8257943E-02  -6.9147579E-02  -6.9910288E-02  -7.0386060E-02 
  -7.0424862E-02  -6.9898665E-02  -6.8711549E-02  -6.6806220E-02 
  -6.4165697E-02  -6.0809873E-02  -5.6787856E-02  -5.2167948E-02 
  -4.7027301E-02  -4.1443318E-02  -3.5487950E-02  -2.9225338E-02 
  -2.2712426E-02  -1.6002987E-02  -9.1560055E-03  -2.2398892E-03 
   4.6613873E-03   1.1442175E-02   1.7972123E-02   2.4098655E-02 
   2.9656414E-02   3.4482390E-02   3.8434088E-02   4.1407336E-02 
   4.3349992E-02   4.4268809E-02   4.4227995E-02   4.3340132E-02 
   4.1751552E-02   3.9625373E-02   3.7125133E-02   3.4401588E-02 
   3.1583793E-02   2.8774682E-02   2.6050471E-02   2.3462826E-02 
   2.1042602E-02   1.8804215E-02   1.6749907E-02   1.4873525E-02 
   1.3163576E-02   1.1605562E-02   1.0183647E-02   8.8817710E-03 
   7.6843305E-03   6.5765474E-03   5.5446071E-03   4.5756553E-03 
   3.6576975E-03   2.7794444E-03   1.9301214E-03   1.0992590E-03 
   2.7646695E-04  -5.4889423E-04  -5.4889423E-04
    0.000000      -6.6560507E-02  -6.9337644E-02  -7.0400357E-02 
  -7.2060406E-02  -7.3971331E-02  -7.5912312E-02  -7.7661231E-02 
  -7.8992277E-02  -7.9691261E-02  -7.9572201E-02  -7.8492425E-02 
  -7.6362982E-02  -7.3152252E-02  -6.8881847E-02  -6.3616186E-02 
  -5.7448581E-02  -5.0487712E-02  -4.2848106E-02  -3.4645960E-02 
  -2.5997074E-02  -1.7015437E-02  -7.8202244E-03   1.4583152E-03 
   1.0667107E-02   1.9617563E-02   2.8079983E-02   3.5793677E-02 
   4.2497508E-02   4.7964107E-02   5.2030418E-02   5.4619152E-02 
   5.5747502E-02   5.5522066E-02   5.4121885E-02   5.1773675E-02 
   4.8724420E-02   4.5216165E-02   4.1466516E-02   3.7656441E-02 
   3.3925224E-02   3.0371204E-02   2.7056418E-02   2.4013227E-02 
   2.1251457E-02   1.8765042E-02   1.6537638E-02   1.4547003E-02 
   1.2768214E-02   1.1175861E-02   9.7454321E-03   8.4540946E-03 
   7.2810408E-03   6.2075551E-03   5.2168900E-03   4.2940462E-03 
   3.4254908E-03   2.5988598E-03   1.8026497E-03   1.0259115E-03 
   2.5794233E-04  -5.1211572E-04  -5.1211572E-04
    0.000000      -6.7691170E-02  -7.0841283E-02  -7.2569191E-02 
  -7.5206205E-02  -7.8382947E-02  -8.1846513E-02  -8.5323118E-02 
  -8.8510111E-02  -9.1090210E-02  -9.2752419E-02  -9.3217067E-02 
  -9.2260554E-02  -8.9734852E-02  -8.5576810E-02  -7.9804629E-02 
  -7.2502077E-02  -6.3796513E-02  -5.3844951E-02  -4.2848464E-02 
  -3.1060308E-02  -1.8731777E-02  -6.0932315E-03   6.6345758E-03 
   1.9203607E-02   3.1293623E-02   4.2484343E-02   5.2286062E-02 
   6.0279042E-02   6.6177696E-02   6.9859974E-02   7.1370177E-02 
   7.0898920E-02   6.8746589E-02   6.5278403E-02   6.0879081E-02 
   5.5914018E-02   5.0701320E-02   4.5496222E-02   4.0486798E-02 
   3.5798196E-02   3.1502075E-02   2.7628237E-02   2.4176182E-02 
   2.1125279E-02   1.8442951E-02   1.6090762E-02   1.4028670E-02 
   1.2217767E-02   1.0621876E-02   9.2083383E-03   7.9482412E-03 
   6.8163108E-03   5.7905959E-03   4.8520528E-03   3.9840867E-03 
   3.1720994E-03   2.4030507E-03   1.6650475E-03   9.4695535E-04 
   2.3802373E-04  -4.7256952E-04  -4.7256952E-04
    0.000000      -6.7623079E-02  -7.1124673E-02  -7.3567636E-02 
  -7.7280432E-02  -8.1904329E-02  -8.7189429E-02  -9.2843734E-02 
  -9.8512366E-02  -0.1037814      -0.1081936      -0.1112773     
  -0.1125854      -0.1117411      -0.1084814      -0.1026858     
  -9.4371885E-02  -8.3631948E-02  -7.0527829E-02  -5.5298567E-02 
  -3.8695313E-02  -2.1381292E-02  -3.7679933E-03   1.3890540E-02 
   3.1332649E-02   4.8098791E-02   6.3354462E-02   7.5880677E-02 
   8.5061140E-02   9.0696007E-02   9.2916593E-02   9.2105366E-02 
   8.8806175E-02   8.3637893E-02   7.7219918E-02   7.0115201E-02 
   6.2793516E-02   5.5614974E-02   4.8830520E-02   4.2594273E-02 
   3.6982100E-02   3.2011803E-02   2.7661663E-02   2.3885770E-02 
   2.0625666E-02   1.7818511E-02   1.5402419E-02   1.3319612E-02 
   1.1518037E-02   9.9519351E-03   8.5817659E-03   7.3737549E-03 
   6.2992470E-03   5.3339917E-03   4.4574291E-03   3.6520173E-03 
   2.9026177E-03   2.1959438E-03   1.5200669E-03   8.6396647E-04 
   2.1710839E-04  -4.3104443E-04  -4.3104443E-04
    0.000000      -6.6176750E-02  -6.9965594E-02  -7.3101483E-02 
  -7.7886328E-02  -8.4015094E-02  -9.1292307E-02  -9.9467956E-02 
  -0.1081977      -0.1170245      -0.1253719      -0.1325536     
  -0.1378057      -0.1403473      -0.1394826      -0.1347493     
  -0.1261029      -0.1138426      -9.6959852E-02  -7.4087031E-02 
  -4.9247183E-02  -2.4562357E-02  -3.7568866E-04   2.3638582E-02 
   4.7838680E-02   7.2032109E-02   9.4624236E-02   0.1103952     
   0.1197617       0.1233198       0.1219727       0.1168113     
   0.1089504       9.9420957E-02   8.9103647E-02   7.8693725E-02 
   6.8694070E-02   5.9430175E-02   5.1079478E-02   4.3706685E-02 
   3.7298128E-02   3.1791102E-02   2.7096495E-02   2.3114771E-02 
   1.9746417E-02   1.6898114E-02   1.4485891E-02   1.2436301E-02 
   1.0686383E-02   9.1829179E-03   7.8813704E-03   6.7446977E-03 
   5.7421802E-03   4.8483331E-03   4.0419311E-03   3.3051556E-03 
   2.6228591E-03   1.9819299E-03   1.3707418E-03   7.7866687E-04 
   1.9562882E-04  -3.8839914E-04  -3.8839914E-04
    0.000000      -6.3297220E-02  -6.7266934E-02  -7.0990615E-02 
  -7.6716311E-02  -8.4235102E-02  -9.3463048E-02  -0.1042706     
  -0.1164250      -0.1295449      -0.1430555      -0.1561462     
  -0.1677333      -0.1764382      -0.1806239      -0.1786383     
  -0.1700555      -0.1610425      -0.1473275      -0.1003004     
  -5.8482531E-02  -2.4628825E-02   5.1884768E-03   3.4533236E-02 
   6.6372775E-02   0.1030145       0.1471977       0.1623200     
   0.1679510       0.1654356       0.1569154       0.1445239     
   0.1300108       0.1147433       9.9728912E-02   8.5646205E-02 
   7.2892077E-02   6.1642390E-02   5.1915329E-02   4.3628238E-02 
   3.6642786E-02   3.0797258E-02   2.5927536E-02   2.1879362E-02 
   1.8514479E-02   1.5712842E-02   1.3372490E-02   1.1408156E-02 
   9.7493147E-03   8.3380817E-03   7.1271751E-03   6.0780686E-03 
   5.1593725E-03   4.3454454E-03   3.6152268E-03   2.9512597E-03 
   2.3388767E-03   1.7655181E-03   1.2201566E-03   6.9279596E-04 
   1.7402075E-04  -3.4549873E-04  -3.4549873E-04
    0.000000      -5.9066702E-02  -6.3079126E-02  -6.7210205E-02 
  -7.3620744E-02  -8.2227126E-02  -9.3101725E-02  -0.1063089     
  -0.1218416      -0.1395614      -0.1591273      -0.1799058     
  -0.2008376      -0.2201896      -0.2350065      -0.2401438     
  -0.2138557      -0.2232100      -0.2956877      -0.1158556     
  -4.2227890E-02  -1.0395368E-02   1.3571915E-02   3.9064731E-02 
   7.2536349E-02   0.1135542       0.2781332       0.2355899     
   0.2312792       0.2163702       0.1957042       0.1728375     
   0.1497427       0.1277491       0.1076899       8.9986481E-02 
   7.4747533E-02   6.1872520E-02   5.1141139E-02   4.2280454E-02 
   3.5009015E-02   2.9062349E-02   2.4205260E-02   2.0235889E-02 
   1.6985044E-02   1.4313208E-02   1.2106617E-02   1.0273210E-02 
   8.7388670E-03   7.4440935E-03   6.3411957E-03   5.3919251E-03 
   4.5655426E-03   3.8372409E-03   3.1868627E-03   2.5978633E-03 
   2.0564680E-03   1.5509811E-03   1.0712111E-03   6.0798100E-04 
   1.5269102E-04  -3.0315094E-04  -3.0315094E-04
    0.000000      -5.3688198E-02  -5.7591222E-02  -6.1899863E-02 
  -6.8647914E-02  -7.7883676E-02  -8.9851409E-02  -0.1048484     
  -0.1231729      -0.1450729      -0.1706884      -0.1999961     
  -0.2327703      -0.2685925      -0.3081378      -0.3622230     
  -0.1710912      -0.1342127      -0.1812574      -5.1818624E-02 
  -1.0700478E-02   2.4011123E-03   1.2164277E-02   2.2802602E-02 
   3.5588551E-02   3.2620784E-02   0.2096750       0.1934315     
   0.3144616       0.2727199       0.2335689       0.1978930     
   0.1652677       0.1364205       0.1116714       9.0931483E-02 
   7.3851019E-02   5.9953630E-02   4.8734464E-02   3.9718185E-02 
   3.2486398E-02   2.6685713E-02   2.2025367E-02   1.8270155E-02 
   1.5231870E-02   1.2760960E-02   1.0739089E-02   9.0728225E-03 
   7.6884571E-03   6.5278308E-03   5.5449824E-03   4.7035026E-03 
   3.9744377E-03   3.3346368E-03   2.7654443E-03   2.2516635E-03 
   1.7807283E-03   1.3420391E-03   9.2641305E-04   5.2562275E-04 
   1.3198922E-04  -2.6204981E-04  -2.6204981E-04
    0.000000      -4.7444109E-02  -5.1091690E-02  -5.5334207E-02 
  -6.2035363E-02  -7.1358025E-02  -8.3698496E-02  -9.9575162E-02 
  -0.1195993      -0.1444449      -0.1748126      -0.2114092     
  -0.2549385      -0.3055503      -0.3541493      -0.2388247     
  -5.8022123E-02  -7.0679393E-03   2.8730163E-02   9.9998247E-03 
   2.6224067E-03   2.6055241E-03   4.0276200E-03   4.0382603E-03 
  -7.6403929E-04  -2.5720518E-02   2.1806059E-02   4.4371452E-02 
   0.2266382       0.3042282       0.2632420       0.2154596     
   0.1738393       0.1390946       0.1107771       8.8091746E-02 
   7.0118599E-02   5.5965319E-02   4.4847511E-02   3.6113534E-02 
   2.9239580E-02   2.3812523E-02   1.9510042E-02   1.6082101E-02 
   1.3335236E-02   1.1119848E-02   9.3201669E-03   7.8464551E-03 
   6.6290009E-03   5.6134914E-03   4.7574714E-03   4.0276176E-03 
   3.3976412E-03   2.8466675E-03   2.3579793E-03   1.9180354E-03 
   1.5156971E-03   1.1416125E-03   7.8771566E-04   4.4680692E-04 
   1.1218578E-04  -2.2273231E-04  -2.2273231E-04
    0.000000      -4.0642481E-02  -4.3910969E-02  -4.7863521E-02 
  -5.4152630E-02  -6.3020729E-02  -7.4967764E-02  -9.0676434E-02 
  -0.1110123      -0.1370188      -0.1698847      -0.2109622     
  -0.2625637      -0.3389733      -0.1917723      -1.1198874E-02 
  -2.5061907E-03  -5.5977056E-04   6.7355954E-03   5.3375834E-03 
   3.2320356E-03   2.1241880E-03   1.3168573E-03  -1.6763377E-04 
  -3.1698144E-03  -7.5679352E-03  -3.2358237E-03  -1.5658587E-02 
   3.5014737E-02   0.2009848       0.2887562       0.2239126     
   0.1736489       0.1348653       0.1047277       8.1544057E-02 
   6.3793309E-02   5.0200932E-02   3.9763242E-02   3.1713147E-02 
   2.5471972E-02   2.0605126E-02   1.6786274E-02   1.3769832E-02 
   1.1370368E-02   9.4473017E-03   7.8936024E-03   6.6274139E-03 
   5.5858567E-03   4.7203978E-03   3.9933999E-03   3.3755191E-03 
   2.8437388E-03   2.3798759E-03   1.9694322E-03   1.6007114E-03 
   1.2641279E-03   9.5166103E-04   6.5641419E-04   3.7224739E-04 
   9.3457958E-05  -1.8555031E-04  -1.8555031E-04
    0.000000      -3.3566073E-02  -3.6363021E-02  -3.9844260E-02 
  -4.5416810E-02  -5.3359810E-02  -6.4213447E-02  -7.8740597E-02 
  -9.7961836E-02  -0.1231895      -0.1559484      -0.1972382     
  -0.2435438      -0.2661006      -2.2915820E-02   4.0351194E-03 
   1.3239024E-03   1.2472258E-03   2.7157648E-03   2.6782546E-03 
   1.9252780E-03   1.0422177E-03   3.4672626E-05  -1.3131612E-03 
  -3.1300646E-03  -5.0792415E-03  -5.9286798E-03  -8.7920837E-03 
  -1.2277097E-02   5.8202900E-02   0.2414503       0.2122218     
   0.1634112       0.1236646       9.3847625E-02   7.1763232E-02 
   5.5357449E-02   4.3083046E-02   3.3824857E-02   2.6784163E-02 
   2.1386441E-02   1.7215356E-02   1.3966743E-02   1.1416574E-02 
   9.3985712E-03   7.7884239E-03   6.4925542E-03   5.4400680E-03 
   4.5769257E-03   3.8616911E-03   3.2624032E-03   2.7542587E-03 
   2.3178789E-03   1.9380052E-03   1.6025081E-03   1.3016275E-03 
   1.0273834E-03   7.7311363E-04   5.3310057E-04   3.0226225E-04 
   7.5883821E-05  -1.5065882E-04  -1.5065882E-04
    0.000000      -2.6435729E-02  -2.8700663E-02  -3.1580076E-02 
  -3.6210839E-02  -4.2867027E-02  -5.2063871E-02  -6.4549133E-02 
  -8.1374735E-02  -0.1040375      -0.1348000      -0.1776100     
  -0.2444776      -8.1640549E-02  -2.8892674E-03   2.8913617E-03 
   1.7274756E-03   1.4264960E-03   1.5699733E-03   1.4007265E-03 
   9.1128558E-04   2.2265202E-04  -6.3898158E-04  -1.7109310E-03 
  -2.9971350E-03  -4.3728556E-03  -5.6341346E-03  -7.1978122E-03 
  -7.5382306E-03  -9.8010646E-03   0.1274045       0.2054804     
   0.1467865       0.1063304       7.8894384E-02   5.9461452E-02 
   4.5398626E-02   3.5061739E-02   2.7363896E-02   2.1565795E-02 
   1.7153667E-02   1.3764251E-02   1.1136966E-02   9.0825753E-03 
   7.4621746E-03   6.1728372E-03   5.1376405E-03   4.2986516E-03 
   3.6119244E-03   3.0438958E-03   2.5687625E-03   2.1665539E-03 
   1.8217015E-03   1.5219698E-03   1.2576474E-03   1.0209304E-03 
   8.0544600E-04   6.0587941E-04   4.1767326E-04   2.3677964E-04 
   5.9443748E-05  -1.1801889E-04  -1.1801889E-04
    0.000000      -1.9392597E-02  -2.1091806E-02  -2.3286039E-02 
  -2.6826991E-02  -3.1949025E-02  -3.9085444E-02  -4.8875116E-02 
  -6.2237807E-02  -8.0527730E-02  -0.1059329      -0.1428062     
  -0.2060950      -6.9114432E-04   9.5936330E-03   3.9232620E-03 
   1.8647024E-03   1.2270156E-03   9.5864158E-04   6.6687865E-04 
   2.4643954E-04  -3.1031482E-04  -1.0041130E-03  -1.8432913E-03 
  -2.8245905E-03  -3.9224084E-03  -5.1556374E-03  -6.8509430E-03 
  -9.7205536E-03  -2.4933031E-02   4.9233902E-02   0.1728703     
   0.1178631       8.3002545E-02   6.0743809E-02   4.5407962E-02 
   3.4481660E-02   2.6529631E-02   2.0647440E-02   1.6237885E-02 
   1.2893993E-02   1.0331856E-02   8.3497651E-03   6.8022758E-03 
   5.5832039E-03   4.6141963E-03   3.8368893E-03   3.2074391E-03 
   2.6926524E-03   2.2672173E-03   1.9116946E-03   1.6110508E-03 
   1.3535717E-03   1.1300530E-03   9.3318970E-04   7.5711159E-04 
   5.9702410E-04   4.4892760E-04   3.0939191E-04   1.7536877E-04 
   4.4028187E-05  -8.7413013E-05  -8.7413013E-05
    0.000000      -1.2497763E-02  -1.3616164E-02  -1.5078440E-02 
  -1.7443728E-02  -2.0881761E-02  -2.5702126E-02  -3.2362837E-02 
  -4.1514084E-02  -5.4031257E-02  -7.0893094E-02  -9.2205010E-02 
  -0.1127193      -9.6553545E-03   2.5707509E-03   1.8970969E-03 
   1.1143786E-03   6.9606112E-04   4.1849734E-04   1.3782295E-04 
  -2.1181315E-04  -6.5279478E-04  -1.1927664E-03  -1.8350714E-03 
  -2.5772091E-03  -3.4118078E-03  -4.3455139E-03  -5.4137297E-03 
  -6.4407503E-03  -5.8117714E-03   1.6758321E-02   0.1000701     
   7.5936183E-02   5.4983113E-02   4.0476140E-02   3.0322364E-02 
   2.3064146E-02   1.7773366E-02   1.3853416E-02   1.0909636E-02 
   8.6731939E-03   6.9565005E-03   5.6261467E-03   4.5857998E-03 
   3.7650198E-03   3.1117434E-03   2.5871242E-03   2.1619296E-03 
   1.8139902E-03   1.5263682E-03   1.2860316E-03   1.0828812E-03 
   9.0903201E-04   7.5827446E-04   6.2566996E-04   5.0724088E-04 
   3.9973151E-04   3.0042010E-04   2.0696751E-04   1.1729066E-04 
   2.9450324E-05  -5.8470290E-05  -5.8470290E-05
    0.000000      -5.7445122E-03  -6.2774899E-03  -6.9853119E-03 
  -8.1320349E-03  -9.8074237E-03  -1.2172264E-02  -1.5465028E-02 
  -2.0020219E-02  -2.6253879E-02  -3.4468137E-02  -4.4001434E-02 
  -5.1084697E-02  -6.5355031E-03  -1.7369067E-04   2.6054526E-04 
   1.9152593E-04   6.5701024E-05  -8.9746252E-05  -2.8968445E-04 
  -5.4966164E-04  -8.7768189E-04  -1.2763933E-03  -1.7448444E-03 
  -2.2779992E-03  -2.8664109E-03  -3.4941284E-03  -4.1013048E-03 
  -4.3591070E-03  -2.7476309E-03   5.1456201E-03   3.9115917E-02 
   3.2912910E-02   2.5270779E-02   1.9266153E-02   1.4789257E-02 
   1.1460620E-02   8.9639546E-03   7.0722224E-03   5.6253090E-03 
   4.5090676E-03   3.6409725E-03   2.9606244E-03   2.4233672E-03 
   1.9958960E-03   1.6531755E-03   1.3762510E-03   1.1506733E-03 
   9.6535479E-04   8.1173360E-04   6.8315526E-04   5.7441345E-04 
   4.8140585E-04   4.0087342E-04   3.3020173E-04   2.6726761E-04 
   2.1031953E-04   1.5788211E-04   1.0867835E-04   6.1563187E-05 
   1.5462481E-05  -3.0698986E-05  -3.0698986E-05
    0.000000       9.2183537E-04   9.7471190E-04   1.0295918E-03 
   1.1177075E-03   1.2365981E-03   1.3858665E-03   1.5624497E-03 
   1.7540670E-03   1.9241768E-03   1.9800970E-03   1.7241691E-03 
   8.6449285E-04  -1.2318072E-03  -1.2191994E-03  -8.4693375E-04 
  -6.0304557E-04  -5.1434623E-04  -5.3956022E-04  -6.4417912E-04 
  -8.0990168E-04  -1.0289854E-03  -1.2969716E-03  -1.6080934E-03 
  -1.9534659E-03  -2.3214910E-03  -2.7003461E-03  -3.0837408E-03 
  -3.4818009E-03  -3.9423914E-03  -3.4118402E-03  -1.5151594E-02 
  -8.8867629E-03  -4.4753645E-03  -2.0648048E-03  -7.9898367E-04 
  -1.4654957E-04   1.7843292E-04   3.2724260E-04   3.8117310E-04 
   3.8477802E-04   3.6281504E-04   3.2910964E-04   2.9133461E-04 
   2.5365534E-04   2.1822451E-04   1.8604014E-04   1.5744373E-04 
   1.3241176E-04   1.1072668E-04   9.2076931E-05   7.6114789E-05 
   6.2488987E-05   5.0862101E-05   4.0918774E-05   3.2368305E-05 
   2.4943804E-05   1.8399056E-05   1.2503661E-05   7.0363394E-06 
   1.7750574E-06  -3.5241335E-06  -3.5241335E-06
    0.000000       7.5801592E-03   8.2189189E-03   9.0357456E-03 
   1.0357389E-02   1.2269027E-02   1.4931528E-02   1.8579915E-02 
   2.3531677E-02   3.0148607E-02   3.8583603E-02   4.7800243E-02 
   5.3225704E-02   3.0703107E-03  -2.4921962E-03  -1.8657059E-03 
  -1.2702437E-03  -9.9049520E-04  -9.1148517E-04  -9.3661691E-04 
  -1.0166035E-03  -1.1339465E-03  -1.2809350E-03  -1.4476881E-03 
  -1.6197073E-03  -1.7799602E-03  -1.9160918E-03  -2.0684293E-03 
  -2.5926880E-03  -5.3474791E-03  -1.4037686E-02  -7.0458934E-02 
  -4.9651042E-02  -3.3410463E-02  -2.2971094E-02  -1.6180996E-02 
  -1.1653950E-02  -8.5584549E-03  -6.3940687E-03  -4.8517017E-03 
  -3.7344792E-03  -2.9134303E-03  -2.3020257E-03  -1.8410354E-03 
  -1.4892205E-03  -1.2174482E-03  -1.0048761E-03  -8.3642901E-04 
  -7.0109579E-04  -5.9076416E-04  -4.9940974E-04  -4.2252452E-04 
  -3.5670926E-04  -2.9937943E-04  -2.4855044E-04  -2.0267945E-04 
  -1.6054757E-04  -1.2117077E-04  -8.3731691E-05  -4.7526464E-05 
  -1.1922948E-05   2.3671728E-05   2.3671728E-05
    0.000000       1.4309019E-02   1.5533010E-02   1.7101971E-02 
   1.9638103E-02   2.3307430E-02   2.8421853E-02   3.5442773E-02 
   4.5023121E-02   5.8037188E-02   7.5439960E-02   9.7161621E-02 
   0.1168588       1.8114222E-03  -5.6035519E-03  -3.0053051E-03 
  -1.7422510E-03  -1.2951065E-03  -1.1879209E-03  -1.1791632E-03 
  -1.1898032E-03  -1.2125056E-03  -1.2478688E-03  -1.2829781E-03 
  -1.2939649E-03  -1.2510139E-03  -1.1053414E-03  -7.6857110E-04 
  -3.4736909E-04  -1.5195881E-03  -3.9145231E-02  -0.1304099     
  -8.8288538E-02  -6.0559247E-02  -4.2931680E-02  -3.1114278E-02 
  -2.2965858E-02  -1.7224692E-02  -1.3105194E-02  -1.0102590E-02 
  -7.8836679E-03  -6.2233293E-03  -4.9665044E-03  -4.0045688E-03 
  -3.2603331E-03  -2.6782567E-03  -2.2179326E-03  -1.8496735E-03 
  -1.5514747E-03  -1.3068928E-03  -1.1035466E-03  -9.3204365E-04 
  -7.8520365E-04  -6.5749063E-04  -5.4459309E-04  -4.4311030E-04 
  -3.5031582E-04  -2.6397579E-04  -1.8220718E-04  -1.0336396E-04 
  -2.5942736E-05   5.1506457E-05   5.1506457E-05
    0.000000       2.1162048E-02   2.2965841E-02   2.5262648E-02 
   2.8967172E-02   3.4311097E-02   4.1732445E-02   5.1880855E-02 
   6.5700613E-02   8.4609643E-02   0.1109795       0.1497272     
   0.2181568      -2.2118511E-02  -1.0689002E-02  -3.2957592E-03 
  -1.5915307E-03  -1.2741024E-03  -1.3701410E-03  -1.4124153E-03 
  -1.3585098E-03  -1.2814278E-03  -1.2147438E-03  -1.1371089E-03 
  -1.0066014E-03  -7.9026970E-04  -4.1631851E-04   5.2638369E-04 
   2.9636356E-03   2.7188852E-02  -0.1382816      -0.1707408     
  -0.1187973      -8.4335402E-02  -6.1293956E-02  -4.5280367E-02 
  -3.3927705E-02  -2.5753412E-02  -1.9786550E-02  -1.5376755E-02 
  -1.2080360E-02  -9.5897941E-03  -7.6887636E-03  -6.2232069E-03 
  -5.0821225E-03  -4.1847019E-03  -3.4715626E-03  -2.8986915E-03 
  -2.4332094E-03  -2.0503725E-03  -1.7314281E-03  -1.4620625E-03 
  -1.2312701E-03  -1.0305175E-03  -8.5312192E-04  -6.9378421E-04 
  -5.4823305E-04  -4.1295058E-04  -2.8495651E-04  -1.6163265E-04 
  -4.0574625E-05   8.0556441E-05   8.0556441E-05
    0.000000       2.8144220E-02   3.0511234E-02   3.3486914E-02 
   3.8270146E-02   4.5132924E-02   5.4596163E-02   6.7421317E-02 
   8.4691666E-02   0.1079795       0.1397397       0.1844409     
   0.2561958       5.9393130E-02   1.8632023E-03  -1.6772691E-03 
  -5.7605933E-04  -7.7458710E-04  -1.6263593E-03  -1.7881650E-03 
  -1.5700744E-03  -1.3407392E-03  -1.1914513E-03  -1.0418235E-03 
  -7.9003023E-04  -4.5155155E-04  -1.8887412E-04   1.9365057E-04 
  -1.5371488E-03  -5.1888539E-03  -0.2338865      -0.1883393     
  -0.1397943      -0.1036586      -7.7363864E-02  -5.8249991E-02 
  -4.4281930E-02  -3.3995960E-02  -2.6356975E-02  -2.0634023E-02 
  -1.6308777E-02  -1.3011198E-02  -1.0475074E-02  -8.5073300E-03 
  -6.9668060E-03  -5.7494990E-03  -4.7782091E-03  -3.9952290E-03 
  -3.3571320E-03  -2.8310271E-03  -2.3918459E-03  -2.0203567E-03 
  -1.7017032E-03  -1.4243163E-03  -1.1790997E-03  -9.5881161E-04 
  -7.5759343E-04  -5.7060266E-04  -3.9372273E-04  -2.2332543E-04 
  -5.6067813E-05   1.1131644E-04   1.1131644E-04
    0.000000       3.5192233E-02   3.8086560E-02   4.1655146E-02 
   4.7364619E-02   5.5491708E-02   6.6580825E-02   8.1404775E-02 
   0.1010036       0.1267221       0.1601155       0.2020755     
   0.2481075       0.2637091       1.4434734E-02  -3.6260809E-03 
   1.3866297E-03   5.6695828E-04  -2.9184360E-03  -2.7718570E-03 
  -1.8139267E-03  -1.2782469E-03  -1.1611506E-03  -1.0748181E-03 
  -6.5502548E-04   3.8904844E-05   6.8391928E-06   1.9199110E-03 
   5.5430839E-03  -0.1844824      -0.2529806      -0.2001277     
  -0.1542217      -0.1181887      -9.0492375E-02  -6.9495723E-02 
  -5.3656358E-02  -4.1704040E-02  -3.2656148E-02  -2.5773620E-02 
  -2.0507444E-02  -1.6451623E-02  -1.3305938E-02  -1.0847857E-02 
  -8.9118071E-03  -7.3740273E-03  -6.1415555E-03  -5.1442045E-03 
  -4.3287086E-03  -3.6544313E-03  -3.0902056E-03  -2.6119896E-03 
  -2.2011194E-03  -1.8429966E-03  -1.5260950E-03  -1.2412039E-03 
  -9.8084472E-04  -7.3881471E-04  -5.0982396E-04  -2.8919638E-04 
  -7.2611751E-05   1.4416258E-04   1.4416258E-04
    0.000000       4.2162564E-02   4.5521036E-02   4.9549129E-02 
   5.5954922E-02   6.4977162E-02   7.7116482E-02   9.3057707E-02 
   0.1136681       0.1399853       0.1731630       0.2144451     
   0.2659723       0.3429042       0.1859167       6.8834117E-03 
   9.7670751E-03   5.6236740E-03  -1.0779958E-02  -5.3006089E-03 
  -1.2938279E-03  -4.4393318E-04  -1.0680871E-03  -1.6598610E-03 
  -9.2442648E-04   1.7073875E-03  -3.0435086E-03   1.2432340E-02 
  -0.1522705      -0.3006111      -0.2516194      -0.2029039     
  -0.1616324      -0.1274961      -0.1000596      -7.8437366E-02 
  -6.1590854E-02  -4.8538949E-02  -3.8444337E-02  -3.0629730E-02 
  -2.4563471E-02  -1.9835198E-02  -1.6131043E-02  -1.3211990E-02 
  -1.0896251E-02  -9.0454910E-03  -7.5542419E-03  -6.3418797E-03 
  -5.3465748E-03  -4.5207362E-03  -3.8275828E-03  -3.2385543E-03 
  -2.7313493E-03  -2.2884323E-03  -1.8958935E-03  -1.5425680E-03 
  -1.2193535E-03  -9.1867166E-04  -6.3403614E-04  -3.5969508E-04 
  -9.0319925E-05   1.7932018E-04   1.7932018E-04
    0.000000       4.8832387E-02   5.2559689E-02   5.6863159E-02 
   6.3656561E-02   7.3097348E-02   8.5578434E-02   0.1016127     
   0.1217999       0.1467888       0.1772285       0.2137377     
   0.2569095       0.3067917       0.3538326       0.2288042     
   8.7101862E-02   2.3305694E-02  -6.0729511E-02  -6.5829381E-03 
   5.8482373E-03   3.6200488E-03  -9.6539618E-04  -4.8540849E-03 
  -4.8448434E-03   1.5676579E-02  -3.0377910E-02  -0.1860784     
  -0.3256598      -0.2837999      -0.2385838      -0.1979561     
  -0.1620628      -0.1312701      -0.1055550      -8.4531136E-02 
  -6.7603700E-02  -5.4112375E-02  -4.3424614E-02  -3.4982301E-02 
  -2.8316868E-02  -2.3047015E-02  -1.8868547E-02  -1.5541796E-02 
  -1.2879368E-02  -1.0735377E-02  -8.9964801E-03  -7.5746612E-03 
  -6.4015226E-03  -5.4238257E-03  -4.6000280E-03  -3.8976036E-03 
  -3.2909710E-03  -2.7598860E-03  -2.2881960E-03  -1.8628675E-03 
  -1.4732213E-03  -1.1103252E-03  -7.6650112E-04  -4.3491510E-04 
  -1.0921699E-04   2.1683821E-04   2.1683821E-04
    0.000000       5.4917961E-02   5.8887824E-02   6.3240677E-02 
   7.0053741E-02   7.9368465E-02   9.1422848E-02   0.1065045     
   0.1248953       0.1468162       0.1723644       0.2014537     
   0.2337689       0.2687366       0.3067716       0.3572066     
   0.1985786       0.1463829       0.1438269       7.2833426E-02 
   3.0806337E-02   9.9822972E-03  -5.4152813E-03  -2.3468995E-02 
  -5.9409164E-02  -0.1956684      -0.1766260      -0.3392798     
  -0.2951218      -0.2533670      -0.2176798      -0.1851911     
  -0.1556932      -0.1294674      -0.1067075      -8.7388836E-02 
  -7.1287945E-02  -5.8055207E-02  -4.7288168E-02  -3.8585223E-02 
  -3.1577367E-02  -2.5942791E-02  -2.1410370E-02  -1.7756954E-02 
  -1.4801759E-02  -1.2399897E-02  -1.0436058E-02  -8.8188900E-03 
  -7.4762013E-03  -6.3509941E-03  -5.3982534E-03  -4.5823655E-03 
  -3.8750626E-03  -3.2537957E-03  -2.7004417E-03  -2.2002794E-03 
  -1.7411719E-03  -1.3129092E-03  -9.0666872E-04  -5.1456137E-04 
  -1.2923063E-04   2.5657302E-04   2.5657302E-04
    0.000000       6.0111932E-02   6.4176321E-02   6.8333834E-02 
   7.4781373E-02   8.3428010E-02   9.4338961E-02   0.1075687     
   0.1230965       0.1407664       0.1602180       0.1808029     
   0.2014670       0.2205357       0.2352528       0.2410239     
   0.2181869       0.2231410       0.2865925       0.1365495     
   5.7933848E-02   1.7890178E-02  -1.3502179E-02  -5.0210364E-02 
  -0.1138329      -0.3033670      -0.2505347      -0.2460520     
  -0.2312707      -0.2107044      -0.1882227      -0.1654284     
  -0.1432879      -0.1225196      -0.1036289      -8.6900376E-02 
  -7.2415955E-02  -6.0100351E-02  -4.9775317E-02  -4.1208960E-02 
  -3.4153104E-02  -2.8367668E-02  -2.3634322E-02  -1.9762449E-02 
  -1.6590236E-02  -1.3983003E-02  -1.1830200E-02  -1.0041975E-02 
  -8.5457908E-03  -7.2833360E-03  -6.2078522E-03  -5.2818540E-03 
  -4.4752494E-03  -3.7637877E-03  -3.1278003E-03  -2.5511771E-03 
  -2.0205318E-03  -1.5245222E-03  -1.0532830E-03  -5.9794175E-04 
  -1.5018925E-04   2.9818408E-04   2.9818408E-04
    0.000000       6.4134702E-02   6.8140395E-02   7.1873046E-02 
   7.7609092E-02   8.5132919E-02   9.4354138E-02   0.1051355     
   0.1172357       0.1302655       0.1436462       0.1565727     
   0.1679830       0.1765447       0.1806907       0.1788365     
   0.1704644       0.1608750       0.1468810       0.1026395     
   5.9386630E-02   2.1350723E-02  -1.4780158E-02  -5.3331457E-02 
  -9.8481864E-02  -0.1492488      -0.1671506      -0.1747880     
  -0.1738239      -0.1665654      -0.1552278      -0.1414874     
  -0.1265948      -0.1114993      -9.6908852E-02  -8.3315812E-02 
  -7.1019314E-02  -6.0155705E-02  -5.0736643E-02  -4.2688321E-02 
  -3.5886131E-02  -3.0181721E-02  -2.5421977E-02  -2.1460934E-02 
  -1.8166287E-02  -1.5422161E-02  -1.3129496E-02  -1.1205068E-02 
  -9.5798299E-03  -8.1970003E-03  -7.0101563E-03  -5.9814658E-03 
  -5.0801169E-03  -4.2809620E-03  -3.5633715E-03  -2.9102683E-03 
  -2.3073247E-03  -1.7422906E-03  -1.2044219E-03  -6.8398833E-04 
  -1.7182723E-04   3.4114384E-04   3.4114384E-04
    0.000000       6.6788286E-02   7.0597008E-02   7.3725998E-02 
   7.8497656E-02   8.4601551E-02   9.1837265E-02   9.9949591E-02 
   0.1085895       0.1172969       0.1254959       0.1325053     
   0.1375711       0.1399246       0.1388755       0.1339455     
   0.1250328       0.1123471       9.4955482E-02   7.1471982E-02 
   4.5160126E-02   1.8000349E-02  -9.5474068E-03  -3.7537057E-02 
  -6.5599963E-02  -9.1529585E-02  -0.1099624      -0.1215305     
  -0.1269651      -0.1272372      -0.1234490      -0.1166774     
  -0.1078977      -9.7954459E-02  -8.7548919E-02  -7.7232711E-02 
  -6.7408524E-02  -5.8340661E-02  -5.0174531E-02  -4.2961642E-02 
  -3.6685731E-02  -3.1286515E-02  -2.6678996E-02  -2.2767842E-02 
  -1.9457122E-02  -1.6656335E-02  -1.4283639E-02  -1.2267177E-02 
  -1.0545170E-02  -9.0653095E-03  -7.7837706E-03  -6.6640852E-03 
  -5.6760134E-03  -4.7944780E-03  -3.9986093E-03  -3.2709029E-03 
  -2.5964924E-03  -1.9625206E-03  -1.3575963E-03  -7.7131100E-04 
  -1.9379787E-04   3.8476411E-04   3.8476411E-04
    0.000000       6.7997418E-02   7.1503595E-02   7.3926404E-02 
   7.7606745E-02   8.2182124E-02   8.7399200E-02   9.2962682E-02 
   9.8515011E-02   0.1036407       0.1078825       0.1107699     
   0.1118565       0.1107639       0.1072214       0.1010921     
   9.2368118E-02   8.1112042E-02   6.7361169E-02   5.1305152E-02 
   3.3603996E-02   1.4908614E-02  -4.2811194E-03  -2.3508340E-02 
  -4.2155012E-02  -5.9241064E-02  -7.3503174E-02  -8.4328324E-02 
  -9.1521278E-02  -9.5200948E-02  -9.5715970E-02  -9.3559906E-02 
  -8.9297816E-02  -8.3508261E-02  -7.6739058E-02  -6.9474824E-02 
  -6.2115964E-02  -5.4969333E-02  -4.8249476E-02  -4.2088240E-02 
  -3.6549479E-02  -3.1645522E-02  -2.7352944E-02  -2.3626020E-02 
  -2.0407235E-02  -1.7634897E-02  -1.5248188E-02  -1.3190245E-02 
  -1.1409762E-02  -9.8615848E-03  -8.5066669E-03  -7.3116440E-03 
  -6.2482101E-03  -5.2924147E-03  -4.4239615E-03  -3.6255438E-03 
  -2.8822338E-03  -2.1809379E-03  -1.5099053E-03  -8.5828232E-04 
  -2.1569456E-04   4.2823754E-04   4.2823754E-04
    0.000000       6.7825258E-02   7.0966184E-02   7.2663948E-02 
   7.5254202E-02   7.8365453E-02   8.1742704E-02   8.5110188E-02 
   8.8163704E-02   9.0584934E-02   9.2062287E-02   9.2315450E-02 
   9.1119453E-02   8.8323258E-02   8.3858460E-02   7.7735722E-02 
   7.0029765E-02   6.0858913E-02   5.0372507E-02   3.8765423E-02 
   2.6291260E-02   1.3223580E-02  -1.5308778E-04  -1.3527345E-02 
  -2.6525961E-02  -3.8691089E-02  -4.9517985E-02  -5.8581084E-02 
  -6.5584473E-02  -7.0382774E-02  -7.2981931E-02  -7.3522806E-02 
  -7.2252788E-02  -6.9491044E-02  -6.5592185E-02  -6.0912557E-02 
  -5.5782273E-02  -5.0485302E-02  -4.5248356E-02  -4.0238179E-02 
  -3.5565350E-02  -3.1292371E-02  -2.7443748E-02  -2.4016203E-02 
  -2.0987831E-02  -1.8325606E-02  -1.5991064E-02  -1.3944323E-02 
  -1.2146704E-02  -1.0562271E-02  -9.1585899E-03  -7.9069613E-03 
  -6.7823022E-03  -5.7628346E-03  -4.8296717E-03  -3.9663636E-03 
  -3.1584445E-03  -2.3929961E-03  -1.6582400E-03  -9.4314961E-04 
  -2.3707841E-04   4.7069279E-04   4.7069279E-04
    0.000000       6.6459857E-02   6.9216095E-02   7.0242204E-02 
   7.1846388E-02   7.3681623E-02   7.5526178E-02   7.7157080E-02 
   7.8347914E-02   7.8884162E-02   7.8579776E-02   7.7291973E-02 
   7.4931547E-02   7.1466222E-02   6.6916697E-02   6.1346423E-02 
   5.4848172E-02   4.7531161E-02   3.9512262E-02   3.0912848E-02 
   2.1858582E-02   1.2480722E-02   2.9253692E-03  -6.6404026E-03 
  -1.6019426E-02  -2.4979703E-02  -3.3263449E-02  -4.0612660E-02 
  -4.6797179E-02  -5.1640384E-02  -5.5038705E-02  -5.6971997E-02 
  -5.7503361E-02  -5.6769039E-02  -5.4960694E-02  -5.2303296E-02 
  -4.9032327E-02  -4.5373455E-02  -4.1527048E-02  -3.7658572E-02 
  -3.3894800E-02  -3.0324766E-02  -2.7004028E-02  -2.3960672E-02 
  -2.1201847E-02  -1.8719869E-02  -1.6497454E-02  -1.4511839E-02 
  -1.2737826E-02  -1.1149870E-02  -9.7234091E-03  -8.4356023E-03 
  -7.2656656E-03  -6.1949147E-03  -5.2066455E-03  -4.2859036E-03 
  -3.4192032E-03  -2.5942260E-03  -1.7995141E-03  -1.0241619E-03 
  -2.5750985E-04   5.1125715E-04   5.1125715E-04
    0.000000       6.4177565E-02   6.6565238E-02   6.7021534E-02 
   6.7806125E-02   6.8616264E-02   6.9280095E-02   6.9637768E-02 
   6.9539636E-02   6.8858296E-02   6.7498714E-02   6.5404691E-02 
   6.2560491E-02   5.8987364E-02   5.4736014E-02   4.9876601E-02 
   4.4488590E-02   3.8652334E-02   3.2443628E-02   2.5931746E-02 
   1.9180594E-02   1.2253384E-02   5.2215462E-03  -1.8312504E-03 
  -8.8039739E-03  -1.5574481E-02  -2.2000240E-02  -2.7924897E-02 
  -3.3189856E-02  -3.7649207E-02  -4.1185535E-02  -4.3723717E-02 
  -4.5240052E-02  -4.5764990E-02  -4.5379080E-02  -4.4203036E-02 
  -4.2383999E-02  -4.0080443E-02  -3.7448134E-02  -3.4628920E-02 
  -3.1743292E-02  -2.8886797E-02  -2.6129771E-02  -2.3519451E-02 
  -2.1083504E-02  -1.8834125E-02  -1.6772049E-02  -1.4890103E-02 
  -1.3176114E-02  -1.1615129E-02  -1.0191000E-02  -8.8874549E-03 
  -7.6887421E-03  -6.5799770E-03  -5.5472683E-03  -4.5777052E-03 
  -3.6592502E-03  -2.7805807E-03  -1.9308943E-03  -1.0996981E-03 
  -2.7658042E-04   5.4911961E-04   5.4911961E-04
    0.000000       6.1296366E-02   6.3355289E-02   6.3364938E-02 
   6.3518122E-02   6.3563250E-02   6.3380703E-02   6.2869333E-02 
   6.1942823E-02   6.0537521E-02   5.8617253E-02   5.6174599E-02 
   5.3228483E-02   4.9818769E-02   4.5999046E-02   4.1828990E-02 
   3.7367631E-02   3.2668460E-02   2.7776804E-02   2.2729596E-02 
   1.7557183E-02   1.2287515E-02   6.9530052E-03   1.5933131E-03 
  -3.7409533E-03  -8.9848191E-03  -1.4057470E-02  -1.8863551E-02 
  -2.3297641E-02  -2.7251797E-02  -3.0625327E-02  -3.3335373E-02 
  -3.5326451E-02  -3.6577173E-02  -3.7102830E-02  -3.6953453E-02 
  -3.6207799E-02  -3.4964528E-02  -3.3332165E-02  -3.1419564E-02 
  -2.9327994E-02  -2.7145660E-02  -2.4944732E-02  -2.2780610E-02 
  -2.0692868E-02  -1.8707270E-02  -1.6838267E-02  -1.5091578E-02 
  -1.3466535E-02  -1.1958080E-02  -1.0558331E-02  -9.2577459E-03 
  -8.0459481E-03  -6.9122640E-03  -5.8460422E-03  -4.8368219E-03 
  -3.8743836E-03  -2.9487277E-03  -2.0499995E-03  -1.1683783E-03 
  -2.9394065E-04   5.8358646E-04   5.8358646E-04
    0.000000       5.8132444E-02   5.9914194E-02   5.9598852E-02 
   5.9299059E-02   5.8812082E-02   5.8064323E-02   5.7002161E-02 
   5.5586014E-02   5.3794656E-02   5.1626712E-02   4.9099389E-02 
   4.6244878E-02   4.3105301E-02   3.9727140E-02   3.6156073E-02 
   3.2432944E-02   2.8591253E-02   2.4656242E-02   2.0645512E-02 
   1.6570881E-02   1.2441733E-02   8.2701705E-03   4.0728822E-03 
  -1.2613830E-04  -4.2927936E-03  -8.3810324E-03  -1.2332443E-02 
  -1.6077723E-02  -1.9540224E-02  -2.2641456E-02  -2.5307989E-02 
  -2.7478822E-02  -2.9111991E-02  -3.0189263E-02  -3.0718079E-02 
  -3.0730432E-02  -3.0278988E-02  -2.9431257E-02  -2.8262889E-02 
  -2.6851146E-02  -2.5269404E-02  -2.3583166E-02  -2.1847703E-02 
  -2.0107200E-02  -1.8395036E-02  -1.6734850E-02  -1.5141997E-02 
  -1.3625147E-02  -1.2187791E-02  -1.0829567E-02  -9.5473379E-03 
  -8.3360430E-03  -7.1893190E-03  -6.0999440E-03  -5.0601321E-03 
  -4.0617161E-03  -3.0962487E-03  -2.1550388E-03  -1.2291424E-03 
  -3.0931993E-04   6.1412028E-04   6.1412028E-04
    0.000000       5.4968767E-02   5.6527380E-02   5.5992372E-02 
   5.5389695E-02   5.4558199E-02   5.3460583E-02   5.2078214E-02 
   5.0403327E-02   4.8440941E-02   4.6208620E-02   4.3734353E-02 
   4.1053150E-02   3.8203083E-02   3.5221454E-02   3.2141592E-02 
   2.8990652E-02   2.5788542E-02   2.2547908E-02   1.9275075E-02 
   1.5971705E-02   1.2637436E-02   9.2737991E-03   5.8854409E-03 
   2.4820936E-03  -9.1922341E-04  -4.2925165E-03  -7.6019103E-03 
  -1.0801833E-02  -1.3838534E-02  -1.6653016E-02  -1.9185236E-02 
  -2.1379178E-02  -2.3188101E-02  -2.4579177E-02  -2.5536755E-02 
  -2.6063727E-02  -2.6180793E-02  -2.5923863E-02  -2.5340145E-02 
  -2.4483580E-02  -2.3410343E-02  -2.2174979E-02  -2.0827467E-02 
  -1.9411353E-02  -1.7962854E-02  -1.6510757E-02  -1.5076867E-02 
  -1.3676801E-02  -1.2320905E-02  -1.1015201E-02  -9.7622517E-03 
  -8.5619064E-03  -7.4119205E-03  -6.3084452E-03  -5.2463999E-03 
  -4.2197509E-03  -3.2217095E-03  -2.2448681E-03  -1.2812853E-03 
  -3.2253531E-04   6.4035790E-04   6.4035790E-04
    0.000000       5.2038651E-02   5.3424850E-02   5.2752417E-02 
   5.1961638E-02   5.0923932E-02   4.9628355E-02   4.8080232E-02 
   4.6292085E-02   4.4284165E-02   4.2083453E-02   3.9721545E-02 
   3.7231907E-02   3.4647085E-02   3.1996224E-02   2.9303256E-02 
   2.6585842E-02   2.3855088E-02   2.1115988E-02   1.8368417E-02 
   1.5608563E-02   1.2831016E-02   1.0031832E-02   7.2093261E-03 
   4.3655075E-03   1.5077940E-03  -1.3495580E-03  -4.1844728E-03 
  -6.9667199E-03  -9.6584195E-03  -1.2215525E-02  -1.4590286E-02 
  -1.6734567E-02  -1.8603671E-02  -2.0160200E-02  -2.1377390E-02 
  -2.2241436E-02  -2.2752464E-02  -2.2924034E-02  -2.2781374E-02 
  -2.2358671E-02  -2.1695888E-02  -2.0835580E-02  -1.9820064E-02 
  -1.8689176E-02  -1.7478708E-02  -1.6219510E-02  -1.4937137E-02 
  -1.3651919E-02  -1.2379313E-02  -1.1130413E-02  -9.9125309E-03 
  -8.7297717E-03  -7.5835739E-03  -6.4731874E-03  -5.3960774E-03 
  -4.3482650E-03  -3.3245953E-03  -2.3189553E-03  -1.3244408E-03 
  -3.3348813E-04   6.6210353E-04   6.6210353E-04
    0.000000       4.9522303E-02   5.0780945E-02   5.0029647E-02 
   4.9131300E-02   4.7981124E-02   4.6586037E-02   4.4966746E-02 
   4.3147989E-02   4.1158304E-02   3.9028823E-02   3.6791462E-02 
   3.4476895E-02   3.2112647E-02   2.9721634E-02   2.7321206E-02 
   2.4922764E-02   2.2531930E-02   2.0149168E-02   1.7770745E-02 
   1.5389970E-02   1.2998885E-02   1.0590760E-02   8.1605902E-03 
   5.7061920E-03   3.2295531E-03   7.3802716E-04  -1.7547403E-03 
  -4.2282860E-03  -6.6553443E-03  -9.0025291E-03  -1.1231755E-02 
  -1.3302369E-02  -1.5173860E-02  -1.6808862E-02  -1.8176116E-02 
  -1.9252989E-02  -2.0027196E-02  -2.0497529E-02  -2.0673532E-02 
  -2.0574214E-02  -2.0226091E-02  -1.9660834E-02  -1.8912848E-02 
  -1.8017069E-02  -1.7007116E-02  -1.5913909E-02  -1.4764771E-02 
  -1.3582923E-02  -1.2387351E-02  -1.1192915E-02  -1.0010628E-02 
  -8.8480366E-03  -7.7096513E-03  -6.5973671E-03  -5.5108722E-03 
  -4.4480138E-03  -3.4051167E-03  -2.3772616E-03  -1.3585186E-03 
  -3.4214873E-04   6.7929819E-04   6.7929819E-04
    0.000000       4.7552150E-02   4.8721936E-02   4.7929790E-02 
   4.6975672E-02   4.5770962E-02   4.4333842E-02   4.2694271E-02 
   4.0883891E-02   3.8935438E-02   3.6881555E-02   3.4753304E-02 
   3.2578710E-02   3.0381521E-02   2.8180333E-02   2.5988193E-02 
   2.3812601E-02   2.1655899E-02   1.9515954E-02   1.7387094E-02 
   1.5261161E-02   1.3128973E-02   1.0982417E-02   8.8147884E-03 
   6.6216565E-03   4.4019707E-03   2.1590830E-03  -9.8408156E-05 
  -2.3560738E-03  -4.5934399E-03  -6.7842444E-03  -8.8972533E-03 
  -1.0897659E-02  -1.2749016E-02  -1.4415585E-02  -1.5864840E-02 
  -1.7069872E-02  -1.8011395E-02  -1.8679081E-02  -1.9072104E-02 
  -1.9198846E-02  -1.9075835E-02  -1.8726137E-02  -1.8177427E-02 
  -1.7459966E-02  -1.6604712E-02  -1.5641704E-02  -1.4598799E-02 
  -1.3500798E-02  -1.2368926E-02  -1.1220617E-02  -1.0069546E-02 
  -8.9258216E-03  -7.7962927E-03  -6.6849189E-03  -5.5931504E-03 
  -4.5203045E-03  -3.4639151E-03  -2.4200524E-03  -1.3836038E-03 
  -3.4853158E-04   6.9197064E-04   6.9197064E-04
    0.000000       4.6222340E-02   4.7336958E-02   4.6526324E-02 
   4.5546789E-02   4.4319499E-02   4.2869028E-02   4.1230362E-02 
   3.9438706E-02   3.7528709E-02   3.5533383E-02   3.3482853E-02 
   3.1403262E-02   2.9315915E-02   2.7236789E-02   2.5176408E-02 
   2.3140054E-02   2.1128260E-02   1.9137526E-02   1.7161200E-02 
   1.5190435E-02   1.3215498E-02   1.1227641E-02   9.2193382E-03 
   7.1850163E-03   5.1220288E-03   3.0315556E-03   9.1938674E-04 
  -1.2034848E-03  -3.3205424E-03  -5.4097958E-03  -7.4442704E-03 
  -9.3929935E-03  -1.1222472E-02  -1.2898603E-02  -1.4388835E-02 
  -1.5664425E-02  -1.6702484E-02  -1.7487604E-02  -1.8012857E-02 
  -1.8280074E-02  -1.8299375E-02  -1.8088074E-02  -1.7669126E-02 
  -1.7069310E-02  -1.6317379E-02  -1.5442355E-02  -1.4472070E-02 
  -1.3432066E-02  -1.2344825E-02  -1.1229340E-02  -1.0100960E-02 
  -8.9714518E-03  -7.8492155E-03  -6.7395973E-03  -5.6452458E-03 
  -4.5664916E-03  -3.5017112E-03  -2.4476685E-03  -1.3998316E-03 
  -3.5266453E-04   7.0017617E-04   7.0017617E-04
    0.000000       4.5598749E-02   4.6688892E-02   4.5871843E-02 
   4.4883419E-02   4.3649066E-02   4.2196028E-02   4.0561337E-02 
   3.8781594E-02   3.6892138E-02   3.4926001E-02   3.2912795E-02 
   3.0877767E-02   2.8841119E-02   2.6817679E-02   2.4816880E-02 
   2.2843068E-02   2.0896031E-02   1.8971715E-02   1.7063081E-02 
   1.5161033E-02   1.3255639E-02   1.1337919E-02   9.4000362E-03 
   7.4359686E-03   5.4424223E-03   3.4196838E-03   1.3723705E-03 
  -6.8997621E-04  -2.7525795E-03  -4.7953147E-03  -6.7930957E-03 
  -8.7167015E-03  -1.0534051E-02  -1.2211913E-02  -1.3717919E-02 
  -1.5022706E-02  -1.6101971E-02  -1.6938195E-02  -1.7521823E-02 
  -1.7851787E-02  -1.7935302E-02  -1.7787021E-02  -1.7427649E-02 
  -1.6882256E-02  -1.6178466E-02  -1.5344710E-02  -1.4408714E-02 
  -1.3396275E-02  -1.2330400E-02  -1.1230759E-02  -1.0113457E-02 
  -8.9910161E-03  -7.8725554E-03  -6.7640673E-03  -5.6687663E-03 
  -4.5874636E-03  -3.5189374E-03  -2.4602849E-03  -1.4072544E-03 
  -3.5455448E-04   7.0392847E-04   7.0392847E-04
    0.000000       4.5727234E-02   4.6822164E-02   4.6006251E-02 
   4.5019388E-02   4.3786172E-02   4.2333320E-02   4.0697485E-02 
   3.8915001E-02   3.7021093E-02   3.5048790E-02   3.3027828E-02 
   3.0983627E-02   2.8936621E-02   2.6901860E-02   2.4888996E-02 
   2.2902559E-02   2.0942479E-02   1.9004809E-02   1.7082583E-02 
   1.5166750E-02   1.3247415E-02   1.1315639E-02   9.3636429E-03 
   7.3854905E-03   5.3780111E-03   3.3416625E-03   1.2812879E-03 
  -7.9329358E-04  -2.8669310E-03  -4.9191304E-03  -6.9244350E-03 
  -8.8532697E-03  -1.0673267E-02  -1.2351006E-02  -1.3854066E-02 
  -1.5153191E-02  -1.6224345E-02  -1.7050413E-02  -1.7622365E-02 
  -1.7939709E-02  -1.8010247E-02  -1.7849175E-02  -1.7477665E-02 
  -1.6921144E-02  -1.6207475E-02  -1.5365224E-02  -1.4422148E-02 
  -1.3403999E-02  -1.2333681E-02  -1.1230734E-02  -1.0111107E-02 
  -8.9871725E-03  -7.8678988E-03  -6.7591467E-03  -5.6640152E-03 
  -4.5832153E-03  -3.5154419E-03  -2.4577223E-03  -1.4057470E-03 
  -3.5417182E-04   7.0316868E-04   7.0316868E-04
    0.000000       4.5470264E-02   4.6555620E-02   4.5737434E-02 
   4.4747446E-02   4.3511964E-02   4.2058736E-02   4.0425189E-02 
   3.8648184E-02   3.6763184E-02   3.4803212E-02   3.2797765E-02 
   3.0771907E-02   2.8745620E-02   2.6733497E-02   2.4744764E-02 
   2.2783579E-02   2.0849584E-02   1.8938620E-02   1.7043579E-02 
   1.5155314E-02   1.3263864E-02   1.1360199E-02   9.4364285E-03 
   7.4864463E-03   5.5068335E-03   3.4977051E-03   1.4634532E-03 
  -5.8665889E-04  -2.6382280E-03  -4.6714987E-03  -6.6617569E-03 
  -8.5801324E-03  -1.0394835E-02  -1.2072820E-02  -1.3581771E-02 
  -1.4892220E-02  -1.5979599E-02  -1.6825976E-02  -1.7421279E-02 
  -1.7763862E-02  -1.7860359E-02  -1.7724866E-02  -1.7377632E-02 
  -1.6843369E-02  -1.6149456E-02  -1.5324196E-02  -1.4395281E-02 
  -1.3388553E-02  -1.2327118E-02  -1.1230785E-02  -1.0115806E-02 
  -8.9948606E-03  -7.8772129E-03  -6.7689875E-03  -5.6735170E-03 
  -4.5917118E-03  -3.5224329E-03  -2.4628472E-03  -1.4087618E-03 
  -3.5493716E-04   7.0468819E-04   7.0468819E-04
