    0.000000000000000     
  -4.3332563195619629E-002
  -4.8730287187604887E-002
  -4.7728403318262870E-002
  -4.6712991230821080E-002
  -4.5518066329672396E-002
  -4.4109958724909158E-002
  -4.2524464224807740E-002
  -4.0798280383515517E-002
  -3.8966086948627340E-002
  -3.7059961129411546E-002
  -3.5108413295442648E-002
  -3.3135555642380646E-002
  -3.1160531647302626E-002
  -2.9197245872422787E-002
  -2.7254390307386692E-002
  -2.5335733340067071E-002
  -2.3440622195886586E-002
  -2.1564647215824483E-002
  -1.9700423788919622E-002
  -1.7838435996540586E-002
  -1.5968155849421652E-002
  -1.4079880448472540E-002
  -1.2164854960906784E-002
  -1.0215868046904459E-002
  -8.2281576060765447E-003
  -6.2002773362550157E-003
  -4.1348861368579685E-003
  -2.0394204304000933E-003
   7.3418049061132660E-005
   2.1857500637050271E-003
   4.2741627951751338E-003
   6.3104309107576183E-003
   8.2626226859857290E-003
   1.0096571560481922E-002
   1.1777740260497126E-002
   1.3273517348037743E-002
   1.4555143597977131E-002
   1.5599762806986595E-002
   1.6392099019024435E-002
   1.6925406190562920E-002
   1.7201698153129080E-002
   1.7231253927617891E-002
   1.7031490496562982E-002
   1.6625381995547802E-002
   1.6039608131670616E-002
   1.5302693268825608E-002
   1.4443293320519404E-002
   1.3488751621416708E-002
   1.2464002467587608E-002
   1.1390835788446397E-002
   1.0287494903734953E-002
   9.1685537638401485E-003
   8.0450087038183762E-003
   6.9245196972738295E-003
   5.8117436226893266E-003
   4.7087136422337070E-003
   3.6152317913680388E-003
   2.5292548768741856E-003
   1.4472676352753457E-003
   3.6467073536896309E-004
  -7.2406320055909195E-004
  -7.2406320055909195E-004
    0.000000000000000     
  -4.4255840449541291E-002
  -4.9775488397703904E-002
  -4.8782364063253682E-002
  -4.7782913904387950E-002
  -4.6603170107746700E-002
  -4.5203813686053050E-002
  -4.3617314392766560E-002
  -4.1878024536521147E-002
  -4.0019344138165311E-002
  -3.8073107887741743E-002
  -3.6068446321878278E-002
  -3.4030708847525307E-002
  -3.1980630317625526E-002
  -2.9933820732836087E-002
  -2.7900599861926157E-002
  -2.5886154502425485E-002
  -2.3890969785127121E-002
  -2.1911476407390724E-002
  -1.9940860083365989E-002
  -1.7969965478777716E-002
  -1.5988512718538458E-002
  -1.3987096414427670E-002
  -1.1957369446468354E-002
  -9.8927289581076348E-003
  -7.7893294934775082E-003
  -5.6470422678296817E-003
  -3.4703082676356242E-003
  -1.2688260329228966E-003
   9.4200907447356799E-004
   3.1408895171880290E-003
   5.3010971054721131E-003
   7.3912703169537299E-003
   9.3767274258558710E-003
   1.1221309565059767E-002
   1.2889585941219153E-002
   1.4349156805530394E-002
   1.5573008511280627E-002
   1.6541410293374154E-002
   1.7243202717812371E-002
   1.7676384553954223E-002
   1.7847908367371240E-002
   1.7772752624603916E-002
   1.7472432230067905E-002
   1.6973161745717318E-002
   1.6303910810266969E-002
   1.5494542241174880E-002
   1.4574193668609894E-002
   1.3569997985678815E-002
   1.2506172782832529E-002
   1.1403465252311094E-002
   1.0278906679555642E-002
   9.1458135463375074E-003
   8.0139680766618034E-003
   6.8899159121266762E-003
   5.7773287523584533E-003
   4.6773921782981114E-003
   3.5891913436573355E-003
   2.5100784157895939E-003
   1.4360141918836437E-003
   3.6188230619420649E-004
  -7.1852674456326926E-004
  -7.1852674456326926E-004
    0.000000000000000     
  -4.3794201822580460E-002
  -4.9252887792654396E-002
  -4.8255383690758276E-002
  -4.7247952567604515E-002
  -4.6060618218709548E-002
  -4.4656886205481104E-002
  -4.3070889308787150E-002
  -4.1338152460018332E-002
  -3.9492715543396326E-002
  -3.7566534508576645E-002
  -3.5588429808660463E-002
  -3.3583132244952976E-002
  -3.1570580982464076E-002
  -2.9565533302629437E-002
  -2.7577495084656425E-002
  -2.5610943921246278E-002
  -2.3665795990506854E-002
  -2.1738061811607604E-002
  -1.9820641936142806E-002
  -1.7904200737659151E-002
  -1.5978334283980055E-002
  -1.4033488431450105E-002
  -1.2061112203687569E-002
  -1.0054298502506047E-002
  -8.0087435497770264E-003
  -5.9236598020423487E-003
  -3.8025972022467966E-003
  -1.6541232316614949E-003
   5.0771356176735033E-004
   2.6633197904465280E-003
   4.7876299503236235E-003
   6.8508506138556741E-003
   8.8196750559208000E-003
   1.0658940562770844E-002
   1.2333663100858139E-002
   1.3811337076784069E-002
   1.5064076054628879E-002
   1.6070586550180375E-002
   1.6817650868418403E-002
   1.7300895372258571E-002
   1.7524803260250160E-002
   1.7502003276110904E-002
   1.7251961363315443E-002
   1.6799271870632560E-002
   1.6171759470968793E-002
   1.5398617755000244E-002
   1.4508743494564649E-002
   1.3529374803547762E-002
   1.2485087625210068E-002
   1.1397150520378745E-002
   1.0283200791645297E-002
   9.1571836550888280E-003
   8.0294883902400898E-003
   6.9072178047002528E-003
   5.7945361875238900E-003
   4.6930529102659092E-003
   3.6022115675126871E-003
   2.5196666463318898E-003
   1.4416409135794947E-003
   3.6327652078158479E-004
  -7.2129497256118061E-004
  -7.2129497256118061E-004
    0.000000000000000     
  -4.4025021136060875E-002
  -4.9514188095179150E-002
  -4.8518873877005979E-002
  -4.7515433235996232E-002
  -4.6331894163228124E-002
  -4.4930349945767077E-002
  -4.3344101850776855E-002
  -4.1608088498269739E-002
  -3.9756029840780818E-002
  -3.7819821198159194E-002
  -3.5828438065269370E-002
  -3.3806920546239141E-002
  -3.1775605650044801E-002
  -2.9749677017732762E-002
  -2.7739047473291291E-002
  -2.5748549211835881E-002
  -2.3778382887816987E-002
  -2.1824769109499164E-002
  -1.9880751009754397E-002
  -1.7937083108218434E-002
  -1.5983423501259256E-002
  -1.4010292422938888E-002
  -1.2009240825077962E-002
  -9.9735137303068409E-003
  -7.8990365216272673E-003
  -5.7853510349360152E-003
  -3.6364527349412104E-003
  -1.4614746322921957E-003
   7.2486131812045916E-004
   2.9021046538172785E-003
   5.0443635278978683E-003
   7.1210604654047020E-003
   9.0982012408883355E-003
   1.0940125063915306E-002
   1.2611624521038646E-002
   1.4080246941157231E-002
   1.5318542282954753E-002
   1.6305998421777265E-002
   1.7030426793115387E-002
   1.7488639963106397E-002
   1.7686355813810700E-002
   1.7637377950357410E-002
   1.7362196796691674E-002
   1.6886216808174939E-002
   1.6237835140617881E-002
   1.5446579998087562E-002
   1.4541468581587271E-002
   1.3549686394613288E-002
   1.2495630204021299E-002
   1.1400307886344919E-002
   1.0281053735600469E-002
   9.1514986007131677E-003
   8.0217282334509466E-003
   6.8985668584134645E-003
   5.7859324699411716E-003
   4.6852225442820103E-003
   3.5957014555850113E-003
   2.5148725310607419E-003
   1.4388275527315692E-003
   3.6257941348789564E-004
  -7.1991085856222493E-004
  -7.1991085856222493E-004
    0.000000000000000     
  -4.4912369952399382E-002
  -5.0523662644758126E-002
  -4.9538491284151623E-002
  -4.8552589356896700E-002
  -4.7386757772778863E-002
  -4.5997116032191004E-002
  -4.4413321305253932E-002
  -4.2667753185976411E-002
  -4.0792684988005361E-002
  -3.8819637549020708E-002
  -3.6778112187836234E-002
  -3.4694330605970221E-002
  -3.2590201085480677E-002
  -3.0482621314805655E-002
  -2.8383160558391803E-002
  -2.6298109383612770E-002
  -2.4228850137232662E-002
  -2.2172486008675080E-002
  -2.0122668060083854E-002
  -1.8070543851988610E-002
  -1.6006049519259154E-002
  -1.3920031190622819E-002
  -1.1804479361591055E-002
  -9.6532863071096386E-003
  -7.4633422625992405E-003
  -5.2355671520745630E-003
  -2.9758154335415270E-003
  -6.9558418881282460E-004
   1.5875709085696925E-003
   3.8500193443484630E-003
   6.0625334838354259E-003
   8.1913291738711941E-003
   1.0199673475759632E-002
   1.2049985628956617E-002
   1.3706265903144266E-002
   1.5136607591558316E-002
   1.6315500748377901E-002
   1.7225648189524614E-002
   1.7859067857564206E-002
   1.8217365136152124E-002
   1.8311181393894614E-002
   1.8158941569925986E-002
   1.7785107241909119E-002
   1.7218178616571510E-002
   1.6488681520300818E-002
   1.5627332171089203E-002
   1.4663510054681089E-002
   1.3624104205745316E-002
   1.2532741231935702E-002
   1.1409361720536634E-002
   1.0270086588552068E-002
   9.1273046766479540E-003
   7.9899138297311566E-003
   6.8636558221472840E-003
   5.7514972323284563E-003
   4.6540211092038859E-003
   3.5698063186794262E-003
   2.4957819434877852E-003
   1.4275526330269175E-003
   3.5970335679254506E-004
  -7.1420043270153802E-004
  -7.1420043270153802E-004
    0.000000000000000     
  -4.6404963313648073E-002
  -5.2225582853483624E-002
  -5.1266061831604461E-002
  -5.0321188145573237E-002
  -4.9198583287110451E-002
  -4.7843243521134345E-002
  -4.6277555796747250E-002
  -4.4528563224917536E-002
  -4.2625267018093022E-002
  -4.0597960868492433E-002
  -3.8476690534519277E-002
  -3.6289565288304668E-002
  -3.4061233894837735E-002
  -3.1811715527568847E-002
  -2.9555686119616720E-002
  -2.7302240287587858E-002
  -2.5055091001252777E-002
  -2.2813137512162535E-002
  -2.0571324881247948E-002
  -1.8321697210958575E-002
  -1.6054874045926294E-002
  -1.3762474921989235E-002
  -1.1437482580161407E-002
  -9.0751803554920494E-003
  -6.6744546667456940E-003
  -4.2390019663903662E-003
  -1.7783493340671440E-003
   6.9141251037461461E-004
   3.1473166662756001E-003
   5.5597549414837921E-003
   7.8933743862420244E-003
   1.0108678132746447E-002
   1.2164281931758215E-002
   1.4019660806262655E-002
   1.5638105936938484E-002
   1.6989531673121401E-002
   1.8052773102663074E-002
   1.8817062862699376E-002
   1.9282514474344724E-002
   1.9459599645981773E-002
   1.9367761956480829E-002
   1.9033421588943784E-002
   1.8487675695261080E-002
   1.7763987240085797E-002
   1.6896095261257568E-002
   1.5916298217602060E-002
   1.4854179003518715E-002
   1.3735771033276676E-002
   1.2583117208500793E-002
   1.1414147728753783E-002
   1.0242794755703900E-002
   9.0792664012175235E-003
   7.9304140445227815E-003
   6.8001413763560366E-003
   5.6898179864987566E-003
   4.5986731668535043E-003
   3.5241562410327108E-003
   2.4622581120702972E-003
   1.4077950604390237E-003
   3.5466676543816273E-004
  -7.0420026166283592E-004
  -7.0420026166283592E-004
    0.000000000000000     
  -4.8427785274673819E-002
  -5.4541017822744016E-002
  -5.3635258070128443E-002
  -5.2772060574932507E-002
  -5.1738825593190603E-002
  -5.0462991109766236E-002
  -4.8954543702805664E-002
  -4.7230917007760422E-002
  -4.5314663675085368E-002
  -4.3232905197060439E-002
  -4.1015489742173117E-002
  -3.8692711737451611E-002
  -3.6293044815171441E-002
  -3.3841211941442122E-002
  -3.1356800207042547E-002
  -2.8853508305864355E-002
  -2.6339017558886641E-002
  -2.3815414869865107E-002
  -2.1280070019751726E-002
  -1.8726836109920427E-002
  -1.6147811833773642E-002
  -1.3536247307306506E-002
  -1.0887124893025367E-002
  -8.1983915604480571E-003
  -5.4725908706632839E-003
  -2.7183380622322704E-003
   4.8503938299839552E-005
   2.8041089883336441E-003
   5.5166141902911964E-003
   8.1468603049827601E-003
   1.0650057304079998E-002
   1.2978357684877546E-002
   1.5084176919244628E-002
   1.6923903009632077E-002
   1.8461534269449114E-002
   1.9671727043133407E-002
   2.0541795886338740E-002
   2.1072398172414509E-002
   2.1276860620859653E-002
   2.1179343988909510E-002
   2.0812210301582604E-002
   2.0213030924874368E-002
   1.9421647271636137E-002
   1.8477599872841064E-002
   1.7418113029841167E-002
   1.6276696760687690E-002
   1.5082330931447506E-002
   1.3859136725438585E-002
   1.2626415632053909E-002
   1.1398937066116015E-002
   1.0187372097818358E-002
   8.9987936365156750E-003
   7.8371866073393207E-003
   6.7039317902456456E-003
   5.5982427687360208E-003
   4.5175468904924783E-003
   3.4578089654012864E-003
   2.4138015315190724E-003
   1.3793287108236876E-003
   3.4741901084262439E-004
  -6.8980983572055872E-004
  -6.8980983572055872E-004
    0.000000000000000     
  -5.0874305275166405E-002
  -5.7358020693895409E-002
  -5.6551781009933084E-002
  -5.5835297217003879E-002
  -5.4967560108934901E-002
  -5.3850406935238446E-002
  -5.2474211321411196E-002
  -5.0840276651130424E-002
  -4.8959332763218212E-002
  -4.6851453172116767E-002
  -4.4544057356265335E-002
  -4.2068970159736443E-002
  -3.9459165759295270E-002
  -3.6745718964687715E-002
  -3.3955357488858258E-002
  -3.1108838961833311E-002
  -2.8220218615552836E-002
  -2.5296956383417394E-002
  -2.2340747548551108E-002
  -1.9348900258165738E-002
  -1.6316508489626572E-002
  -1.3240078859365486E-002
  -1.0118460119534711E-002
  -6.9545329324913899E-003
  -3.7573355534008209E-003
  -5.4391394733280544E-004
   2.6593424270847242E-003
   5.8161338432588059E-003
   8.8807147044355980E-003
   1.1799611965246766E-002
   1.4514650394755106E-002
   1.6967136277534801E-002
   1.9102746315801101E-002
   2.0876504770957850E-002
   2.2257058816505863E-002
   2.3229559024734604E-002
   2.3796677921829584E-002
   2.3977669463786894E-002
   2.3805740864150791E-002
   2.3324282288479006E-002
   2.2582627729035059E-002
   2.1631978726038597E-002
   2.0521962736304529E-002
   1.9298083532923834E-002
   1.8000118408485859E-002
   1.6661365741398169E-002
   1.5308561461971874E-002
   1.3962257426081563E-002
   1.2637470979689629E-002
   1.1344453450568906E-002
   1.0089470014253407E-002
   8.8755241939169893E-003
   7.7029923722105337E-003
   6.5701561514031502E-003
   5.4736343921587870E-003
   4.4087243412688111E-003
   3.3696645179255541E-003
   2.3498327159461015E-003
   1.3418917969080721E-003
   3.3790118701805592E-004
  -6.7091221263166365E-004
  -6.7091221263166365E-004
    0.000000000000000     
  -5.3597651350188937E-002
  -6.0520801211800986E-002
  -5.9881536364078315E-002
  -5.9407486795259708E-002
  -5.8820375119188598E-002
  -5.7986957712329389E-002
  -5.6868412192508516E-002
  -5.5440434999989290E-002
  -5.3693303616266841E-002
  -5.1632976594320611E-002
  -4.9279449674328589E-002
  -4.6663358268047316E-002
  -4.3821618115452966E-002
  -4.0792880681917131E-002
  -3.7613506812286410E-002
  -3.4314532785910172E-002
  -3.0919867699601589E-002
  -2.7445754583541704E-002
  -2.3901385861243445E-002
  -2.0290445345124038E-002
  -1.6613838065060012E-002
  -1.2874367215945797E-002
  -9.0782062944754424E-003
  -5.2372793988738689E-003
  -1.3721004897232841E-003
   2.4858963914733394E-003
   6.2929533618011953E-003
   9.9929042206186366E-003
   1.3518818276891692E-002
   1.6796589696866933E-002
   1.9750320066961775E-002
   2.2308994699039880E-002
   2.4413551287673637E-002
   2.6023140747968413E-002
   2.7119463886964630E-002
   2.7708404773441057E-002
   2.7818727088659786E-002
   2.7498197061482665E-002
   2.6807977764338364E-002
   2.5816354117692841E-002
   2.4592787455515731E-002
   2.3203034701409244E-002
   2.1705713175212995E-002
   2.0150357688695036E-002
   1.8576773728888388E-002
   1.7015362494090698E-002
   1.5488066555564443E-002
   1.4009626315818669E-002
   1.2588912207134909E-002
   1.1230178249654226E-002
   9.9341524927841762E-003
   8.6989319642437248E-003
   7.5206836243945519E-003
   6.3941715432070736E-003
   5.3131383157156284E-003
   4.2705696106007914E-003
   3.2588678582196463E-003
   2.2699566146066352E-003
   1.2953323378995729E-003
   3.2608243406682610E-004
  -6.4744613380214816E-004
  -6.4744613380214816E-004
    0.000000000000000     
  -5.6403900515160463E-002
  -6.3820549336569901E-002
  -6.3438930069534660E-002
  -6.3337084981420155E-002
  -6.3191302858557244E-002
  -6.2823405179201847E-002
  -6.2153831658197281E-002
  -6.1119895722540833E-002
  -5.9678422129636644E-002
  -5.7809265197093562E-002
  -5.5515169001213227E-002
  -5.2818717813218341E-002
  -4.9757166997561574E-002
  -4.6376221163255106E-002
  -4.2723868059664549E-002
  -3.8845181239906913E-002
  -3.4778693914353842E-002
  -3.0554615277445213E-002
  -2.6194854957001180E-002
  -2.1714600850673192E-002
  -1.7125740972325519E-002
  -1.2443028268340459E-002
  -7.6863692801513528E-003
  -2.8842275010788803E-003
   1.9225292749060184E-003
   6.6777655948612492E-003
   1.1308905895284337E-002
   1.5728180099070822E-002
   1.9836820550291501E-002
   2.3532118602784303E-002
   2.6716861620289956E-002
   2.9309660325644027E-002
   3.1254391308799187E-002
   3.2526932532523270E-002
   3.3137828957244118E-002
   3.3130417128996344E-002
   3.2574955460764672E-002
   3.1560084225484661E-002
   3.0183307699489861E-002
   2.8542096639783573E-002
   2.6726767064371857E-002
   2.4815701125375129E-002
   2.2872927378143559E-002
   2.0947690857474877E-002
   1.9075453564292248E-002
   1.7279744342789890E-002
   1.5574364258000904E-002
   1.3965588713090699E-002
   1.2454145143559484E-002
   1.1036859298162867E-002
   9.7079445012096532E-003
   8.4599581959412286E-003
   7.2844749553379528E-003
   6.1725327529596058E-003
   5.1149064894700433E-003
   4.1022547536947330E-003
   3.1251759962086807E-003
   2.1742007072987728E-003
   1.2397376870396974E-003
   3.1199195996497965E-004
  -6.1946959986560488E-004
  -6.1946959986560488E-004
    0.000000000000000     
  -5.9051195994605815E-002
  -6.6992082006074066E-002
  -6.6978752888584445E-002
  -6.7410232714249091E-002
  -6.7912480881686568E-002
  -6.8254589618888681E-002
  -6.8304530869957344E-002
  -6.7945893142441871E-002
  -6.7084089248473561E-002
  -6.5654020852697281E-002
  -6.3623514084847718E-002
  -6.0992522719048523E-002
  -5.7788473524464597E-002
  -5.4058855561997209E-002
  -4.9862601812321765E-002
  -4.5261882945514538E-002
  -4.0315619824874811E-002
  -3.5075470567463407E-002
  -2.9584517709509154E-002
  -2.3878478114764456E-002
  -1.7989786040452368E-002
  -1.1955707665216824E-002
  -5.8217549900611504E-003
   3.5340581903419631E-004
   6.4926612277616032E-003
   1.2497011014475085E-002
   1.8245511875820703E-002
   2.3599892958582756E-002
   2.8414203338072840E-002
   3.2548676495053872E-002
   3.5885497424225983E-002
   3.8343584533735757E-002
   3.9889202190475398E-002
   4.0540136925262711E-002
   4.0362685271109811E-002
   3.9462344557969119E-002
   3.7970400623318523E-002
   3.6029181547272540E-002
   3.3778542082628184E-002
   3.1345372481278798E-002
   2.8836932356407999E-002
   2.6337915971573478E-002
   2.3910553850406358E-002
   2.1596792121904358E-002
   1.9421602541658044E-002
   1.7396653531481523E-002
   1.5523811655897789E-002
   1.3798170745647419E-002
   1.2210485020135213E-002
   1.0749003285870041E-002
   9.4007700351690249E-003
   8.1524890895448374E-003
   6.9910498927805891E-003
   5.9038068083563915E-003
   4.8786857193053434E-003
   3.9041748091514119E-003
   2.9692402979633659E-003
   2.0631942592755047E-003
   1.1755305508476894E-003
   2.9574260268841132E-004
  -5.8720665053766503E-004
  -5.8720665053766503E-004
    0.000000000000000     
  -6.1259142755463916E-002
  -6.9721023744577934E-002
  -7.0196338221099691E-002
  -7.1341214380528428E-002
  -7.2733407090925642E-002
  -7.4087693064404214E-002
  -7.5211600998299780E-002
  -7.5920073322826784E-002
  -7.6045405503898988E-002
  -7.5450734194110108E-002
  -7.4039998527523354E-002
  -7.1762927907516899E-002
  -6.8614132920397503E-002
  -6.4626689679621041E-002
  -5.9861890390145507E-002
  -5.4397616104316510E-002
  -4.8317826503190997E-002
  -4.1705055798328977E-002
  -3.4636904699553987E-002
  -2.7185988449946730E-002
  -1.9423739339668566E-002
  -1.1430124853964762E-002
  -3.2980370763874395E-003
   4.8594892367586654E-003
   1.2901157814573893E-002
   2.0652798807658464E-002
   2.7910252832217371E-002
   3.4453196918020783E-002
   4.0067624242472698E-002
   4.4572343379814972E-002
   4.7843456003936892E-002
   4.9831332624280120E-002
   5.0566535035783185E-002
   5.0153839679390320E-002
   4.8756298066579301E-002
   4.6573249604724580E-002
   4.3816914391444271E-002
   4.0691646200626236E-002
   3.7378522371215826E-002
   3.4026270356691146E-002
   3.0748098088383843E-002
   2.7623099305348918E-002
   2.4700584790010600E-002
   2.2005809417277859E-002
   1.9545922853036107E-002
   1.7315392224554541E-002
   1.5300515390493385E-002
   1.3482914884339208E-002
   1.1842071430141085E-002
   1.0357041315330523E-002
   9.0075296180155660E-003
   7.7744846084738467E-003
   6.6403549483103654E-003
   5.5891218859928128E-003
   4.6061899190311152E-003
   3.6781944189407233E-003
   2.7927644687458487E-003
   1.9382634591216714E-003
   1.1035179745375436E-003
   2.7754264828834676E-004
  -5.5107082795021747E-004
  -5.5107082795021747E-004
    0.000000000000000     
  -6.2731505000424140E-002
  -7.1665812407929810E-002
  -7.2741403417473857E-002
  -7.4773944509340232E-002
  -7.7306252135543374E-002
  -8.0008907527051240E-002
  -8.2631347827093082E-002
  -8.4912044333993283E-002
  -8.6589981694121118E-002
  -8.7423958252096048E-002
  -8.7211752475442522E-002
  -8.5805925393527396E-002
  -8.3122865985813393E-002
  -7.9143077139193677E-002
  -7.3902947194393553E-002
  -6.7480654724273226E-002
  -5.9980768499496302E-002
  -5.1522928543081777E-002
  -4.2238044769612917E-002
  -3.2268234231702206E-002
  -2.1764648631822425E-002
  -1.0891321356593141E-002
   1.7343208416434160E-004
   1.1224896752881085E-002
   2.2013508202915304E-002
   3.2231625424800549E-002
   4.1521828151121175E-002
   4.9523879291632079E-002
   5.5931443311252937E-002
   6.0538812606516085E-002
   6.3268614670716483E-002
   6.4177229277456171E-002
   6.3439506616503993E-002
   6.1318257715275867E-002
   5.8126094688882031E-002
   5.4187314880912038E-002
   4.9805965561122892E-002
   4.5243666226120582E-002
   4.0708035949015710E-002
   3.6350399869875247E-002
   3.2270223330841834E-002
   2.8523442865735778E-002
   2.5132255624626364E-002
   2.2094636008916872E-002
   1.9392579426596009E-002
   1.6998662368715403E-002
   1.4880902728901772E-002
   1.3006122254430914E-002
   1.1342101175691737E-002
   9.8588224753527291E-003
   8.5290687397922612E-003
   7.3285839615439717E-003
   6.2359609433528911E-003
   5.2323693167776386E-003
   4.3012021535660605E-003
   3.4276907036676365E-003
   2.5985157633321874E-003
   1.8014289853417265E-003
   1.0248864013458533E-003
   2.5769425032644370E-004
  -5.1166203845909070E-004
  -5.1166203845909070E-004
    0.000000000000000     
  -6.3191999922990252E-002
  -7.2495743046761124E-002
  -7.4249596046259539E-002
  -7.7301965075796938E-002
  -8.1187772470835973E-002
  -8.5560339838839886E-002
  -9.0131986431594355E-002
  -9.4575021327171688E-002
  -9.8528442512443179E-002
  -0.1016182878664138     
  -0.1034848663492961     
  -0.1038133449586114     
  -0.1023619195921133     
  -9.8981080841690189E-002
  -9.3618445708754480E-002
  -8.6306277041450857E-002
  -7.7135240643079986E-002
  -6.6232390213070660E-002
  -5.3786214171357982E-002
  -4.0088938484401308E-002
  -2.5492844498598149E-002
  -1.0346579422072335E-002
   5.0323845414067701E-003
   2.0323795019927756E-002
   3.5131411243960430E-002
   4.8908433984214558E-002
   6.0947788075743040E-002
   7.0626943022810640E-002
   7.7547819982339575E-002
   8.1578029125534815E-002
   8.2835157052964861E-002
   8.1636708380054088E-002
   7.8432526146299253E-002
   7.3734079918358494E-002
   6.8051567298280949E-002
   6.1845922271875138E-002
   5.5498874128976139E-002
   4.9300502195198416E-002
   4.3450930666676012E-002
   3.8071411630172997E-002
   3.3220056751325708E-002
   2.8908450152368457E-002
   2.5116712091000432E-002
   2.1805820207576883E-002
   1.8926900947543308E-002
   1.6427743216630552E-002
   1.4257031259519715E-002
   1.2366846116677684E-002
   1.0713933838028211E-002
   9.2601456457378963E-003
   7.9723563676981253E-003
   6.8220799844037295E-003
   5.7849309623506668E-003
   4.8400271758115799E-003
   3.9693921068180305E-003
   3.1573874323010571E-003
   2.3901890232565321E-003
   1.6553072420342262E-003
   9.4114402153701174E-004
   2.3657881037276540E-004
  -4.6973752707569599E-004
  -4.6973752707569599E-004
    0.000000000000000     
  -6.2427696279921986E-002
  -7.1940603672980927E-002
  -7.4391225980457470E-002
  -7.8512265627413841E-002
  -8.3870183337217241E-002
  -9.0146134742061484E-002
  -9.7061395111108340E-002
  -0.1042637190168322     
  -0.1113187128875874     
  -0.1177185677874241     
  -0.1229055852160467     
  -0.1263114357737161     
  -0.1274099280373195     
  -0.1257770824608079     
  -0.1211451354095263     
  -0.1134282490853009     
  -0.1026431088031245     
  -8.8688078727803182E-002
  -7.1568615370055502E-002
  -5.1999016516568783E-002
  -3.1069893068507187E-002
  -9.6248672770327046E-003
   1.1892680934824994E-002
   3.3238112427613896E-002
   5.4026148766610917E-002
   7.3338936583672104E-002
   8.9183752372594086E-002
   0.1004619553679495     
   0.1069222118310049     
   0.1088750737576062     
   0.1069810868070670     
   0.1020800287598071     
   9.5055387874571101E-002
   8.6735961342254406E-002
   7.7832129369331107E-002
   6.8903217754876234E-002
   6.0351154739882978E-002
   5.2433671112490858E-002
   4.5289128741870466E-002
   3.8965601240632822E-002
   3.3448733121786006E-002
   2.8685245077729161E-002
   2.4600955208384737E-002
   2.1113509820332770E-002
   1.8140683750843052E-002
   1.5605306315836634E-002
   1.3437799272227491E-002
   1.1577131084398760E-002
   9.9707890567164829E-003
   8.5741915851864966E-003
   7.3498215629565029E-003
   6.2662585264877833E-003
   5.2972151157457117E-003
   4.4206352267599416E-003
   3.6178800205198935E-003
   2.8730083184859093E-003
   2.1721459399061042E-003
   1.5029312440659453E-003
   8.5401961157072562E-004
   2.1463163956503918E-004
  -4.2616157061716234E-004
  -4.2616157061716234E-004
    0.000000000000000     
  -6.0329154207420611E-002
  -6.9840670935175875E-002
  -7.2929062251718510E-002
  -7.8050791927207500E-002
  -8.4848509211602377E-002
  -9.3088200088758344E-002
  -0.1025696058742138     
  -0.1129963801431735     
  -0.1239423781875857     
  -0.1348306126089032     
  -0.1449254944787897     
  -0.1533459681602362     
  -0.1591113845498564     
  -0.1612419021102158     
  -0.1589237994097626     
  -0.1519995185350361     
  -0.1410138592655059     
  -0.1248515300240550     
  -9.9810568875827760E-002
  -6.9156480114815996E-002
  -3.7696115147360640E-002
  -7.5985194826421101E-003
   2.1349839607681848E-002
   5.0272461211815452E-002
   8.0001315658460859E-002
   0.1104825710763745     
   0.1316050339599527     
   0.1430449968918861     
   0.1463362255119821     
   0.1432165649881741     
   0.1354471630745565     
   0.1246514705012570     
   0.1122110105881724     
   9.9224144882179469E-002
   8.6500676312926808E-002
   7.4582231928961656E-002
   6.3782277560549230E-002
   5.4236868501296512E-002
   4.5956472842115723E-002
   3.8871594085956418E-002
   3.2868585733089983E-002
   2.7815176800069032E-002
   2.3577083262559147E-002
   2.0027779474878837E-002
   1.7053472756280479E-002
   1.4554961445084502E-002
   1.2447617161058118E-002
   1.0660340259289495E-002
   9.1340344948714226E-003
   7.8199319118329343E-003
   6.6779553240662454E-003
   5.6752142765933060E-003
   4.7846745819099196E-003
   3.9840089944268142E-003
   3.2546185547102481E-003
   2.5808050136834570E-003
   1.9490704454453035E-003
   1.3475187301424183E-003
   7.6533322008856899E-004
   1.9230972040091022E-004
  -3.8184147211387122E-004
  -3.8184147211387122E-004
    0.000000000000000     
  -5.6914185710926130E-002
  -6.6181455563255026E-002
  -6.9769187390440787E-002
  -7.5695512921840513E-002
  -8.3717331037783421E-002
  -9.3739441343232630E-002
  -0.1057173832388426     
  -0.1195191688533354     
  -0.1348683488186772     
  -0.1512862207725978     
  -0.1680275767738337     
  -0.1840058978092058     
  -0.1977056984547010     
  -0.2070809847817078     
  -0.2096110822334380     
  -0.2028132024059935     
  -0.1964273840857462     
  -0.1982035890330398     
  -0.1486684430514786     
  -8.6102381217811857E-002
  -3.6063220333326117E-002
   1.2966055153532129E-003
   3.3025338187628525E-002
   6.6723229908448090E-002
   0.1058727194748737     
   0.1760283503412368     
   0.1990928715140674     
   0.2034160509950713     
   0.1971902809648069     
   0.1839261738306003     
   0.1665850160673738     
   0.1474414325128183     
   0.1281211773014100     
   0.1097300028926093     
   9.2945447844102455E-002
   7.8102528541928062E-002
   6.5284064629236638E-002
   5.4406781207236792E-002
   4.5292973678791371E-002
   3.7723155483172933E-002
   3.1470549573048769E-002
   2.6321138763795382E-002
   2.2083580762386413E-002
   1.8592682173712238E-002
   1.5709149001095244E-002
   1.3317421895087916E-002
   1.1322709279696539E-002
   9.6478549568348396E-003
   8.2303732946013442E-003
   7.0198028739018427E-003
   5.9754261174750070E-003
   5.0643476797175725E-003
   4.2598982412970585E-003
   3.5403200993113729E-003
   2.8876893363995538E-003
   2.2870314548955636E-003
   1.7255911727573864E-003
   1.1922210463574626E-003
   6.7685710370247944E-004
   1.7005711039985708E-004
  -3.3765887339232164E-004
  -3.3765887339232164E-004
    0.000000000000000     
  -5.2325581434066341E-002
  -6.1099491316896633E-002
  -6.4985975978514368E-002
  -7.1412200537005255E-002
  -8.0269145472403922E-002
  -9.1632895424798216E-002
  -0.1056725157142350     
  -0.1225200360577314     
  -0.1422093559530822     
  -0.1646072489747318     
  -0.1893270384241702     
  -0.2156008203776742     
  -0.2420234233220542     
  -0.2659172682741008     
  -0.2882804389853194     
  -0.2493672778649402     
  -0.2356012827575463     
  -0.3565679481091268     
  -0.2536052246208419     
  -9.0313914711637813E-002
  -3.3744217948702914E-003
   2.6066707272867317E-002
   3.7776335646949225E-002
   6.9612840626294289E-002
   2.8203045372270145E-002
   0.3805872900912921     
   0.3130855786936850     
   0.2813141368967380     
   0.2565923095300627     
   0.2273185775329016     
   0.1968240704346474     
   0.1674864220949631     
   0.1405418460824523     
   0.1166758894851333     
   9.6138562490061780E-002
   7.8852192662784162E-002
   6.4535799546602518E-002
   5.2811677513296268E-002
   4.3280016791469436E-002
   3.5562880631100080E-002
   2.9325387476968352E-002
   2.4282473640490316E-002
   2.0197682131249166E-002
   1.6878182931885512E-002
   1.4168478080985166E-002
   1.1944086696402798E-002
   1.0105812101989516E-002
   8.5748089504440426E-003
   7.2884709715534315E-003
   6.1970691356816113E-003
   5.2610364752906837E-003
   4.4487911725724803E-003
   3.7349979330567793E-003
   3.0991809270078242E-003
   2.5246154005009037E-003
   1.9974374195548968E-003
   1.5059216980935297E-003
   1.0398857178726098E-003
   5.9018481576018694E-004
   1.4827237438344917E-004
  -2.9440509523847257E-004
  -2.9440509523847257E-004
    0.000000000000000     
  -4.6801850433308055E-002
  -5.4854627140106825E-002
  -5.8808706772269792E-002
  -6.5367879526207054E-002
  -7.4553200555914717E-002
  -8.6610845752075255E-002
  -0.1019370693628789     
  -0.1209726788838326     
  -0.1441583418990976     
  -0.1718886344595001     
  -0.2044811479279165     
  -0.2422057157122159     
  -0.2851219086687211     
  -0.3371954914659321     
  -0.4272635402658287     
  -0.2445262127362577     
  -6.2556263297309261E-002
   5.0763346302857844E-002
   3.1438924288571424E-002
  -4.1824748468652874E-003
  -7.2066820810925908E-003
   3.5355113837019943E-004
   4.5596799102627242E-003
   9.3009553859585096E-003
  -4.4902097584036793E-002
   4.3297455773723036E-002
   5.9962367313479863E-002
   0.3571808466837909     
   0.3253811106635065     
   0.2670724471203247     
   0.2210646994446577     
   0.1814182655181067     
   0.1473158835153715     
   0.1187704902342109     
   9.5392725350454802E-002
   7.6537977307001528E-002
   6.1479763127551573E-002
   4.9519576642903879E-002
   4.0041726192784358E-002
   3.2530586413278197E-002
   2.6567435647882984E-002
   2.1818516945316193E-002
   1.8020732920596756E-002
   1.4967996831566618E-002
   1.2499405148438090E-002
   1.0489486434552038E-002
   8.8403843759377373E-003
   7.4756923804153623E-003
   6.3356355903476927E-003
   5.3733238985348283E-003
   4.5518432438395352E-003
   3.8419971133599050E-003
   3.2205495180644590E-003
   2.6688535421855123E-003
   2.1717751070449509E-003
   1.7168416024407628E-003
   1.2935599010571906E-003
   8.9285927260532468E-004
   5.0662282936382174E-004
   1.2728154694839619E-004
  -2.5272745714103310E-004
  -2.5272745714103310E-004
    0.000000000000000     
  -4.0629759171584491E-002
  -4.7776719027315208E-002
  -5.1571835439501446E-002
  -5.7892067544486198E-002
  -6.6863482579719261E-002
  -7.8868416623189094E-002
  -9.4495162230468860E-002
  -0.1144661937435208     
  -0.1396149778254134     
  -0.1708507182586393     
  -0.2091396216412079     
  -0.2554539745683195     
  -0.3125382971948124     
  -0.3577680498331548     
  -0.1188769473215321     
  -1.9633618568032810E-002
  -1.2216179228483488E-002
   5.3738202896360049E-003
   7.4733802622362153E-003
   1.3657791769718739E-003
  -1.1189015324681566E-003
  -7.8272935502191803E-004
  -6.2845226778293314E-004
  -2.2755567334095104E-003
  -9.4602192539306653E-003
   2.7650090041820450E-003
  -2.7597940846293714E-002
   5.3813856707767123E-002
   0.3016144681018440     
   0.2915499545693360     
   0.2356836055930734     
   0.1867256809480939     
   0.1469919469941923     
   0.1153405194101402     
   9.0523457000789453E-002
   7.1245069522902452E-002
   5.6323628659263089E-002
   4.4773368376914251E-002
   3.5811071343645660E-002
   2.8830006007236612E-002
   2.3365966816817720E-002
   1.9065668375485498E-002
   1.5660585243298764E-002
   1.2946410858560088E-002
   1.0767337853313224E-002
   9.0041777064030909E-003
   7.5654308047407070E-003
   6.3805834406582065E-003
   5.3950707697416871E-003
   4.5664813008213416E-003
   3.8616859119221499E-003
   3.2546560118747398E-003
   2.7247964981717532E-003
   2.2556640309469456E-003
   1.8339739732446464E-003
   1.4488231660129344E-003
   1.0910727238714116E-003
   7.5284706008468035E-004
   4.2711376504788541E-004
   1.0731883829022903E-004
  -2.1309097060956980E-004
  -2.1309097060956980E-004
    0.000000000000000     
  -3.4092999600856828E-002
  -4.0203444378495573E-002
  -4.3645485335041978E-002
  -4.9399147147902743E-002
  -5.7657835679207771E-002
  -6.8884485674418780E-002
  -8.3789169481269882E-002
  -0.1032978556895079     
  -0.1285588258795068     
  -0.1609034038239600     
  -0.2018186157159468     
  -0.2527396300792928     
  -0.3535351378331983     
  -0.1130195705399285     
  -3.1831936348131079E-003
   2.8084259386143111E-003
  -2.3227156326513076E-003
  -4.6386332046318744E-005
   1.1968656682117198E-003
   2.3504990880054963E-004
  -8.1318181773273879E-004
  -1.4349917797963857E-003
  -2.1402114469050229E-003
  -3.4387513204447917E-003
  -5.3891155238018004E-003
  -5.4196195430600757E-003
  -7.9563708398147619E-003
  -2.9292233966986662E-002
   5.7125674819236916E-002
   0.3041463750812896     
   0.2444884641206060     
   0.1825864638714477     
   0.1390433762702624     
   0.1064149223909274     
   8.1844062253804362E-002
   6.3383768868170126E-002
   4.9470689578783825E-002
   3.8923611121654544E-002
   3.0873631952414150E-002
   2.4685318526818954E-002
   1.9893152399063582E-002
   1.6154453672498924E-002
   1.3215452247430244E-002
   1.0887023082224006E-002
   9.0273221865417429E-003
   7.5293073810955994E-003
   6.3117163881080945E-003
   5.3125008799008739E-003
   4.4840143947199474E-003
   3.7894602650675813E-003
   3.2002504811120490E-003
   2.6940272481347648E-003
   2.2531696771553762E-003
   1.8636573771472367E-003
   1.5141976179334576E-003
   1.1955470936934772E-003
   8.9997632310931191E-004
   6.2083631153163419E-004
   3.5219465777867897E-004
   8.8515984260014667E-005
  -1.7575719469131913E-004
  -1.7575719469131913E-004
    0.000000000000000     
  -2.7430271336952375E-002
  -3.2426649108730186E-002
  -3.5368426279324135E-002
  -4.0300803425541556E-002
  -4.7443708533165437E-002
  -5.7277051102790986E-002
  -7.0544229209345485E-002
  -8.8266341658929839E-002
  -0.1118046776359668     
  -0.1428102497299321     
  -0.1821576351530139     
  -0.2250782922153194     
  -0.1837259721632505     
  -6.3065744958348255E-002
  -8.2753277436803264E-003
  -3.6580076662261028E-004
  -9.7019150929630079E-004
  -6.5043572406786598E-004
  -3.8019879091452289E-004
  -7.1099010468894512E-004
  -1.2897643109128106E-003
  -1.9130224622051714E-003
  -2.6534184415048074E-003
  -3.6304147674082769E-003
  -4.7967244821151391E-003
  -5.7224217800774602E-003
  -7.2510100506733522E-003
  -5.8421244373735269E-003
  -4.0257773610401460E-003
   0.1733630676968418     
   0.2082036245127684     
   0.1662404067634565     
   0.1239291135254627     
   9.2618494048344199E-002
   7.0023248001879021E-002
   5.3557066392630449E-002
   4.1410322161509312E-002
   3.2345729223259338E-002
   2.5508770121818115E-002
   2.0300968568900471E-002
   1.6297266413744800E-002
   1.3191898455573310E-002
   1.0762396819560250E-002
   8.8452470641599001E-003
   7.3191629930208614E-003
   6.0934316739656687E-003
   5.0996879107805095E-003
   4.2860421240366077E-003
   3.6128439180048997E-003
   3.0495954352659973E-003
   2.5726811870261310E-003
   2.1636831478822863E-003
   1.8081188336708776E-003
   1.4944872845334624E-003
   1.2135403015648793E-003
   9.5771861464543349E-004
   7.2070793146755913E-004
   4.9707990465082364E-004
   2.8198895602801044E-004
   7.0900085612297364E-005
  -1.4077994589119044E-004
  -1.4077994589119044E-004
    0.000000000000000     
  -2.0810248728395910E-002
  -2.4658282143471114E-002
  -2.7000704562547408E-002
  -3.0936154621182578E-002
  -3.6674468722230610E-002
  -4.4652355787645495E-002
  -5.5553690836764771E-002
  -7.0362619020946635E-002
  -9.0553032113500256E-002
  -0.1187212605017289     
  -0.1607073272649824     
  -0.2587827119581002     
  -5.7776882150584526E-002
   1.4494826106448285E-002
   9.5071383422122725E-003
   1.9239150241499845E-003
  -3.7467440065805098E-004
  -7.8206381437599844E-004
  -9.4512584793105404E-004
  -1.2516103022576219E-003
  -1.6881860941536048E-003
  -2.2151660406195166E-003
  -2.8507589596853569E-003
  -3.6315944856251162E-003
  -4.5613347318718481E-003
  -5.6089942839934719E-003
  -7.3982983519915472E-003
  -7.2780399352161259E-003
  -4.3800141520809806E-002
   3.9450881668676531E-002
   0.2182134067969013     
   0.1511233229732070     
   0.1029351258737946     
   7.4834592362660740E-002
   5.5886869758409466E-002
   4.2409579818734021E-002
   3.2610512891209878E-002
   2.5369065729136220E-002
   1.9944915360505626E-002
   1.5834274278027621E-002
   1.2686219505144010E-002
   1.0251777140492351E-002
   8.3516442035711392E-003
   6.8550583305364548E-003
   5.6656154442298098E-003
   4.7115573055570778E-003
   3.9390082978194799E-003
   3.3071983643810179E-003
   2.7850462574070091E-003
   2.3486877970180365E-003
   1.9796687273868200E-003
   1.6636101223084542E-003
   1.3892129409247883E-003
   1.1475080038859803E-003
   9.3128454613601727E-004
   7.3464885533245923E-004
   5.5267687991315752E-004
   3.8113259571188868E-004
   2.1622778943637837E-004
   5.4399070074819976E-005
  -1.0801614243662622E-004
  -1.0801614243662622E-004
    0.000000000000000     
  -1.4324251529410054E-002
  -1.7018452944849816E-002
  -1.8702547447573728E-002
  -2.1533999967101893E-002
  -2.5684227172283892E-002
  -3.1498250637048579E-002
  -3.9516110557743074E-002
  -5.0511851667888012E-002
  -6.5571632998527793E-002
  -8.6127012777904341E-002
  -0.1133281034501087     
  -0.1462292798480654     
  -4.6058379699531422E-002
  -8.6594206772781475E-004
   3.1756244103786145E-003
   8.2256872926914667E-004
  -4.9720817732176845E-004
  -1.0197952978269597E-003
  -1.3144738556212043E-003
  -1.6086248984284535E-003
  -1.9609306610145765E-003
  -2.3848245225309137E-003
  -2.8951694177169027E-003
  -3.5101089835796540E-003
  -4.2433466483852988E-003
  -5.1228340498808761E-003
  -6.2889251918487000E-003
  -7.7389419442615440E-003
  -1.1560058646121470E-002
   4.4209032443067601E-003
   0.1341825430563801     
   0.1055885657092389     
   7.4350514155327271E-002
   5.4050163796075190E-002
   4.0259046845230691E-002
   3.0506266574661139E-002
   2.3442999615132822E-002
   1.8234393719287079E-002
   1.4336800433063103E-002
   1.1383918462533007E-002
   9.1222228625968647E-003
   7.3725525589091708E-003
   6.0061906781933476E-003
   4.9293988738512194E-003
   4.0731210415952011E-003
   3.3859697940909505E-003
   2.8293603515746704E-003
   2.3740822686353726E-003
   1.9978519729294372E-003
   1.6835446705303504E-003
   1.4179029560600321E-003
   1.1905837255953302E-003
   9.9344752799794740E-004
   8.2002307936897940E-004
   6.6509903103124512E-004
   5.2440822554147067E-004
   3.9437844782229631E-004
   2.7192904339805025E-004
   1.5429459621843616E-004
   3.8853475023933311E-005
  -7.7149197497573582E-005
  -7.7149197497573582E-005
    0.000000000000000     
  -7.9929874649802730E-003
  -9.5418856388975442E-003
  -1.0536975234188896E-002
  -1.2207530862479589E-002
  -1.4667509260868690E-002
  -1.8138248020627631E-002
  -2.2964414435425053E-002
  -2.9632467688326610E-002
  -3.8766447026520170E-002
  -5.0921804268904275E-002
  -6.5565920820193163E-002
  -7.9759195716749220E-002
  -2.6856767048829191E-002
  -3.3990668950511665E-003
  -1.7437952549209510E-004
  -6.7843587593868684E-004
  -1.1660617972297216E-003
  -1.4506087981050251E-003
  -1.6650879999330450E-003
  -1.8864981019071688E-003
  -2.1486640769480037E-003
  -2.4665434702104833E-003
  -2.8501282282140331E-003
  -3.3075594880513882E-003
  -3.8440350907721884E-003
  -4.4635426318446322E-003
  -5.1516047639366480E-003
  -5.7269376960086367E-003
  -4.5464506414292409E-003
   2.2556471084118370E-004
   6.5647759721903454E-002
   5.7254665701239806E-002
   4.2550893159454373E-002
   3.1645159902816279E-002
   2.3877867737164188E-002
   1.8270275610507047E-002
   1.4152875005818724E-002
   1.1082851879528090E-002
   8.7637539870526349E-003
   6.9922081513915249E-003
   5.6254055454610296E-003
   4.5611644229369766E-003
   3.7252719764047817E-003
   3.0631634609617920E-003
   2.5342979566167741E-003
   2.1082744015915905E-003
   1.7621038644942718E-003
   1.4782672159609114E-003
   1.2433155004957111E-003
   1.0468504683748586E-003
   8.8077449986546593E-004
   7.3873326334970781E-004
   6.1569752004347151E-004
   5.0764601462573405E-004
   4.1132212245260067E-004
   3.2404419176949010E-004
   2.4355432353316493E-004
   1.6789302202785937E-004
   9.5287142286176071E-005
   2.4032997983581323E-005
  -4.7721878493908287E-005
  -4.7721878493908287E-005
    0.000000000000000     
  -1.7823013948293249E-003
  -2.1966248850616649E-003
  -2.4890665981580620E-003
  -2.9736111349125080E-003
  -3.6957117690059340E-003
  -4.7354545932085145E-003
  -6.2173800335260090E-003
  -8.3224658546142815E-003
  -1.1290097567231875E-002
  -1.5339036456602605E-002
  -2.0295830097920197E-002
  -2.5223735836877842E-002
  -1.0020545334936600E-002
  -3.2287925765368177E-003
  -2.0033376687667460E-003
  -1.8790870239864344E-003
  -1.8789735061745746E-003
  -1.9188305217645160E-003
  -1.9970676437786852E-003
  -2.1158939445460739E-003
  -2.2791294575394043E-003
  -2.4902187627964282E-003
  -2.7509882424483155E-003
  -3.0602652007983900E-003
  -3.4128955028273032E-003
  -3.7994748594978871E-003
  -4.1955417232389814E-003
  -4.4903068718852709E-003
  -4.1137463196785282E-003
  -1.5274717466195980E-003
   9.2685564940665280E-003
   1.1154874069311618E-002
   1.0285037395656334E-002
   8.7827529312037161E-003
   7.2803390700100666E-003
   5.9644918634315413E-003
   4.8669028258714348E-003
   3.9698849321980452E-003
   3.2432738974145915E-003
   2.6566555153655818E-003
   2.1831840134305448E-003
   1.8004278019273492E-003
   1.4901428509017382E-003
   1.2376985478145491E-003
   1.0314450997089665E-003
   8.6213358175249325E-004
   7.2242359496696884E-004
   6.0648127293843007E-004
   5.0965792402870159E-004
   4.2823598899719052E-004
   3.5922923892675189E-004
   3.0022571799431916E-004
   2.4926397506291014E-004
   2.0473493180485578E-004
   1.6530327266276715E-004
   1.2984339414161633E-004
   9.7385646310720251E-005
   6.7068617119362192E-005
   3.8091700216098115E-005
   9.6561781220754241E-006
  -1.9175382748018594E-005
  -1.9175382748018594E-005
    0.000000000000000     
   4.3759071082303883E-003
   5.0910492551720079E-003
   5.5053938708239962E-003
   6.2130170696719856E-003
   7.2415318717086322E-003
   8.6587193062869980E-003
   1.0569912488508741E-002
   1.3107737130373691E-002
   1.6391286303653437E-002
   2.0357350797625611E-002
   2.4245876195583136E-002
   2.6225298267574956E-002
   5.6622628229577180E-003
  -2.7563952197126695E-003
  -3.4455324733472887E-003
  -2.8940856095787818E-003
  -2.5168097462796770E-003
  -2.3426946550845649E-003
  -2.2867593191091330E-003
  -2.3007824326789889E-003
  -2.3650135925043459E-003
  -2.4726116372680669E-003
  -2.6179966448116820E-003
  -2.7905999188011579E-003
  -2.9739291556368491E-003
  -3.1513724996770323E-003
  -3.3357734826592834E-003
  -3.6277939165016621E-003
  -5.2801114495639699E-003
  -3.9197306461259971E-003
  -4.4755365312007335E-002
  -3.3431852264245158E-002
  -2.1356179878913722E-002
  -1.3823629748405016E-002
  -9.1934944561422229E-003
  -6.2687356448282751E-003
  -4.3693166821326289E-003
  -3.1052601871741211E-003
  -2.2466658366090226E-003
  -1.6534117669081785E-003
  -1.2373989739925743E-003
  -9.4176815704396079E-004
  -7.2902011547866627E-004
  -5.7397569574964670E-004
  -4.5947230051730998E-004
  -3.7366333151129632E-004
  -3.0828511889983523E-004
  -2.5752289869077316E-004
  -2.1725589206810205E-004
  -1.8454699703715258E-004
  -1.5729304555567281E-004
  -1.3398217328471299E-004
  -1.1352368361788186E-004
  -9.5127685934691329E-005
  -7.8219389633532189E-005
  -6.2377906159901227E-005
  -4.7292798079166976E-005
  -3.2734189219908082E-005
  -1.8534940777008578E-005
  -4.5883380856852265E-006
   9.1084415957657848E-006
   9.1084415957657848E-006
    0.000000000000000     
   1.0559025879311562E-002
   1.2410591582220472E-002
   1.3527189071255103E-002
   1.5418389980206771E-002
   1.8182247258524652E-002
   2.2030963345321290E-002
   2.7298320993142881E-002
   3.4444577202249631E-002
   4.4027786779556911E-002
   5.6428142737083117E-002
   7.0611164273194776E-002
   8.2245263575945374E-002
   2.0100907774107220E-002
  -3.8849658410865951E-003
  -5.3878331218827130E-003
  -3.8807152898805938E-003
  -3.0272312696682474E-003
  -2.6675223629116663E-003
  -2.5122952498896241E-003
  -2.4388541612037650E-003
  -2.4108961348512669E-003
  -2.4215693933322038E-003
  -2.4629440151966299E-003
  -2.5141459849354580E-003
  -2.5405164546778219E-003
  -2.4988737171939604E-003
  -2.3746097480379993E-003
  -2.2760548157351253E-003
  -4.7820630906534592E-003
  -1.0540898204666775E-002
  -0.1040497449468084     
  -7.7211605237048633E-002
  -5.1594372118723128E-002
  -3.5633038977210110E-002
  -2.5289355486855361E-002
  -1.8334991006656216E-002
  -1.3539889351611364E-002
  -1.0162959849435304E-002
  -7.7415800034691014E-003
  -5.9781955951756904E-003
  -4.6761755610835246E-003
  -3.7025805412423916E-003
  -2.9658003880171325E-003
  -2.4016787905126714E-003
  -1.9646601394246802E-003
  -1.6220057471267883E-003
  -1.3499383353853161E-003
  -1.1310264907558524E-003
  -9.5238258179708619E-004
  -8.0440362054535434E-004
  -6.7988015704294245E-004
  -5.7335816035966353E-004
  -4.8067700422546903E-004
  -3.9863146508337924E-004
  -3.2472192539178396E-004
  -2.5696781497528646E-004
  -1.9376663531214144E-004
  -1.3378594459565376E-004
  -7.5879304148956939E-005
  -1.9020179504402764E-005
   3.7764176353215268E-005
   3.7764176353215268E-005
    0.000000000000000     
   1.6835491378282951E-002
   1.9834139949952277E-002
   2.1638932499238338E-002
   2.4685967407325815E-002
   2.9134286319974188E-002
   3.5325059095631557E-002
   4.3800810955280010E-002
   5.5345402852924261E-002
   7.1075881737343430E-002
   9.2497074300665616E-002
   0.1207703585404800     
   0.1535628148699365     
   3.1784356797619595E-002
  -9.0497039481700469E-003
  -8.3371920150604236E-003
  -4.6605374306853574E-003
  -3.2256172391495171E-003
  -2.8147918601699670E-003
  -2.6594134854959492E-003
  -2.5328967627774516E-003
  -2.4176149189124060E-003
  -2.3374206582674525E-003
  -2.2930746120185864E-003
  -2.2506814303526984E-003
  -2.1476577655013263E-003
  -1.8910543750689038E-003
  -1.2689610477497300E-003
  -3.1406751739470717E-004
   9.0257945558208305E-003
  -4.8094947670132192E-002
  -0.1662480212645254     
  -0.1168564984964746     
  -7.8941971262634983E-002
  -5.6004910667838734E-002
  -4.0715796627777981E-002
  -3.0109741627292748E-002
  -2.2604824458050763E-002
  -1.7205537096370866E-002
  -1.3263872273558901E-002
  -1.0348463443798793E-002
  -8.1661758173027250E-003
  -6.5142250685235482E-003
  -5.2501543783951502E-003
  -4.2725365122252817E-003
  -3.5082989673521007E-003
  -2.9042413877553835E-003
  -2.4212644169012221E-003
  -2.0303853112200506E-003
  -1.7099503537109429E-003
  -1.4436605696198917E-003
  -1.2191574180291348E-003
  -1.0269986696925934E-003
  -8.5990918444843543E-004
  -7.1222727760130724E-004
  -5.7949139539265353E-004
  -4.5812798973087892E-004
  -3.4521240447615289E-004
  -2.3828187766809124E-004
  -1.3518417521352422E-004
  -3.3946492782917848E-005
   6.7401621096995829E-005
   6.7401621096995829E-005
    0.000000000000000     
   2.3239119147570111E-002
   2.7391444328730721E-002
   2.9852632000274954E-002
   3.3995414450795840E-002
   4.0021325134401965E-002
   4.8368532555917144E-002
   5.9735401049822383E-002
   7.5146256612529022E-002
   9.6192282355255579E-002
   0.1258559686911999     
   0.1713158029539960     
   0.2855477815974602     
   1.6622420097556087E-002
  -2.6572940486336270E-002
  -1.1651152153160298E-002
  -4.0017067224998532E-003
  -2.6054675920548455E-003
  -2.7006381821083748E-003
  -2.7730857129510630E-003
  -2.6156876831147854E-003
  -2.3817669387044996E-003
  -2.2050810757097811E-003
  -2.1076757585592179E-003
  -2.0284990123950741E-003
  -1.8672702795376266E-003
  -1.5494307560285046E-003
  -2.6166804043257586E-004
  -4.9957078902672074E-003
   6.8577418895586328E-002
  -0.2065168028545163     
  -0.1917558744898835     
  -0.1398090256157308     
  -0.1012321687622650     
  -7.4206118824296258E-002
  -5.5075250114890222E-002
  -4.1376565835266887E-002
  -3.1453458162505880E-002
  -2.4183157752685834E-002
  -1.8798059327037542E-002
  -1.4767533489655104E-002
  -1.1720453641350392E-002
  -9.3942607111981106E-003
  -7.6011759411658214E-003
  -6.2055352465719546E-003
  -5.1084011657088514E-003
  -4.2369909062132229E-003
  -3.5373296880352664E-003
  -2.9690893722784063E-003
  -2.5019242718173733E-003
  -2.1128435598564243E-003
  -1.7843086815551943E-003
  -1.5028426649195989E-003
  -1.2580041868385913E-003
  -1.0416236711877605E-003
  -8.4722887092953975E-004
  -6.6960796095456442E-004
  -5.0447215927556404E-004
  -3.4818914460906501E-004
  -1.9756369200323948E-004
  -4.9642156489723642E-005
   9.8566510156307557E-005
   9.8566510156307557E-005
    0.000000000000000     
   2.9748468612177184E-002
   3.5044812340467586E-002
   3.8101342672469424E-002
   4.3228733072709233E-002
   5.0642026212801061E-002
   6.0825594281195952E-002
   7.4541097353878344E-002
   9.2850289532181593E-002
   0.1171978999909584     
   0.1493696139170955     
   0.1901986713351588     
   0.2332208604958097     
   0.1679794646993816     
   5.3096289707094381E-002
   4.0879162496468557E-003
  -2.1605093814714140E-003
  -1.6712862501867326E-003
  -2.6128410438753667E-003
  -3.1380890083871271E-003
  -2.7965021831827764E-003
  -2.2651168172718593E-003
  -1.9552260865395108E-003
  -1.8789575018748699E-003
  -1.8722754155019565E-003
  -1.7742785685185120E-003
  -1.4475615475719101E-003
  -1.2310402208006313E-003
  -4.6839272657957080E-004
  -4.6623125495574048E-002
  -0.2514517194418296     
  -0.2111602654630912     
  -0.1580689970470337     
  -0.1187473721977463     
  -8.9527913108870150E-002
  -6.7850433444807706E-002
  -5.1797590414189867E-002
  -3.9874254241191232E-002
  -3.0968392633402210E-002
  -2.4270697359909981E-002
  -1.9195852963595755E-002
  -1.5320369560286384E-002
  -1.2336712137774448E-002
  -1.0020357068575307E-002
  -8.2063812775088219E-003
  -6.7728641395516896E-003
  -5.6290952426758193E-003
  -4.7071590060131568E-003
  -3.9558939942422149E-003
  -3.3365278962165464E-003
  -2.8195007517955980E-003
  -2.3821356527055138E-003
  -2.0069178318737374E-003
  -1.6802131945252651E-003
  -1.3913062777019798E-003
  -1.1316714577481101E-003
  -8.9441476265583969E-004
  -6.7383984590541936E-004
  -4.6510242295213464E-004
  -2.6392335448397077E-004
  -6.6331282567065828E-005
   1.3170378549945072E-004
   1.3170378549945072E-004
    0.000000000000000     
   3.6270964709228443E-002
   4.2670844295676559E-002
   4.6220460362455473E-002
   5.2151696181557031E-002
   6.0654940185723150E-002
   7.2197239405008787E-002
   8.7502245751099134E-002
   0.1075181598449082     
   0.1334175745908020     
   0.1665175114509395     
   0.2081330845932362     
   0.2591372755248378     
   0.3635888019143350     
   8.8288505150773064E-002
  -5.1614964195546590E-003
  -5.1178057402586387E-003
   7.0369234670028904E-004
  -3.3728206673048692E-003
  -4.8792554333247076E-003
  -3.2943494528994135E-003
  -1.7961887861284273E-003
  -1.3228971210399465E-003
  -1.5186678815942805E-003
  -1.8198984205240742E-003
  -1.9398257485485214E-003
  -1.3728277705762734E-003
  -1.6022175302191351E-003
   3.7236058394289409E-002
  -0.2913824786511638     
  -0.2726641537272375     
  -0.2149885215007559     
  -0.1683440851089195     
  -0.1308955362157000     
  -0.1013321307574464     
  -7.8449092419442312E-002
  -6.0922013700033882E-002
  -4.7549706245393876E-002
  -3.7345950389633495E-002
  -2.9539247047271025E-002
  -2.3540850776622390E-002
  -1.8907020281783836E-002
  -1.5305101653888780E-002
  -1.2486032941768763E-002
  -1.0263114378190951E-002
  -8.4960189047539533E-003
  -7.0788996211597977E-003
  -5.9315935230484680E-003
  -4.9931241312182505E-003
  -4.2168957443219964E-003
  -3.5671278257925158E-003
  -3.0161980017228448E-003
  -2.5426519590794972E-003
  -2.1297040737375188E-003
  -1.7641002822693830E-003
  -1.4352489330770296E-003
  -1.1345497376747434E-003
  -8.5486808836751074E-004
  -5.9011354734151745E-004
  -3.3488781878229351E-004
  -8.4170006607064765E-005
   1.6712342850976050E-004
   1.6712342850976050E-004
    0.000000000000000     
   4.2636278387875905E-002
   5.0054519175375831E-002
   5.3945912974738573E-002
   6.0420310306820456E-002
   6.9600896949026048E-002
   8.1871241752255255E-002
   9.7825027593264627E-002
   0.1181887193370216     
   0.1437879133077640     
   0.1754902455876938     
   0.2141656920323253     
   0.2606719225148698     
   0.3178845724294282     
   0.3604765668757405     
   0.1002747712955749     
   1.4033556144406486E-002
   1.3549002495124793E-002
  -1.1577505988769689E-002
  -1.3068967030312588E-002
  -3.7432158445315092E-003
   6.1423937626139654E-004
   5.8871457011431508E-004
  -8.9693840361069381E-004
  -2.1829339852243610E-003
  -1.8795743891852124E-003
  -8.7593858463672469E-003
   3.6559792780394250E-002
  -0.3080686877749722     
  -0.3093343784591229     
  -0.2581029298745581     
  -0.2119857220034179     
  -0.1716442916283266     
  -0.1373085247626429     
  -0.1090250299169140     
  -8.6268550449982231E-002
  -6.8238367794244123E-002
  -5.4084004622874278E-002
  -4.3024337051950037E-002
  -3.4395037134838526E-002
  -2.7655711222227777E-002
  -2.2378303639811116E-002
  -1.8229065995135910E-002
  -1.4950136665167495E-002
  -1.2343234903257097E-002
  -1.0256190610328127E-002
  -8.5722295495770928E-003
  -7.2016332005523809E-003
  -6.0753267489613563E-003
  -5.1399816785072305E-003
  -4.3542854880934175E-003
  -3.6861009293586750E-003
  -3.1102989719997217E-003
  -2.6071008065461907E-003
  -2.1608036516805079E-003
  -1.7587956567878108E-003
  -1.3907876750501214E-003
  -1.0482060729775004E-003
  -7.2370208256313916E-004
  -4.1073998148095150E-004
  -1.0323115617728587E-004
   2.0497002051946903E-004
   2.0497002051946903E-004
    0.000000000000000     
   4.8604127015797492E-002
   5.6901825346433663E-002
   6.0936281318191378E-002
   6.7620052661557295E-002
   7.6970228174433622E-002
   8.9230503088088067E-002
   0.1047952571710181     
   0.1240984950377083     
   0.1475632478344749     
   0.1755498581927878     
   0.2083285433117350     
   0.2461370484102826     
   0.2889969714794151     
   0.3417779040008507     
   0.4330706570630454     
   0.2321722204901100     
   6.9002804495223807E-002
  -6.7591607432091957E-002
  -4.4860918379329366E-002
   1.9803402850850096E-003
   1.2028100922299700E-002
   6.0438079701941507E-003
  -4.0172708356366721E-004
  -4.1706613577196438E-003
  -3.8974384952901939E-003
  -2.6131255534288522E-002
  -0.3702036215555570     
  -0.3491126626141586     
  -0.2867322951685461     
  -0.2408452344824451     
  -0.2021849407803319     
  -0.1678639930641297     
  -0.1378417127922447     
  -0.1122101301610991     
  -9.0811462470428206E-002
  -7.3264475934460685E-002
  -5.9063948270938922E-002
  -4.7673083715953059E-002
  -3.8584411630267511E-002
  -3.1350582345986033E-002
  -2.5594334297039230E-002
  -2.1006550335248824E-002
  -1.7338688098673886E-002
  -1.4393350613413288E-002
  -1.2014979072556138E-002
  -1.0081557613861267E-002
  -8.4976168712594825E-003
  -7.1885222350745155E-003
  -6.0959030495745170E-003
  -5.1740391356522534E-003
  -4.3870244038456399E-003
  -3.7065484532862328E-003
  -3.1101633765579484E-003
  -2.5799281703896277E-003
  -2.1013448090729005E-003
  -1.6625177333851790E-003
  -1.2534820381386563E-003
  -8.6565550421719047E-004
  -4.9137597610514111E-004
  -1.2349218812109398E-004
   2.4519879363303409E-004
   2.4519879363303409E-004
    0.000000000000000     
   5.3890103477072661E-002
   6.2874681999523271E-002
   6.6821305375825951E-002
   7.3337210045656825E-002
   8.2307909704191398E-002
   9.3803819297877900E-002
   0.1079874648576045     
   0.1249797403118608     
   0.1447971405384811     
   0.1672835491468417     
   0.1920298429148475     
   0.2182568029248403     
   0.2445616876343769     
   0.2682913343984085     
   0.2900527553698570     
   0.2488283326987032     
   0.2382101259443929     
   0.3651445498631632     
   0.2334282884088748     
   7.9787290023660584E-002
   1.7346121247608835E-002
  -9.6590280537920663E-003
  -3.9265514214483759E-002
  -9.0747217784800008E-002
  -0.3964448813785064     
  -0.3293083038577932     
  -0.2957370064436038     
  -0.2711000692850511     
  -0.2423317761164833     
  -0.2126455822444354     
  -0.1840241154475967     
  -0.1571873093220348     
  -0.1326517393113598     
  -0.1108009611480811     
  -9.1813443247553334E-002
  -7.5658193685234312E-002
  -6.2143528723692373E-002
  -5.0982064628342760E-002
  -4.1847991954561355E-002
  -3.4417551833519890E-002
  -2.8392877576020825E-002
  -2.3513121341540676E-002
  -1.9557285160584314E-002
  -1.6342327967925306E-002
  -1.3719000338768213E-002
  -1.1566909226267564E-002
  -9.7896417333707218E-003
  -8.3103482949525107E-003
  -7.0679346533234922E-003
  -6.0138768392471072E-003
  -5.1096082139885160E-003
  -4.3244021628088200E-003
  -3.6336692212096530E-003
  -3.0175929084116731E-003
  -2.4600373182313692E-003
  -1.9476692590694403E-003
  -1.4692463375241931E-003
  -1.0150292928520529E-003
  -5.7628181367481762E-004
  -1.4482834099079146E-004
   2.8756203571249659E-004
   2.8756203571249659E-004
    0.000000000000000     
   5.8208561952956352E-002
   6.7645522747209558E-002
   7.1269949123090412E-002
   7.7247571061627149E-002
   8.5328596415483307E-002
   9.5410054745434431E-002
   0.1074384846348194     
   0.1212693970597280     
   0.1366101939184544     
   0.1529634042822866     
   0.1695642137320675     
   0.1853059067721699     
   0.1986472982706019     
   0.2074951477280410     
   0.2092576485146769     
   0.2015873569930748     
   0.1948826713938731     
   0.1956164913908744     
   0.1409439218667868     
   7.7532924842897297E-002
   2.7893520870511550E-002
  -1.4387071184174172E-002
  -5.8938756160642237E-002
  -0.1149540479101956     
  -0.1820129989295846     
  -0.2049747718798206     
  -0.2106796204273644     
  -0.2059087092293591     
  -0.1940072269910754     
  -0.1779246946413256     
  -0.1597745751523710     
  -0.1409811837165861     
  -0.1225480657281321     
  -0.1051868494435355     
  -8.9362240671250454E-002
  -7.5321102243519969E-002
  -6.3131389537212035E-002
  -5.2730126219071638E-002
  -4.3971331458130015E-002
  -3.6666412861950756E-002
  -3.0613845461949642E-002
  -2.5618407736338417E-002
  -2.1501994289688520E-002
  -1.8108447528282792E-002
  -1.5304565431924957E-002
  -1.2978913774315886E-002
  -1.1039550225814246E-002
  -9.4113525471841222E-003
  -8.0333486975371956E-003
  -6.8562541849104602E-003
  -5.8403042021142135E-003
  -4.9534005746266182E-003
  -4.1695577829887068E-003
  -3.4676154211249191E-003
  -2.8301784914468871E-003
  -2.2427461414764732E-003
  -1.6929914738746182E-003
  -1.1701576349473324E-003
  -6.6453776333951831E-004
  -1.6701294175430891E-004
   3.3160969945791397E-004
   3.3160969945791397E-004
    0.000000000000000     
   6.1324829551739700E-002
   7.0960249159125563E-002
   7.4060586015936250E-002
   7.9194591289529728E-002
   8.5997726641542885E-002
   9.4227335627908818E-002
   0.1036733262623423     
   0.1140269580198078     
   0.1248473203360260     
   0.1355408639805659     
   0.1453541631086698     
   0.1533870191791258     
   0.1586379612087288     
   0.1601059324242414     
   0.1569642484566347     
   0.1490660301162403     
   0.1369359856049791     
   0.1191767254024681     
   9.1953283460343080E-002
   5.9248989900726537E-002
   2.5373098189131398E-002
  -8.5107162301831917E-003
  -4.2834293541648513E-002
  -7.7663513983262905E-002
  -0.1102701184789058     
  -0.1328377447382702     
  -0.1457939459855369     
  -0.1506700278096106     
  -0.1491146027821013     
  -0.1427897700799688     
  -0.1331974499682392     
  -0.1216002565725926     
  -0.1090227042349468     
  -9.6270089892860733E-002
  -8.3943641699613408E-002
  -7.2455810899983389E-002
  -6.2052422199415043E-002
  -5.2842750067906577E-002
  -4.4833734531336510E-002
  -3.7963216715270379E-002
  -3.2128330604234610E-002
  -2.7207279942458473E-002
  -2.3074481987714592E-002
  -1.9610075571374706E-002
  -1.6705152307068628E-002
  -1.4264020051065302E-002
  -1.2204569967601980E-002
  -1.0457537990576493E-002
  -8.9652010201010275E-003
  -7.6798531153554955E-003
  -6.5622675047202206E-003
  -5.5802566084927679E-003
  -4.7073825732031919E-003
  -3.9218345032749156E-003
  -3.2054676086231536E-003
  -2.5429881303507635E-003
  -1.9212620878561195E-003
  -1.3287233539954818E-003
  -7.5485545764787416E-004
  -1.8972623823647192E-004
   3.7670693844355142E-004
   3.7670693844355142E-004
    0.000000000000000     
   6.3103144038860345E-002
   7.2691809907739255E-002
   7.5130705656198921E-002
   7.9227759608303971E-002
   8.4542720046661635E-002
   9.0748508245919984E-002
   9.7557213142295277E-002
   0.1046057831175746     
   0.1114477842643470     
   0.1175627157230877     
   0.1223801266281704     
   0.1253194076554857     
   0.1258431193655700     
   0.1235177359211259     
   0.1180678331541033     
   0.1093983356613532     
   9.7506137668303419E-002
   8.2254751866677231E-002
   6.3651115797900323E-002
   4.2474692854425233E-002
   1.9777098363202263E-002
  -3.6405692928507629E-003
  -2.7168311563807272E-002
  -5.0038761166144904E-002
  -7.0952914205907699E-002
  -8.8133861463144628E-002
  -0.1007115425004170     
  -0.1085177047433142     
  -0.1118466494789428     
  -0.1112879938427293     
  -0.1075849517346170     
  -0.1015248940516475     
  -9.3865291944491627E-002
  -8.5286321308932073E-002
  -7.6361526045947342E-002
  -6.7542627726030730E-002
  -5.9157245741542859E-002
  -5.1417952870288532E-002
  -4.4439553860187400E-002
  -3.8260522909477866E-002
  -3.2864776248786920E-002
  -2.8201051157154843E-002
  -2.4198489738862489E-002
  -2.0778126021535767E-002
  -1.7860671369461793E-002
  -1.5371313277320104E-002
  -1.3242300514791892E-002
  -1.1414002101219111E-002
  -9.8349864505459204E-003
  -8.4615221190839952E-003
  -7.2567772120830168E-003
  -6.1898979464231766E-003
  -5.2350767396680837E-003
  -4.3706717214823682E-003
  -3.5784073200819315E-003
  -2.8426648922514346E-003
  -2.1498594180032514E-003
  -1.4878903366840448E-003
  -8.4564970529595811E-004
  -2.1257315511243841E-004
   4.2206935990937104E-004
   4.2206935990937104E-004
    0.000000000000000     
   6.3535711478936663E-002
   7.2867385921619343E-002
   7.4589309479585184E-002
   7.7587501676656082E-002
   8.1391642320304908E-002
   8.5648413491786271E-002
   9.0062888950937600E-002
   9.4299479150334958E-002
   9.7989162819457062E-002
   0.1007504672445996     
   0.1022173015286977     
   0.1020700418106391     
   0.1000640258440519     
   9.6048875889715793E-002
   8.9973006108058654E-002
   8.1870473421930531E-002
   7.1834643729682096E-002
   5.9998571233004831E-002
   4.6566415435812337E-002
   3.1857616188479779E-002
   1.6256470209394837E-002
   1.6776131393631360E-004
  -1.5979536438887578E-002
  -3.1682969867549378E-002
  -4.6324466808247776E-002
  -5.9217527657779226E-002
  -6.9794237484700997E-002
  -7.7690506400618073E-002
  -8.2768003373550156E-002
  -8.5100619432381716E-002
  -8.4936968944870142E-002
  -8.2649966052535356E-002
  -7.8683563391410111E-002
  -7.3503494044111800E-002
  -6.7556003570632767E-002
  -6.1236903913587944E-002
  -5.4872119629290513E-002
  -4.8709570840340527E-002
  -4.2920790749777379E-002
  -3.7609575610232447E-002
  -3.2824572611751528E-002
  -2.8573028831110653E-002
  -2.4833680689023412E-002
  -2.1567625885974218E-002
  -1.8726750452675994E-002
  -1.6259781613153734E-002
  -1.4116306904080578E-002
  -1.2249197320407188E-002
  -1.0615862874420030E-002
  -9.1787066926073135E-003
  -7.9050644859256294E-003
  -6.7668399026215419E-003
  -5.7399817915571661E-003
  -4.8038990578005382E-003
  -3.9408715531215055E-003
  -3.1354889658339780E-003
  -2.3741314229322784E-003
  -1.6444931655240740E-003
  -9.3514224370606230E-004
  -2.3510913223291884E-004
   4.6681432413741929E-004
   4.6681432413741929E-004
    0.000000000000000     
   6.2743996127108057E-002
   7.1661217898427707E-002
   7.2690000207399394E-002
   7.4646668022556692E-002
   7.7071032209239651E-002
   7.9629456758037662E-002
   8.2066850265954949E-002
   8.4117293176785804E-002
   8.5516056283087491E-002
   8.6019420777049993E-002
   8.5424257072647947E-002
   8.3584071697384174E-002
   8.0418098651284561E-002
   7.5911450156580101E-002
   7.0106659504487190E-002
   6.3089444019482785E-002
   5.4973522086179151E-002
   4.5890085413844595E-002
   3.5985233981496501E-002
   2.5421297370138329E-002
   1.4376108064664044E-002
   3.0508375297898841E-003
  -8.3252653492272496E-003
  -1.9484263082294184E-002
  -3.0113284543526738E-002
  -3.9867965530877084E-002
  -4.8410194255728289E-002
  -5.5449640284420045E-002
  -6.0778751732581154E-002
  -6.4295823303602090E-002
  -6.6013067304722187E-002
  -6.6049541963742256E-002
  -6.4611622193112478E-002
  -6.1965458802818479E-002
  -5.8406421168032609E-002
  -5.4230135898383262E-002
  -4.9708707050115396E-002
  -4.5074262615372590E-002
  -4.0510392203848819E-002
  -3.6150655631501757E-002
  -3.2082430474417653E-002
  -2.8354034035070998E-002
  -2.4983215628893846E-002
  -2.1965569861338533E-002
  -1.9281963091619864E-002
  -1.6904546126371042E-002
  -1.4801276910067730E-002
  -1.2939089495196485E-002
  -1.1285945472396770E-002
  -9.8120273126153165E-003
  -8.4903124199723137E-003
  -7.2967261739764920E-003
  -6.2100269945587405E-003
  -5.2115346266372650E-003
  -4.2847778603021820E-003
  -3.4151104804923341E-003
  -2.5893236830999452E-003
  -1.7952682465385333E-003
  -1.0214889370465800E-003
  -2.5687183735513655E-004
   5.1002390680244809E-004
   5.1002390680244809E-004
    0.000000000000000     
   6.0953380647901255E-002
   6.9357907362084747E-002
   6.9777743926168020E-002
   7.0834485227650110E-002
   7.2105471388567849E-002
   7.3303967890129162E-002
   7.4235777959564875E-002
   7.4714704149502389E-002
   7.4572905386123489E-002
   7.3674688446698874E-002
   7.1926624051548108E-002
   6.9282518867928022E-002
   6.5742336596637280E-002
   6.1345514052732607E-002
   5.6160435105649213E-002
   5.0272632754749254E-002
   4.3774233912656856E-002
   3.6756744131296877E-002
   2.9307994387655977E-002
   2.1512694203391573E-002
   1.3457074280383518E-002
   5.2394975759658194E-003
  -3.0251721794733654E-003
  -1.1199763915025760E-002
  -1.9120561760522535E-002
  -2.6599243728779871E-002
  -3.3432958550267199E-002
  -3.9421142088839040E-002
  -4.4386006993372709E-002
  -4.8193142994616051E-002
  -5.0767914816256601E-002
  -5.2104477344635684E-002
  -5.2265745491366471E-002
  -5.1374628863427169E-002
  -4.9598559515196226E-002
  -4.7130402720687199E-002
  -4.4169091634009609E-002
  -4.0902838528390134E-002
  -3.7496787569792613E-002
  -3.4085811413951256E-002
  -3.0772125954580336E-002
  -2.7626709281297228E-002
  -2.4693222122156473E-002
  -2.1993173616102816E-002
  -1.9531329891120316E-002
  -1.7300692545026270E-002
  -1.5286683996649541E-002
  -1.3470416766972044E-002
  -1.1831081529281022E-002
  -1.0347574277742843E-002
  -8.9995153735956453E-003
  -7.7678120709849972E-003
  -6.6348971193913265E-003
  -5.5847500365504921E-003
  -4.6027811865619155E-003
  -3.6756352354882006E-003
  -2.7909511616160125E-003
  -1.9371008276841374E-003
  -1.1029165040467356E-003
  -2.7741527436625659E-004
   5.5081261729294291E-004
   5.5081261729294291E-004
    0.000000000000000     
   5.8451295608489558E-002
   6.6300465250571233E-002
   6.6228988916074996E-002
   6.6568856949093591E-002
   6.6948115179684117E-002
   6.7136817222412992E-002
   6.7003537664467885E-002
   6.6433150786324308E-002
   6.5333286182918768E-002
   6.3642080907857265E-002
   6.1331566043589199E-002
   5.8406694124661658E-002
   5.4900425886729609E-002
   5.0866027362736772E-002
   4.6368201906244279E-002
   4.1474737735047285E-002
   3.6250036445793450E-002
   3.0751190812598680E-002
   2.5026969581713850E-002
   1.9119384139535647E-002
   1.3068176824171347E-002
   6.9192560506786344E-003
   7.2794811222968330E-004
  -5.4366911264561594E-003
  -1.1487858872672478E-002
  -1.7319593288422978E-002
  -2.2809199604100994E-002
  -2.7823737944452431E-002
  -3.2230566697411825E-002
  -3.5910245796851502E-002
  -3.8769900382424338E-002
  -4.0754515843081533E-002
  -4.1853858147498417E-002
  -4.2103708279375783E-002
  -4.1581268168201277E-002
  -4.0395799806610247E-002
  -3.8676405693190939E-002
  -3.6559163084214939E-002
  -3.4175590736799322E-002
  -3.1643810900569509E-002
  -2.9063004091946891E-002
  -2.6511059679699835E-002
  -2.4044843701848714E-002
  -2.1702279959370924E-002
  -1.9505434665640344E-002
  -1.7463931155260546E-002
  -1.5578218118620660E-002
  -1.3842410731459748E-002
  -1.2246583744706586E-002
  -1.0778506953832635E-002
  -9.4248793111626136E-003
  -8.1721482320930121E-003
  -7.0070068852109138E-003
  -5.9166544745148557E-003
  -4.8888901425251834E-003
  -3.9120949666442391E-003
  -2.9751413089471562E-003
  -2.0672557531179097E-003
  -1.1778512194783287E-003
  -2.9634194587869881E-004
   5.8839125418141936E-004
   5.8839125418141936E-004
    0.000000000000000     
   5.5542452114033677E-002
   6.2839291563326308E-002
   6.2401754327245131E-002
   6.2211754328069940E-002
   6.1949751523551547E-002
   6.1440443551356839E-002
   6.0606459580455276E-002
   5.9387845429608295E-002
   5.7744803922415544E-002
   5.5661154008007897E-002
   5.3144040597673137E-002
   5.0220661613334168E-002
   4.6932863632797139E-002
   4.3330704718709097E-002
   3.9466140976320917E-002
   3.5387762187457379E-002
   3.1137223702406278E-002
   2.6747599390307408E-002
   2.2243619172775266E-002
   1.7643496065096336E-002
   1.2962600581839189E-002
   8.2198084359711571E-003
   3.4397184509489497E-003
  -1.3441635627591000E-003
  -6.0860637734038887E-003
  -1.0725846910494078E-002
  -1.5188852241204680E-002
  -1.9388230092790427E-002
  -2.3229866058124701E-002
  -2.6619737605501761E-002
  -2.9472838913106765E-002
  -3.1722247667162362E-002
  -3.3326811875393346E-002
  -3.4276024077579494E-002
  -3.4591135544683224E-002
  -3.4322394255798652E-002
  -3.3543050767311712E-002
  -3.2341342819282914E-002
  -3.0811896881200951E-002
  -2.9047857936454993E-002
  -2.7134676745225263E-002
  -2.5145996858226560E-002
  -2.3141633498493967E-002
  -2.1167315399310539E-002
  -1.9255698959583647E-002
  -1.7428141977498497E-002
  -1.5696795935136544E-002
  -1.4066691822342372E-002
  -1.2537615759130878E-002
  -1.1105673594974521E-002
  -9.7645186084538201E-003
  -8.5062634195927980E-003
  -7.3221213416801816E-003
  -6.2028303147287486E-003
  -5.1389104827811770E-003
  -4.1207992267339446E-003
  -3.1388983271926916E-003
  -2.1835588690031459E-003
  -1.2450213876582749E-003
  -3.1332857012549459E-004
   6.2211796345269051E-004
   6.2211796345269051E-004
    0.000000000000000     
   5.2512388131523903E-002
   5.9293631708466521E-002
   5.8603991594546392E-002
   5.8049765374651084E-002
   5.7358370028590192E-002
   5.6400702076236424E-002
   5.5140983626639009E-002
   5.3558260416712890E-002
   5.1646476904079738E-002
   4.9415449811256576E-002
   4.6889055911598400E-002
   4.4101654366017304E-002
   4.1093553322830996E-002
   3.7906350550169901E-002
   3.4578855643115178E-002
   3.1144076448400237E-002
   2.7627506276063193E-002
   2.4046726819040892E-002
   2.0412197476306460E-002
   1.6728979129971362E-002
   1.2999634904326270E-002
   9.2290266219866354E-003
   5.4257643642424153E-003
   1.6045010946080416E-003
  -2.2114278844130222E-003
  -5.9880331091237606E-003
  -9.6797364942530894E-003
  -1.3229859489039344E-002
  -1.6572809394819317E-002
  -1.9638027540129471E-002
  -2.2355423324776233E-002
  -2.4661733132356221E-002
  -2.6506866906839319E-002
  -2.7859182197374162E-002
  -2.8708799384166553E-002
  -2.9068387870344822E-002
  -2.8971350109076609E-002
  -2.8467834601114995E-002
  -2.7619371540945188E-002
  -2.6493064747712708E-002
  -2.5156193699549381E-002
  -2.3671840685300066E-002
  -2.2095851878141958E-002
  -2.0475155937380429E-002
  -1.8847256384527302E-002
  -1.7240603834991333E-002
  -1.5675530494560112E-002
  -1.4165465408348333E-002
  -1.2718215211349092E-002
  -1.1337167652292240E-002
  -1.0022338882467223E-002
  -8.7712336544003792E-003
  -7.5795193366229932E-003
  -6.4415325028602212E-003
  -5.3506445027659598E-003
  -4.2995134934714274E-003
  -3.2802478326465451E-003
  -2.2845015725224296E-003
  -1.3035182477125660E-003
  -3.2814154300248288E-004
   6.5152893684092435E-004
   6.5152893684092435E-004
    0.000000000000000     
   4.9604878200982624E-002
   5.5929925824643706E-002
   5.5080515766707173E-002
   5.4293975917403800E-002
   5.3335969381898961E-002
   5.2113164580585881E-002
   5.0619272173506591E-002
   4.8859002818715622E-002
   4.6846542374696133E-002
   4.4605330311681811E-002
   4.2165922940171699E-002
   3.9562930583320048E-002
   3.6831672217360119E-002
   3.4005087838003351E-002
   3.1111305471817459E-002
   2.8172082268391414E-002
   2.5202174992750803E-002
   2.2209574335341542E-002
   1.9196472195360810E-002
   1.6160770560458643E-002
   1.3098370944521936E-002
   1.0006879278097425E-002
   6.8865296422577476E-003
   3.7418388407619513E-003
   5.8363706740233406E-004
  -2.5692585880632279E-003
  -5.6889635506981737E-003
  -8.7382695684706680E-003
  -1.1671454487077546E-002
  -1.4436288983112340E-002
  -1.6977253824455567E-002
  -1.9239689710284148E-002
  -2.1174464934959572E-002
  -2.2742500663490199E-002
  -2.3918470637592643E-002
  -2.4693081979704604E-002
  -2.5073599368425990E-002
  -2.5082599827701769E-002
  -2.4755257959243937E-002
  -2.4135684227985826E-002
  -2.3272925570006587E-002
  -2.2217185643993279E-002
  -2.1016670865083933E-002
  -1.9715278417689441E-002
  -1.8351164159953932E-002
  -1.6956096054255954E-002
  -1.5555424330729295E-002
  -1.4168477339009257E-002
  -1.2809206859542477E-002
  -1.1486941513593538E-002
  -1.0207147765002030E-002
  -8.9721356568072588E-003
  -7.7816763649094008E-003
  -6.6335198194596668E-003
  -5.5238139984220141E-003
  -4.4474348419707840E-003
  -3.3982389739500760E-003
  -2.3692521710205398E-003
  -1.3528059162038458E-003
  -3.4063978481296456E-004
   6.7634406387768813E-004
   6.7634406387768813E-004
    0.000000000000000     
   4.7013235630326562E-002
   5.2955563894640484E-002
   5.2014071569155135E-002
   5.1091112220846377E-002
   4.9981298339663346E-002
   4.8617176664801795E-002
   4.7012016694165756E-002
   4.5186423794758686E-002
   4.3165987811617443E-002
   4.0980611950793812E-002
   3.8662574617549010E-002
   3.6244182726922376E-002
   3.3755476061736921E-002
   3.1222309776648006E-002
   2.8665019119524775E-002
   2.6097746219092700E-002
   2.3528409181848398E-002
   2.0959230992622743E-002
   1.8387720960791804E-002
   1.5807969294691242E-002
   1.3212488926402043E-002
   1.0595171771385229E-002
   7.9518689351044357E-003
   5.2816075926151876E-003
   2.5881729800759147E-003
  -1.1851183967010484E-004
  -2.8213561345167911E-003
  -5.4955713988062834E-003
  -8.1088116311247571E-003
  -1.0622129290667614E-002
  -1.2991809735106261E-002
  -1.5172034208419231E-002
  -1.7118159608548789E-002
  -1.8790254657357622E-002
  -2.0156451562775478E-002
  -2.1195626639191622E-002
  -2.1899034233487980E-002
  -2.2270684062189409E-002
  -2.2326469474594181E-002
  -2.2092258741973826E-002
  -2.1601303331819390E-002
  -2.0891366338415322E-002
  -2.0001943910850792E-002
  -1.8971860627427842E-002
  -1.7837401184819687E-002
  -1.6631028226917158E-002
  -1.5380649131650263E-002
  -1.4109340974183721E-002
  -1.2835420499357203E-002
  -1.1572746973810456E-002
  -1.0331160981620449E-002
  -9.1169835370319263E-003
  -7.9335216722752622E-003
  -6.7815457240611556E-003
  -5.6597186119063973E-003
  -4.5649684301741376E-003
  -3.4928032600697288E-003
  -2.4375720805251979E-003
  -1.3926787609860214E-003
  -3.5076452202601616E-004
   6.9644664484866728E-004
   6.9644664484866728E-004
    0.000000000000000     
   4.4882266230431796E-002
   5.0523358603271458E-002
   4.9534731105509919E-002
   4.8539153401304734E-002
   4.7351702795194156E-002
   4.5922524592351077E-002
   4.4277078828273406E-002
   4.2445250464572176E-002
   4.0458641904271134E-002
   3.8349811664385419E-002
   3.6150676103179062E-002
   3.3890796651143258E-002
   3.1595865356337509E-002
   2.9286576117543706E-002
   2.6977975448940428E-002
   2.4679304350241488E-002
   2.2394284737080716E-002
   2.0121773360953443E-002
   1.7856700733619391E-002
   1.5591192853575023E-002
   1.3316103210928345E-002
   1.1023470178173435E-002
   8.7068811094187896E-003
   6.3624025245454224E-003
   3.9898539969890918E-003
   1.5939579031079441E-003
  -8.1472756982526717E-004
  -3.2191956705585737E-003
  -5.5958170826401745E-003
  -7.9147296799743829E-003
  -1.0140875770290724E-002
  -1.2235707447344099E-002
  -1.4159483411286748E-002
  -1.5873976410632009E-002
  -1.7345294716689656E-002
  -1.8546491936045024E-002
  -1.9459616976504376E-002
  -2.0076944133636671E-002
  -2.0401246711643218E-002
  -2.0445130328253031E-002
  -2.0229578500321654E-002
  -1.9781960429296242E-002
  -1.9133789766679135E-002
  -1.8318504091265467E-002
  -1.7369478183672377E-002
  -1.6318407267962871E-002
  -1.5194119054147479E-002
  -1.4021809862739031E-002
  -1.2822656347121654E-002
  -1.1613730649235918E-002
  -1.0408139751858416E-002
  -9.2153143061656801E-003
  -8.0413833915432519E-003
  -6.8895855645599632E-003
  -5.7606804930639939E-003
  -4.6533379208801894E-003
  -3.5644910231923187E-003
  -2.4896493362547146E-003
  -1.4231725705845619E-003
  -3.5851753287160013E-004
   7.1184019996519690E-004
   7.1184019996519690E-004
    0.000000000000000     
   4.3315799690287392E-002
   4.8742012197938070E-002
   4.7732809530711538E-002
   4.6703082558157097E-002
   4.5481170632561727E-002
   4.4028278300014489E-002
   4.2376906940782930E-002
   4.0561980388441131E-002
   3.8618023129585115E-002
   3.6578439726993719E-002
   3.4474216798500150E-002
   3.2332665023815814E-002
   3.0176415991551096E-002
   2.8022778284619441E-002
   2.5883487937509716E-002
   2.3764833680378537E-002
   2.1668103324469321E-002
   1.9590283910767274E-002
   1.7524951535248207E-002
   1.5463272325335101E-002
   1.3395335631324182E-002
   1.1312297844588188E-002
   9.2066181172265147E-003
   7.0728122423739043E-003
   4.9085306018602825E-003
   2.7155521681565620E-003
   5.0063015057748880E-004
  -1.7238809398954088E-003
  -3.9397112640676994E-003
  -6.1227719329862958E-003
  -8.2437496544244520E-003
  -1.0269247386300535E-002
  -1.2163459573014597E-002
  -1.3890289060500900E-002
  -1.5415731516437263E-002
  -1.6710276099318012E-002
  -1.7751053185739749E-002
  -1.8523461740326527E-002
  -1.9022083910308019E-002
  -1.9250794939810172E-002
  -1.9222094206071367E-002
  -1.8955789847032264E-002
  -1.8477240952653465E-002
  -1.7815392007806914E-002
  -1.7000821931693812E-002
  -1.6063985659735575E-002
  -1.5033767028930695E-002
  -1.3936399480682817E-002
  -1.2794757909800527E-002
  -1.1627986191523870E-002
  -1.0451401909824682E-002
  -9.2766107914153025E-003
  -8.1117648652367924E-003
  -6.9619066002476592E-003
  -5.8293528731630361E-003
  -4.7140850792792479E-003
  -3.6141234281265242E-003
  -2.5258736377820222E-003
  -1.4444424694661233E-003
  -3.6393100144526563E-004
   7.2258861815169577E-004
   7.2258861815169577E-004
    0.000000000000000     
   4.2386676480336484E-002
   4.7687781733322165E-002
   4.6671522310046398E-002
   4.5628400135802369E-002
   4.4394004830945306E-002
   4.2935446408594369E-002
   4.1288710432870968E-002
   3.9491086917367739E-002
   3.7578332798098614E-002
   3.5584004702283185E-002
   3.3538347688544447E-002
   3.1467295238015253E-002
   2.9391741959686694E-002
   2.7327151519319963E-002
   2.5283507533068982E-002
   2.3265575182123566E-002
   2.1273419167395842E-002
   1.9303117606821921E-002
   1.7347618276241195E-002
   1.5397671272406301E-002
   1.3443054835604708E-002
   1.1474551001196596E-002
   9.4841156766850929E-003
   7.4655400305003346E-003
   5.4154232123279876E-003
   3.3340796031968568E-003
   1.2263298701971374E-003
  -8.9788017897548850E-004
  -3.0230977485383743E-003
  -5.1283368525184862E-003
  -7.1874503997384070E-003
  -9.1699839841203976E-003
  -1.1042522542279866E-002
  -1.2770480107356114E-002
  -1.4320209946285412E-002
  -1.5661242155502245E-002
  -1.6768424919550766E-002
  -1.7623706035518244E-002
  -1.8217354307828827E-002
  -1.8548474029243894E-002
  -1.8624772928869937E-002
  -1.8461648097909678E-002
  -1.8080740097777367E-002
  -1.7508157926538041E-002
  -1.6772593603305287E-002
  -1.5903519995123148E-002
  -1.4929620916277636E-002
  -1.3877544280091386E-002
  -1.2771013312349271E-002
  -1.1630284491188208E-002
  -1.0471908871924748E-002
  -9.3087361663431404E-003
  -8.1500961166179522E-003
  -7.0020958764356305E-003
  -5.8679817158231451E-003
  -4.7485253995678050E-003
  -3.6424079087930147E-003
  -2.5465844970480721E-003
  -1.4566246175814748E-003
  -3.6703301447392153E-004
   7.2874765480434472E-004
   7.2874765480434472E-004
    0.000000000000000     
   4.2145171156985052E-002
   4.7415169467175951E-002
   4.6397520364071250E-002
   4.5351477853487393E-002
   4.4114640875173326E-002
   4.2655505346196998E-002
   4.1010842552836546E-002
   3.9218476742972852E-002
   3.7314428578548817E-002
   3.5332258209984702E-002
   3.3302001310506493E-002
   3.1249233671269725E-002
   2.9194411818155953E-002
   2.7152541924269479E-002
   2.5133178392095241E-002
   2.3140717176301236E-002
   2.1174929642289422E-002
   1.9231678512956658E-002
   1.7303764972565382E-002
   1.5381844196528115E-002
   1.3455625144957998E-002
   1.1515804536796542E-002
   9.5542217401220972E-003
   7.5644980422197496E-003
   5.5429839590801075E-003
   3.4896461442290878E-003
   1.4088475348804752E-003
  -6.9003286612365081E-004
  -2.7923151770035157E-003
  -4.8777690395544323E-003
  -6.9210173645783803E-003
  -8.8923376971636152E-003
  -1.0758923257101597E-002
  -1.2486582749619630E-002
  -1.4041823210256505E-002
  -1.5394005640664106E-002
  -1.6517428430041132E-002
  -1.7393203548680545E-002
  -1.8010543167635198E-002
  -1.8367366880314106E-002
  -1.8470176356598957E-002
  -1.8333242905193021E-002
  -1.7977247039437285E-002
  -1.7427550513906979E-002
  -1.6712332860014330E-002
  -1.5860786614206136E-002
  -1.4901518104443918E-002
  -1.3861259347573176E-002
  -1.2763933936621466E-002
  -1.1630071633881814E-002
  -1.0476532427112759E-002
  -9.3164814634475127E-003
  -8.1595497765494726E-003
  -7.0121187787790060E-003
  -5.8776755100029901E-003
  -4.7571975070589880E-003
  -3.6495386244180502E-003
  -2.5517989138247039E-003
  -1.4596725684960529E-003
  -3.6778781174602739E-004
   7.3024630574627459E-004
   7.3024630574627459E-004
    0.000000000000000     
   4.2628181803687916E-002
   4.7960393999468380E-002
   4.6945524256021547E-002
   4.5905322418117345E-002
   4.4673368786717287E-002
   4.3215387470991740E-002
   4.1566578312905389E-002
   3.9763697091762626E-002
   3.7842237017648411E-002
   3.5835751194581669E-002
   3.3774694066582400E-002
   3.1685356804760784E-002
   2.9589072101217435E-002
   2.7501761114370447E-002
   2.5433836674042722E-002
   2.3390433187945897E-002
   2.1371908692502262E-002
   1.9374556700687183E-002
   1.7391471579917009E-002
   1.5413498348284486E-002
   1.3430484526251419E-002
   1.1433297465596650E-002
   9.4140096132480887E-003
   7.3665820187809195E-003
   5.2878624655758677E-003
   3.1785130621646259E-003
   1.0438122055137996E-003
  -1.1057274918273262E-003
  -3.2538803200732329E-003
  -5.3789046654825401E-003
  -7.4538834348984338E-003
  -9.4476302710771801E-003
  -1.1326121827458135E-002
  -1.3054377465092599E-002
  -1.4598596682314318E-002
  -1.5928478670340383E-002
  -1.7019421409060400E-002
  -1.7854208522355943E-002
  -1.8424165448022455E-002
  -1.8729581178173683E-002
  -1.8779369501140918E-002
  -1.8590053290626334E-002
  -1.8184233156117450E-002
  -1.7588765339169102E-002
  -1.6832854346596243E-002
  -1.5946253376040161E-002
  -1.4957723728111355E-002
  -1.3893829212609596E-002
  -1.2778092688077076E-002
  -1.1630497348494601E-002
  -1.0467285316736737E-002
  -9.3009908692387681E-003
  -8.1406424566864317E-003
  -6.9920729740922550E-003
  -5.8582879216433001E-003
  -4.7398532920766220E-003
  -3.6352771931679791E-003
  -2.5413700802714404E-003
  -1.4535766666668966E-003
  -3.6627821720181566E-004
   7.2724900386241485E-004
   7.2724900386241485E-004
    0.000000000000000     
   4.1662160510282188E-002
   4.6869944934883521E-002
   4.5849516472120953E-002
   4.4797633288857441E-002
   4.3555912963629366E-002
   4.2095623221402256E-002
   4.0455106792767703E-002
   3.8673256394183078E-002
   3.6786620139449222E-002
   3.4828765225387734E-002
   3.2829308554430586E-002
   3.0813110537778667E-002
   2.8799751535094471E-002
   2.6803322734168512E-002
   2.4832520110147759E-002
   2.2891001164656574E-002
   2.0977950592076581E-002
   1.9088800325226134E-002
   1.7216058365213754E-002
   1.5350190044771745E-002
   1.3480765763664576E-002
   1.1598311607996434E-002
   9.6944338669961057E-003
   7.7624140656585797E-003
   5.7981054525843472E-003
   3.8007792262935497E-003
   1.7738828642471507E-003
  -2.7433824041997543E-004
  -2.3307500339337984E-003
  -4.3766334136263246E-003
  -6.3881512942583268E-003
  -8.3370451232500503E-003
  -1.0191724686745059E-002
  -1.1918788034146661E-002
  -1.3485049738198692E-002
  -1.4859532610987828E-002
  -1.6015435451021864E-002
  -1.6932198575005147E-002
  -1.7596920887247940E-002
  -1.8005152582454529E-002
  -1.8160983212056996E-002
  -1.8076432519759707E-002
  -1.7770260922757120E-002
  -1.7266335688644857E-002
  -1.6591811373432418E-002
  -1.5775319852372110E-002
  -1.4845312480776481E-002
  -1.3828689482536755E-002
  -1.2749775185165856E-002
  -1.1629645919269026E-002
  -1.0485779537488780E-002
  -9.3319720576562574E-003
  -8.1784570964125135E-003
  -7.0321645834657571E-003
  -5.8970630983626801E-003
  -4.7745417220413540E-003
  -3.6638000556681212E-003
  -2.5622277473779675E-003
  -1.4657684703252092E-003
  -3.6929740629023912E-004
   7.3324360763013432E-004
   7.3324360763013432E-004
