   0.7000000000000000     
   0.7000000000000000     
   0.6996755543743113     
   0.6993226862275155     
   0.6989806470651688     
   0.6986477053524811     
   0.6983246447038437     
   0.6980136772719491     
   0.6977175140226430     
   0.6974389354072507     
   0.6971804245193626     
   0.6969438978226963     
   0.6967305607874218     
   0.6965408841388030     
   0.6963746783118604     
   0.6962312353597697     
   0.6961095069421473     
   0.6960082916322661     
   0.6959264118894605     
   0.6958628683288345     
   0.6958169648189250     
   0.6957884033632845     
   0.6957773396918338     
   0.6957843769953526     
   0.6958105401279767     
   0.6958572285407738     
   0.6959261289415900     
   0.6960190822693624     
   0.6961379033403842     
   0.6962841570801650     
   0.6964589029267888     
   0.6966623342151292     
   0.6968935646028167     
   0.6971504284086114     
   0.6974293520972698     
   0.6977253634708674     
   0.6980322653462648     
   0.6983429054452724     
   0.6986496728423202     
   0.6989450625448831     
   0.6992222095953614     
   0.6994753615784712     
   0.6997002266368287     
   0.6998941577535230     
   0.7000561651683770     
   0.7001867732605682     
   0.7002877736057987     
   0.7003619119239544     
   0.7004125561301301     
   0.7004433880756330     
   0.7004581436523480     
   0.7004604133306260     
   0.7004535047237354     
   0.7004403612589183     
   0.7004235267482062     
   0.7004051440861248     
   0.7003869766418653     
   0.7003704423301982     
   0.7003566521109436     
   0.7003464460113976     
   0.7003404187795428     
   0.7003389125551884     
   0.7003419250038971     
   0.7003359001064797     
   0.7000000000000000     
   0.7000000000000000     
   0.6996755543743113     
   0.6993226862275155     
   0.6989806470651688     
   0.6986477053524811     
   0.6983246447038437     
   0.6980136772719491     
   0.6977175140226430     
   0.6974389354072507     
   0.6971804245193626     
   0.6969438978226963     
   0.6967305607874218     
   0.6965408841388030     
   0.6963746783118604     
   0.6962312353597697     
   0.6961095069421473     
   0.6960082916322661     
   0.6959264118894605     
   0.6958628683288345     
   0.6958169648189250     
   0.6957884033632845     
   0.6957773396918338     
   0.6957843769953526     
   0.6958105401279767     
   0.6958572285407738     
   0.6959261289415900     
   0.6960190822693624     
   0.6961379033403842     
   0.6962841570801650     
   0.6964589029267888     
   0.6966623342151292     
   0.6968935646028167     
   0.6971504284086114     
   0.6974293520972698     
   0.6977253634708674     
   0.6980322653462648     
   0.6983429054452724     
   0.6986496728423202     
   0.6989450625448831     
   0.6992222095953614     
   0.6994753615784712     
   0.6997002266368287     
   0.6998941577535230     
   0.7000561651683770     
   0.7001867732605682     
   0.7002877736057987     
   0.7003619119239544     
   0.7004125561301301     
   0.7004433880756330     
   0.7004581436523480     
   0.7004604133306260     
   0.7004535047237354     
   0.7004403612589183     
   0.7004235267482062     
   0.7004051440861248     
   0.7003869766418653     
   0.7003704423301982     
   0.7003566521109436     
   0.7003464460113976     
   0.7003404187795428     
   0.7003389125551884     
   0.7003419250038971     
   0.7003359001064797     
   0.7000000000000000     
   0.7000000000000000     
   0.7001513337799358     
   0.7003170796353949     
   0.7004773541116265     
   0.7006330416053511     
   0.7007837512703428     
   0.7009283676637861     
   0.7010655219011869     
   0.7011938092435601     
   0.7013119750337439     
   0.7014190512019960     
   0.7015144294876156     
   0.7015978735534506     
   0.7016694813471286     
   0.7017296132917072     
   0.7017788022029059     
   0.7018176584919479     
   0.7018467806109543     
   0.7018666770052959     
   0.7018777028479375     
   0.7018800120813515     
   0.7018735293524194     
   0.7018579532509551     
   0.7018327694577127     
   0.7017972746653052     
   0.7017506208921034     
   0.7016918829304413     
   0.7016201497608653     
   0.7015346379491032     
   0.7014348211549657     
   0.7013206128470011     
   0.7011924744783824     
   0.7010515166083120     
   0.7008995639547270     
   0.7007391506537015     
   0.7005734321568459     
   0.7004060483669565     
   0.7002408719606640     
   0.7000817221830113     
   0.6999320940877584     
   0.6997949189931710     
   0.6996723880283121     
   0.6995658586566602     
   0.6994758482995095     
   0.6994021067830253     
   0.6993437414058226     
   0.6992993755144363     
   0.6992673166612502     
   0.6992457127637242     
   0.6992326837613301     
   0.6992264226533058     
   0.6992252651096387     
   0.6992277306549363     
   0.6992325405972031     
   0.6992386186671469     
   0.6992450801610924     
   0.6992512146626771     
   0.6992564665237981     
   0.6992604166039326     
   0.6992627692669170     
   0.6992633560941222     
   0.6992621824397118     
   0.6992645297485325     
   0.7000000000000000     
   0.7000000000000000     
   0.7006159950001178     
   0.7012915931758615     
   0.7019467904831397     
   0.7025852261565717     
   0.7032057886184483     
   0.7038041539399212     
   0.7043747404210626     
   0.7049116837116863     
   0.7054096413962855     
   0.7058643844441381     
   0.7062731270157143     
   0.7066346022071968     
   0.7069489281586663     
   0.7072173274261118     
   0.7074417650923698     
   0.7076245623979003     
   0.7077680282809421     
   0.7078741360356058     
   0.7079442597363477     
   0.7079789735395072     
   0.7079779333653035     
   0.7079398870967181     
   0.7078627277979330     
   0.7077435928496977     
   0.7075790481409880     
   0.7073653690725739     
   0.7070989226556992     
   0.7067766452218853     
   0.7063965950218748     
   0.7059585327730179     
   0.7054644730259726     
   0.7049191180109478     
   0.7043300856275907     
   0.7037078547667414     
   0.7030653821604953     
   0.7024173930058503     
   0.7017794106189407     
   0.7011666421627417     
   0.7005928697818784     
   0.7000694999192970     
   0.6996048909864168     
   0.6992040262704680     
   0.6988685370711881     
   0.6985970262739565     
   0.6983856053871521     
   0.6982285448171469     
   0.6981189429490240     
   0.6980493399634932     
   0.6980122287225837     
   0.6980004410872236     
   0.6980074091199882     
   0.6980273149730499     
   0.6980551510035800     
   0.6980867140814677     
   0.6981185568702696     
   0.6981479157104933     
   0.6981726309228512     
   0.6981910717903929     
   0.6982020756684345     
   0.6982049078360483     
   0.6981992435008207     
   0.6982105721712758     
   0.7000000000000000     
   0.7000000000000000     
   0.7010607481531833     
   0.7022262289226991     
   0.7033623640080074     
   0.7044767700576237     
   0.7055680570601991     
   0.7066285529353634     
   0.7076477460274581     
   0.7086141524323947     
   0.7095169144599317     
   0.7103470220386904     
   0.7110980495537499     
   0.7117664051333071     
   0.7123511635514008     
   0.7128535956025290     
   0.7132765178817607     
   0.7136235746619253     
   0.7138985382493535     
   0.7141046855852790     
   0.7142442841507385     
   0.7143181970979705     
   0.7143256465455614     
   0.7142642238405185     
   0.7141299892481786     
   0.7139176654789058     
   0.7136209979378475     
   0.7132333025128491     
   0.7127482056211357     
   0.7121605603204616     
   0.7114674880549298     
   0.7106694578221548     
   0.7097712687690981     
   0.7087827748325101     
   0.7077191841548306     
   0.7066007985562074     
   0.7054521316382268     
   0.7043004502947964     
   0.7031738901497059     
   0.7020993916657403     
   0.7011007420896167     
   0.7001969894752222     
   0.6994014196568435     
   0.6987211785109404     
   0.6981575095572981     
   0.6977064862957701     
   0.6973600678534393     
   0.6971072962011199     
   0.6969354756800088     
   0.6968312182151597     
   0.6967812860827785     
   0.6967732080730136     
   0.6967956783401389     
   0.6968387683917900     
   0.6968939927332001     
   0.6969542703581998     
   0.6970138206263539     
   0.6970680257791225     
   0.6971132854378520     
   0.6971468821722463     
   0.6971668722402352     
   0.6971720117123271     
   0.6971617327681433     
   0.6971822906565109     
   0.7000000000000000     
   0.7000000000000000     
   0.7014701651896592     
   0.7030914514518539     
   0.7046847583930398     
   0.7062641271705367     
   0.7078290627576541     
   0.7093685122763790     
   0.7108659017274399     
   0.7123021324084645     
   0.7136582709752129     
   0.7149177160946802     
   0.7160676302728158     
   0.7170995870548893     
   0.7180095119084466     
   0.7187970780451048     
   0.7194647523529039     
   0.7200166787533153     
   0.7204575517872821     
   0.7207915885777765     
   0.7210216658901689     
   0.7211486487113985     
   0.7211709788875499     
   0.7210846724411277     
   0.7208834804707548     
   0.7205592182142279     
   0.7201023773630658     
   0.7195030511569307     
   0.7187521709457800     
   0.7178430109681103     
   0.7167728616343134     
   0.7155446988364333     
   0.7141686129339221     
   0.7126627258953325     
   0.7110533356259506     
   0.7093741178363578     
   0.7076643557256409     
   0.7059663455994577     
   0.7043223060665866     
   0.7027712203012855     
   0.7013460601061251     
   0.7000717571069138     
   0.6989641321513045     
   0.6980298124070893     
   0.6972670054248380     
   0.6966668928204535     
   0.6962153638061177     
   0.6958948254424930     
   0.6956858822118018     
   0.6955687500690643     
   0.6955243411289186     
   0.6955350127950723     
   0.6955850145821971     
   0.6956606875292635     
   0.6957504784072768     
   0.6958448284103212     
   0.6959359879779071     
   0.6960177992200272     
   0.6960854774199489     
   0.6961354146222273     
   0.6961650219854869     
   0.6961726233826250     
   0.6961574205883488     
   0.6961878261769011     
   0.7000000000000000     
   0.7000000000000000     
   0.7018215942441368     
   0.7038421867951916     
   0.7058515627063466     
   0.7078740109920073     
   0.7099121217093742     
   0.7119519486770212     
   0.7139696638221963     
   0.7159359281196352     
   0.7178200502336767     
   0.7195935531897680     
   0.7212327621506177     
   0.7227202459351280     
   0.7240451482770618     
   0.7252025981036500     
   0.7261924738055985     
   0.7270178122356142     
   0.7276831177119475     
   0.7281927648248447     
   0.7285496247043315     
   0.7287539778154511     
   0.7288028319199887     
   0.7286898857910853     
   0.7284057812825524     
   0.7279386461545340     
   0.7272750986381614     
   0.7264017492688370     
   0.7253071748214699     
   0.7239842643247784     
   0.7224327354500814     
   0.7206615023087192     
   0.7186904944140495     
   0.7165514956173034     
   0.7142876704876815     
   0.7119516083570147     
   0.7096020025292749     
   0.7072993617594566     
   0.7051013647432886     
   0.7030585479054839     
   0.7012109318336727     
   0.6995859841255877     
   0.6981980423317794     
   0.6970490628307893     
   0.6961303758019017     
   0.6954250415113810     
   0.6949104114417038     
   0.6945605710823498     
   0.6943484455928982     
   0.6942474553124295     
   0.6942326959648110     
   0.6942816800154462     
   0.6943747109031261     
   0.6944949755529991     
   0.6946284391999858     
   0.6947636163866605     
   0.6948912780422233     
   0.6950041402488047     
   0.6950965677166364     
   0.6951643151265521     
   0.6952043226766881     
   0.6952145781916691     
   0.6951940671617071     
   0.6952350892216311     
   0.7000000000000000     
   0.7000000000000000     
   0.7020828988553399     
   0.7044132386219981     
   0.7067699196512591     
   0.7091929722523290     
   0.7116918506037319     
   0.7142514700131815     
   0.7168402350566880     
   0.7194158742086671     
   0.7219314029069246     
   0.7243406324895491     
   0.7266025700773534     
   0.7286843022347429     
   0.7305622474704037     
   0.7322219245222137     
   0.7336565764868883     
   0.7348650698245964     
   0.7358494760389287     
   0.7366126738706300     
   0.7371562182058394     
   0.7374786159727738     
   0.7375742184688900     
   0.7374331219257629     
   0.7370415704452176     
   0.7363828580749291     
   0.7354389778904810     
   0.7341930484364275     
   0.7326324286201172     
   0.7307522986934337     
   0.7285592943074500     
   0.7260746134611826     
   0.7233359402959678     
   0.7203975822693354     
   0.7173284281336606     
   0.7142077654686187     
   0.7111194362617547     
   0.7081451888317888     
   0.7053582619021668     
   0.7028181706281734     
   0.7005673684070233     
   0.6986300394731871     
   0.6970128699907264     
   0.6957073460029477     
   0.6946929838163727     
   0.6939409031228746     
   0.6934172619072911     
   0.6930862291531409     
   0.6929123293270930     
   0.6928621219062251     
   0.6929052679216863     
   0.6930150847413413     
   0.6931687082099887     
   0.6933469780116993     
   0.6935341470032397     
   0.6937174953507965     
   0.6938869102322238     
   0.6940344742696843     
   0.6941540919118322     
   0.6942411729680553     
   0.6942923862191549     
   0.6943054930013779     
   0.6942792794369319     
   0.6943317065658239     
   0.7000000000000000     
   0.7000000000000000     
   0.7022118946514624     
   0.7047175691737482     
   0.7073126936586648     
   0.7100603573543173     
   0.7129829917860335     
   0.7160685942719732     
   0.7192793564907873     
   0.7225586038266220     
   0.7258385924633749     
   0.7290484178872688     
   0.7321210258663908     
   0.7349985033769177     
   0.7376351722015353     
   0.7399984381228724     
   0.7420677048420254     
   0.7438318901041039     
   0.7452861585864111     
   0.7464284441508199     
   0.7472562159107917     
   0.7477637841246000     
   0.7479405259880950     
   0.7477706846482532     
   0.7472340390024012     
   0.7463074337180413     
   0.7449675282201882     
   0.7431947547578474     
   0.7409782565525631     
   0.7383212771953748     
   0.7352461639265317     
   0.7317979923774591     
   0.7280457234971771     
   0.7240801778941401     
   0.7200086960329133     
   0.7159470561230524     
   0.7120098865425102     
   0.7083011764183486     
   0.7049064208239386     
   0.7018874927809438     
   0.6992806834308676     
   0.6970977000475540     
   0.6953289330448530     
   0.6939480801868914     
   0.6929172340187315     
   0.6921917200420190     
   0.6917242244338180     
   0.6914679939968632     
   0.6913790822079366     
   0.6914177388576956     
   0.6915491027729348     
   0.6917433732030192     
   0.6919756229441610     
   0.6922253895825249     
   0.6924761503999898     
   0.6927147574592663     
   0.6929308850489161     
   0.6931165229262511     
   0.6932655354593070     
   0.6933732981761926     
   0.6934364186254726     
   0.6934525471228193     
   0.6934202901281258     
   0.6934848041175129     
   0.7000000000000000     
   0.7000000000000000     
   0.7021581909681057     
   0.7046494590123716     
   0.7073211495469163     
   0.7102682694588773     
   0.7135353988734496     
   0.7171219202711687     
   0.7209896794705160     
   0.7250698196021067     
   0.7292716622038875     
   0.7334929506911863     
   0.7376301346930886     
   0.7415872830400051     
   0.7452824883645770     
   0.7486511657505600     
   0.7516462669221810     
   0.7542359608073598     
   0.7563996348618197     
   0.7581231243394300     
   0.7593939747051548     
   0.7601973312050125     
   0.7605131457727490     
   0.7603158199124580     
   0.7595753372480520     
   0.7582598963075313     
   0.7563405805573926     
   0.7537979766593231     
   0.7506300998434304     
   0.7468603870579545     
   0.7425440795522502     
   0.7377711231980026     
   0.7326642875613957     
   0.7273720101390359     
   0.7220567532922766     
   0.7168807948094631     
   0.7119919841509647     
   0.7075119211680330     
   0.7035283113958100     
   0.7000921852277640     
   0.6972196083665029     
   0.6948967521997437     
   0.6930868655513854     
   0.6917377585747322     
   0.6907887361437477     
   0.6901763388524260     
   0.6898386372138389     
   0.6897181104678002     
   0.6897633102602747     
   0.6899295793466810     
   0.6901790974745532     
   0.6904804910096496     
   0.6908081926326218     
   0.6911416869181167     
   0.6914647341020073     
   0.6917646303646463     
   0.6920315383397719     
   0.6922579049264608     
   0.6924379731538743     
   0.6925673892995347     
   0.6926429045168330     
   0.6926621711364623     
   0.6926236378972036     
   0.6927007043757211     
   0.7000000000000000     
   0.7000000000000000     
   0.7018687383272593     
   0.7040949310536861     
   0.7066178117451465     
   0.7095735318404152     
   0.7130412128657926     
   0.7170456277224593     
   0.7215614508267495     
   0.7265175396028726     
   0.7318046919694546     
   0.7372868224249510     
   0.7428143090522066     
   0.7482375491045381     
   0.7534185914450720     
   0.7582391509630921     
   0.7626041901897740     
   0.7664412409186758     
   0.7696964252650887     
   0.7723285637628012     
   0.7743028331431900     
   0.7755849450799562     
   0.7761369325276298     
   0.7759164537096478     
   0.7748784827623425     
   0.7729796736351751     
   0.7701864715365802     
   0.7664867227088352     
   0.7619030648200850     
   0.7565045389366670     
   0.7504128391340008     
   0.7438005608035884     
   0.7368806147779797     
   0.7298882456052981     
   0.7230589152147754     
   0.7166062763462973     
   0.7107042325197426     
   0.7054758058417329     
   0.7009897316331954     
   0.6972639771013873     
   0.6942742094699507     
   0.6919648059200773     
   0.6902602138311046     
   0.6890750788335931     
   0.6883222776297983     
   0.6879186144028763     
   0.6877883650359787     
   0.6878650749739852     
   0.6880920791187000     
   0.6884221757029343     
   0.6888168031628921     
   0.6892449757508502     
   0.6896821499745894     
   0.6901091279373618     
   0.6905110561075350     
   0.6908765463436519     
   0.6911969264437973     
   0.6914656165721155     
   0.6916776228328881     
   0.6918291380064171     
   0.6919172407486661     
   0.6919396878516872     
   0.6918947936456450     
   0.6919845820577295     
   0.7000000000000000     
   0.7000000000000000     
   0.7012972461949208     
   0.7029505998585881     
   0.7050322641667774     
   0.7077266138206694     
   0.7111616577490524     
   0.7154078017688604     
   0.7204758520787471     
   0.7263151173224172     
   0.7328158085413535     
   0.7398172203414919     
   0.7471215407584171     
   0.7545115012237020     
   0.7617688443771952     
   0.7686902104907903     
   0.7750976858924176     
   0.7808427145435796     
   0.7858039407822809     
   0.7898813488876000     
   0.7929898811539375     
   0.7950540137484604     
   0.7960026291456704     
   0.7957666805486894     
   0.7942794899800043     
   0.7914822251275063     
   0.7873381456631577     
   0.7818560360020709     
   0.7751171719774314     
   0.7672908593496266     
   0.7586323396231814     
   0.7494637178520375     
   0.7401423420274118     
   0.7310234626025387     
   0.7224247030949213     
   0.7145986790248005     
   0.7077175405822621     
   0.7018701550200582     
   0.6970699782078258     
   0.6932700173396554     
   0.6903808602952942     
   0.6882883314028764     
   0.6868684749641849     
   0.6859987949459535     
   0.6855656652007170     
   0.6854684382924732     
   0.6856210450981713     
   0.6859518918958591     
   0.6864027388517827     
   0.6869270720057766     
   0.6874883144550191     
   0.6880580868863502     
   0.6886146292002591     
   0.6891414299451554     
   0.6896260711199804     
   0.6900592748627048     
   0.6904341292056528     
   0.6907454677526068     
   0.6909893796881484     
   0.6911628300628662     
   0.6912633747787925     
   0.6912889600553506     
   0.6912377895022345     
   0.6913401306084667     
   0.7000000000000000     
   0.7000000000000000     
   0.7004164993663250     
   0.7011494689814534     
   0.7024392706292298     
   0.7045194223519716     
   0.7075794027028387     
   0.7117593514095939     
   0.7171400208161286     
   0.7237311164250853     
   0.7314625021654664     
   0.7401820313390264     
   0.7496625331638461     
   0.7596183818362886     
   0.7697294738352065     
   0.7796680210977118     
   0.7891220828371431     
   0.7978096548582115     
   0.8054794215077785     
   0.8119014772658796     
   0.8168679059874477     
   0.8202105044980160     
   0.8218045011367662     
   0.8215539666275252     
   0.8193726025885675     
   0.8151783614017022     
   0.8089181473456551     
   0.8006308334945955     
   0.7905351431679610     
   0.7790301807725711     
   0.7666432460690075     
   0.7539581834042305     
   0.7415430635514496     
   0.7298897944426641     
   0.7193734537445050     
   0.7102340753935077     
   0.7025791738693871     
   0.6964020707889178     
   0.6916094509948311     
   0.6880516063794513     
   0.6855502011660031     
   0.6839204481389537     
   0.6829866069644194     
   0.6825912182818736     
   0.6825993137926036     
   0.6828990888582264     
   0.6834003964812267     
   0.6840321218086373     
   0.6847391667515960     
   0.6854794909341038     
   0.6862214444102116     
   0.6869414873647230     
   0.6876223081454821     
   0.6882513069273543     
   0.6888193937856548     
   0.6893200463189136     
   0.6897485760518574     
   0.6901015602659863     
   0.6903764041639135     
   0.6905710061260653     
   0.6906835058491937     
   0.6907121017679623     
   0.6906549099304251     
   0.6907692936054994     
   0.7000000000000000     
   0.7000000000000000     
   0.6992305465692453     
   0.6986879834729629     
   0.6988024736103384     
   0.6998466486241589     
   0.7020757409445550     
   0.7057203888367900     
   0.7109699836250238     
   0.7179507159016804     
   0.7267011270011851     
   0.7371502965473627     
   0.7491044106997994     
   0.7622470103618830     
   0.7761565551271810     
   0.7903418440307329     
   0.8042904046209889     
   0.8175174714928261     
   0.8295709676752712     
   0.8399342547945643     
   0.8480197414585730     
   0.8534037990861916     
   0.8559290995872066     
   0.8555826714090273     
   0.8523346691356972     
   0.8460517292420242     
   0.8365323584160635     
   0.8237139923400176     
   0.8082188479058038     
   0.7910423307962802     
   0.7732660259425352     
   0.7558844912555375     
   0.7397034874905839     
   0.7252920465000362     
   0.7129769604142763     
   0.7028675626537073     
   0.6948993196413681     
   0.6888856837225369     
   0.6845690516214029     
   0.6816641069923696     
   0.6798900052770075     
   0.6789908907071969     
   0.6787463620537550     
   0.6789744929173720     
   0.6795300802281882     
   0.6803003347140691     
   0.6811995902253979     
   0.6821640139333326     
   0.6831468406503872     
   0.6841143450534559     
   0.6850425803618468     
   0.6859148156122867     
   0.6867195640323520     
   0.6874490880566625     
   0.6880982761330969     
   0.6886638027836007     
   0.6891435009518209     
   0.6895358918000460     
   0.6898398306822651     
   0.6900542389685680     
   0.6901778997555185     
   0.6902093023343221     
   0.6901464971767148     
   0.6902721074919294     
   0.7000000000000000     
   0.7000000000000000     
   0.6977821723728557     
   0.6956447960932133     
   0.6942100290180833     
   0.6937650183929290     
   0.6946188719943114     
   0.6970980468945432     
   0.7015293913553817     
   0.7082143254800918     
   0.7173922052212441     
   0.7291955610355242     
   0.7436017913159707     
   0.7603881215247102     
   0.7791007475002353     
   0.7990577256708400     
   0.8194077071541561     
   0.8394047493071325     
   0.8586813474373982     
   0.8764266646220060     
   0.8900821113871009     
   0.8983311633946849     
   0.9015223459139136     
   0.9005143692727715     
   0.8957612207679807     
   0.8869582799497782     
   0.8730557904212161     
   0.8523513728138737     
   0.8276179114642258     
   0.8015697088778002     
   0.7762258069950045     
   0.7529900674510016     
   0.7327194104510197     
   0.7158107324927593     
   0.7023038902202485     
   0.6919841812045499     
   0.6844774176433817     
   0.6793323226535377     
   0.6760851177174647     
   0.6743036916594630     
   0.6736124230851680     
   0.6737015424114058     
   0.6743259933854142     
   0.6752983669274504     
   0.6764793577544804     
   0.6777679576253707     
   0.6790925825357055     
   0.6804036302361982     
   0.6816675451324475     
   0.6828622526714354     
   0.6839737396678558     
   0.6849935439713500     
   0.6859169392199773     
   0.6867416361814587     
   0.6874668596081293     
   0.6880926931291047     
   0.6886196125759652     
   0.6890481498988880     
   0.6893786464970135     
   0.6896110668450146     
   0.6897448517652098     
   0.6897787966462706     
   0.6897109068841490     
   0.6898466864083922     
   0.7000000000000000     
   0.7000000000000000     
   0.6961513455135225     
   0.6921812726329086     
   0.6888853362817982     
   0.6865262970067422     
   0.6854338632478288     
   0.6860073220888707     
   0.6887077947356646     
   0.6940426587416452     
   0.7025343228487525     
   0.7146706830734301     
   0.7308329896708209     
   0.7511917732770542     
   0.7755552769650280     
   0.8031423636117121     
   0.8323433038664860     
   0.8605180016515660     
   0.8902927315211677     
   0.9287970840279214     
   0.9540692299943846     
   0.9627808579809521     
   0.9619204330060475     
   0.9572411864235730     
   0.9509699125495881     
   0.9418787818240317     
   0.9270720674135552     
   0.8880150550632404     
   0.8459483252368758     
   0.8064658108088832     
   0.7715036396909555     
   0.7420528239163010     
   0.7183441803144518     
   0.7000887267938951     
   0.6866933307450005     
   0.6774079604063689     
   0.6714368445605444     
   0.6680217191660625     
   0.6664950943340561     
   0.6663049296034336     
   0.6670171445469205     
   0.6683043618400847     
   0.6699283016256876     
   0.6717209606039982     
   0.6735674451617253     
   0.6753916653454209     
   0.6771450934573251     
   0.6787982894484942     
   0.6803347076891554     
   0.6817462811021144     
   0.6830303366068678     
   0.6841874787009825     
   0.6852201603367474     
   0.6861317314768406     
   0.6869258129159242     
   0.6876058869930265     
   0.6881750292664908     
   0.6886357290132804     
   0.6889897630374335     
   0.6892380987729881     
   0.6893808100247336     
   0.6894169930226229     
   0.6893446270268443     
   0.6894893590184016     
   0.7000000000000000     
   0.7000000000000000     
   0.6944432507087704     
   0.6885190555316725     
   0.6831613973609846     
   0.6785613110025539     
   0.6750166376250741     
   0.6729431632175401     
   0.6728829794172643     
   0.6755131497321426     
   0.6816444951689306     
   0.6922094119829464     
   0.7082374771737053     
   0.7308062772148476     
   0.7609039601062381     
   0.7989995059814222     
   0.8477627409606456     
   0.8755287687352189     
   0.8981663708216229     
   0.9876112255356786     
    1.046020879574241     
    1.048336991332189     
    1.030128652509310     
    1.016141362623982     
    1.013386303087169     
    1.011654948243884     
    1.059408509965982     
   0.9283200499313128     
   0.8518955645463694     
   0.7970967648524536     
   0.7531676275846567     
   0.7193996140160650     
   0.6946312003970854     
   0.6773567652514110     
   0.6661041747465107     
   0.6594954948088715     
   0.6563060411035608     
   0.6555131107096399     
   0.6563117723250663     
   0.6581005697461774     
   0.6604498747632898     
   0.6630649723581399     
   0.6657515304114030     
   0.6683868785960690     
   0.6708977922306617     
   0.6732441275951619     
   0.6754071867229231     
   0.6773816717531721     
   0.6791702537646330     
   0.6807799903862334     
   0.6822200203306789     
   0.6835001215089822     
   0.6846298408709847     
   0.6856179936305355     
   0.6864723939510644     
   0.6871997243770943     
   0.6878054827804715     
   0.6882939670127012     
   0.6886682717470861     
   0.6889302813209486     
   0.6890806479082773     
   0.6891187469773462     
   0.6890425488392083     
   0.6891949451154841     
   0.7000000000000000     
   0.7000000000000000     
   0.6927690362213033     
   0.6848997395156937     
   0.6774218108891189     
   0.6704089919419016     
   0.6640667670569389     
   0.6587478694961414     
   0.6549755443733415     
   0.6534782339622510     
   0.6552240687537476     
   0.6614609209830429     
   0.6737890572662860     
   0.6943406315383231     
   0.7259976296537006     
   0.7759185141981069     
   0.8691107320902073     
   0.8659663430291092     
   0.7577053471143376     
   0.5088041781259084     
   0.3371284136290823     
   0.2854972823845778     
   0.2877850806338074     
   0.3034520570041528     
   0.3241416483276528     
   0.3628382205763082     
   0.4114516418037697     
   0.6451881552149858     
   0.8286812426246526     
   0.7709565923073919     
   0.7159378100481194     
   0.6824758231266692     
   0.6609974474923829     
   0.6480067790371690     
   0.6413619817585363     
   0.6391957974072814     
   0.6399831540635302     
   0.6425712044852288     
   0.6461428149245018     
   0.6501504812037775     
   0.6542462903079412     
   0.6582216493269746     
   0.6619609661974286     
   0.6654083986350642     
   0.6685450223252546     
   0.6713736485185332     
   0.6739089947757333     
   0.6761714885186344     
   0.6781834814115885     
   0.6799670331048623     
   0.6815426962574355     
   0.6829289247985567     
   0.6841418569645672     
   0.6851953118709119     
   0.6861008967106629     
   0.6868681599067595     
   0.6875047509383470     
   0.6880165635316210     
   0.6884078490917435     
   0.6886812933846456     
   0.6888380528818275     
   0.6888777487944749     
   0.6887983569691801     
   0.6889571406197698     
   0.7000000000000000     
   0.7000000000000000     
   0.6912258675007159     
   0.6815403728391870     
   0.6720277743280813     
   0.6626110603228776     
   0.6533503413634718     
   0.6444547520677423     
   0.6363127664567313     
   0.6295436494319236     
   0.6250499430434134     
   0.6240591817216733     
   0.6281605768268499     
   0.6392661286974655     
   0.6611330810990586     
   0.6767686506073941     
   0.4520822190150904     
   0.2943711463633016     
   0.2601453807386873     
   0.2902492234362066     
   0.3059049885187504     
   0.3022723964484714     
   0.2982711096923943     
   0.2990033511162751     
   0.3024963277734809     
   0.3105483004432303     
   0.2849186574287315     
   0.3154128540810825     
   0.3843494212968306     
   0.6349894274601119     
   0.6556137919414623     
   0.6332264431168145     
   0.6191491932275223     
   0.6137627926183172     
   0.6140902086323657     
   0.6178995968540676     
   0.6235729214783977     
   0.6300230103037681     
   0.6365793342300505     
   0.6428620995916764     
   0.6486789984029331     
   0.6539519894140825     
   0.6586691658874695     
   0.6628544954609816     
   0.6665493934745574     
   0.6698018398020723     
   0.6726601973505617     
   0.6751699109237853     
   0.6773719384393949     
   0.6793021977832080     
   0.6809915852741658     
   0.6824662931871756     
   0.6837482612869273     
   0.6848556647699531     
   0.6858033826556743     
   0.6866034168110093     
   0.6872652472391516     
   0.6877961184295176     
   0.6882012565508129     
   0.6884840197871767     
   0.6886459854308398     
   0.6886869791700834     
   0.6886049916915962     
   0.6887689666485706     
   0.7000000000000000     
   0.7000000000000000     
   0.6898829346749640     
   0.6786001422705200     
   0.6672574882790507     
   0.6556120209345070     
   0.6435450309073425     
   0.6310614813399668     
   0.6183177828499744     
   0.6056830669779733     
   0.5938100889907972     
   0.5836758481311872     
   0.5765959741605297     
   0.5740895563575031     
   0.6097056202919164     
   0.4068552756829426     
   0.3150558729953130     
   0.2978975778669409     
   0.2905539833850131     
   0.2944472784767765     
   0.2988942593225947     
   0.2996721505075164     
   0.2994312194036398     
   0.2998788603959168     
   0.3009709635976566     
   0.3018318952071931     
   0.2986069703279524     
   0.3052948540167199     
   0.2884316033486307     
   0.3631811145125440     
   0.5943831328053323     
   0.5818290620373031     
   0.5725893333217054     
   0.5771300570796064     
   0.5863121056872265     
   0.5971349751283901     
   0.6081601400073310     
   0.6185998990735814     
   0.6280937423125532     
   0.6365292853076157     
   0.6439239125259172     
   0.6503563835498897     
   0.6559293482683969     
   0.6607495925128894     
   0.6649181926740034     
   0.6685261245052340     
   0.6716528194040857     
   0.6743662612759135     
   0.6767238358591228     
   0.6787734940695679     
   0.6805549896901787     
   0.6821010651302114     
   0.6834385236162780     
   0.6845891626830336     
   0.6855705638989453     
   0.6863967444651915     
   0.6870786811414764     
   0.6876247186073462     
   0.6880408740680111     
   0.6883310487920248     
   0.6884971565771564     
   0.6885391822055876     
   0.6884551309487251     
   0.6886232334624501     
   0.7000000000000000     
   0.7000000000000000     
   0.6887768152043978     
   0.6761672398496090     
   0.6632767469869563     
   0.6497000719312261     
   0.6351303536424840     
   0.6193380208431694     
   0.6021845557129190     
   0.5836851577622234     
   0.5641161254175949     
   0.5440747954230405     
   0.5234245358593164     
   0.4958639835654844     
   0.3351669764787357     
   0.2900836557139299     
   0.2944536655661737     
   0.2970649082723960     
   0.2959493340858572     
   0.2963981060665191     
   0.2975945224577256     
   0.2982983049288984     
   0.2986418526977394     
   0.2989918438395108     
   0.2993787007492229     
   0.2995125190698747     
   0.2989811801509824     
   0.2992279016533381     
   0.2985468347253076     
   0.2755620845091085     
   0.3384863290774981     
   0.4801124260268938     
   0.5214489854069141     
   0.5410260648039398     
   0.5600473270855771     
   0.5782659746933337     
   0.5946159174553249     
   0.6088239968445945     
   0.6209808974498129     
   0.6313071257201678     
   0.6400536230607270     
   0.6474604879663926     
   0.6537415960657600     
   0.6590807111255313     
   0.6636325319354576     
   0.6675256709860824     
   0.6708661866318125     
   0.6737410507035545     
   0.6762212945288125     
   0.6783647480110792     
   0.6802183664400194     
   0.6818201747415333     
   0.6832008719745964     
   0.6843851410283592     
   0.6853927061808102     
   0.6862391763640986     
   0.6869367067315700     
   0.6874945057278807     
   0.6879192097313832     
   0.6882151428378411     
   0.6883844766142175     
   0.6884273088747769     
   0.6883416443536582     
   0.6885129733958956     
   0.7000000000000000     
   0.7000000000000000     
   0.6879153952337226     
   0.6742653962447275     
   0.6601434961189239     
   0.6450008923696238     
   0.6283554142387474     
   0.6097442195154571     
   0.5887091961505330     
   0.5648365527900189     
   0.5379449085180169     
   0.5090387465589850     
   0.4846263721088068     
   0.5209546089455048     
   0.3917830864148436     
   0.3159429346138432     
   0.2992761006757689     
   0.2971851291273876     
   0.2966364562824125     
   0.2967197490779719     
   0.2971656147409835     
   0.2975890333800476     
   0.2978953595437649     
   0.2981246185081800     
   0.2982688016206193     
   0.2982429104005805     
   0.2979980918106519     
   0.2978627144113348     
   0.2979867179403290     
   0.2994863327485617     
   0.3438303204557182     
   0.5009795978945193     
   0.4885933252080924     
   0.5082118294574384     
   0.5368519977178361     
   0.5623074917282941     
   0.5835003956946664     
   0.6009695599401921     
   0.6153540864065096     
   0.6272239376394964     
   0.6370545560587614     
   0.6452322707292911     
   0.6520677080810755     
   0.6578096170202138     
   0.6626569531799845     
   0.6667688517940304     
   0.6702726662263854     
   0.6732703838431990     
   0.6758437278312089     
   0.6780582100859136     
   0.6799663507513043     
   0.6816102355761562     
   0.6830235455901509     
   0.6842331644708635     
   0.6852604461623203     
   0.6861222074077312     
   0.6868314958214463     
   0.6873981728602024     
   0.6878293418678658     
   0.6881296439159511     
   0.6883014391721866     
   0.6883448952136201     
   0.6882579831307530     
   0.6884318072964871     
   0.7000000000000000     
   0.7000000000000000     
   0.6872868413775071     
   0.6728728548947199     
   0.6578359954273412     
   0.6415124204981205     
   0.6232740757855714     
   0.6024546081862427     
   0.5782940059834738     
   0.5498778706368586     
   0.5159423864501673     
   0.4739585660072401     
   0.4161001324618002     
   0.2857107709957865     
   0.2727785424547501     
   0.2888680417607181     
   0.2951971600247269     
   0.2962305870287490     
   0.2963139838357502     
   0.2965002539850859     
   0.2968022894555801     
   0.2970918459638331     
   0.2973071722101948     
   0.2974320050298251     
   0.2974437441995896     
   0.2972977428446877     
   0.2969523226607575     
   0.2964197859651100     
   0.2951880168243338     
   0.2956869830911698     
   0.2570487261976475     
   0.3011687997777071     
   0.4125860402246200     
   0.4760824307717964     
   0.5179599714657420     
   0.5499066443118987     
   0.5750644076690132     
   0.5950941552870777     
   0.6111849689081095     
   0.6242186488572854     
   0.6348578289012256     
   0.6436059816620755     
   0.6508492570114338     
   0.6568862221007697     
   0.6619493150031368     
   0.6662205332920983     
   0.6698430574859323     
   0.6729299665408518     
   0.6755708425708952     
   0.6778368216180704     
   0.6797844849637091     
   0.6814588743233930     
   0.6828958370403349     
   0.6841238531632877     
   0.6851654574046960     
   0.6860383409141056     
   0.6867561970077708     
   0.6873293592506144     
   0.6877652679777851     
   0.6880687914613022     
   0.6882424204683900     
   0.6882863551923197     
   0.6881984857444603     
   0.6883742246401792     
   0.7000000000000000     
   0.7000000000000000     
   0.6868697183577139     
   0.6719450735113013     
   0.6562899121736051     
   0.6391585180301260     
   0.6198161577763007     
   0.5974451437058381     
   0.5710651405781850     
   0.5394450768939234     
   0.5009229943495765     
   0.4529491318985196     
   0.3912411373410227     
   0.3097591984633371     
   0.2873608833241608     
   0.2901402091297293     
   0.2936672938419450     
   0.2951692880032953     
   0.2957988826614417     
   0.2961827228983689     
   0.2964842044761206     
   0.2967152085199152     
   0.2968617433946683     
   0.2969086138889410     
   0.2968324729925473     
   0.2965953579022901     
   0.2961439932627982     
   0.2953902475803535     
   0.2940547603660221     
   0.2916015765048836     
   0.2826876533775569     
   0.2882554007212640     
   0.3843907795043440     
   0.4557002329113562     
   0.5049920855867481     
   0.5414284372503374     
   0.5693292089855051     
   0.5911132917378238     
   0.6083651181086558     
   0.6221872072382952     
   0.6333727720968290     
   0.6425059392471810     
   0.6500243812535710     
   0.6562604551729253     
   0.6614692277584263     
   0.6658481136161508     
   0.6695509517437337     
   0.6726982846807120     
   0.6753849808969107     
   0.6776859593623085     
   0.6796605335581171     
   0.6813557347692073     
   0.6828088693797217     
   0.6840494935195154     
   0.6851009386220830     
   0.6859814864769667     
   0.6867052670024311     
   0.6872829331748369     
   0.6877221530749466     
   0.6880279472787005     
   0.6882028898491567     
   0.6882471851175711     
   0.6881585945807422     
   0.6883357756544000     
   0.7000000000000000     
   0.7000000000000000     
   0.6866415784699674     
   0.6714348128818257     
   0.6554326726481157     
   0.6378420721782271     
   0.6178642202772900     
   0.5945895716035463     
   0.5669090271211443     
   0.5334410025935516     
   0.4924912271874914     
   0.4422054824184267     
   0.3815469570786365     
   0.3122103016065704     
   0.2918387293616810     
   0.2916080387885758     
   0.2935892340611037     
   0.2948281745508307     
   0.2955262995651091     
   0.2959618299244505     
   0.2962559398667352     
   0.2964476605085803     
   0.2965428704826074     
   0.2965331792569130     
   0.2963986796636484     
   0.2961054621996536     
   0.2956024589472727     
   0.2948152201966943     
   0.2936460802886021     
   0.2920711440074795     
   0.2914746092632234     
   0.2938718175049921     
   0.3758836446581640     
   0.4464173951651552     
   0.4982866114679971     
   0.5368457856398010     
   0.5661634511304383     
   0.5888841692955051     
   0.6067675907803242     
   0.6210246815711998     
   0.6325153156749247     
   0.6418656934083578     
   0.6495408117110184     
   0.6558912027281135     
   0.6611842564833595     
   0.6656258751788405     
   0.6693758219884323     
   0.6725588231090169     
   0.6752727327987764     
   0.6775946214361023     
   0.6795853662447431     
   0.6812931439760274     
   0.6827561057836772     
   0.6840044341699001     
   0.6850619267036243     
   0.6859472124040843     
   0.6866746789681170     
   0.6872551685557901     
   0.6876964841295317     
   0.6880037353781779     
   0.6881795410510709     
   0.6882240908437761     
   0.6881349912583657     
   0.6883131904291865     
   0.7000000000000000     
   0.7000000000000000     
   0.6865861029550290     
   0.6713068606257846     
   0.6552090828914777     
   0.6374863543582681     
   0.6173186359728945     
   0.5937638221072968     
   0.5656647742562155     
   0.5315811402149966     
   0.4898026160050823     
   0.4387163748793723     
   0.3782760533251468     
   0.3120316208327403     
   0.2928125043805620     
   0.2922265605563520     
   0.2938011590830551     
   0.2948563463734396     
   0.2954851504086697     
   0.2958810775967279     
   0.2961365130014835     
   0.2962862558335655     
   0.2963379898598369     
   0.2962862375054207     
   0.2961148814660043     
   0.2957940161195280     
   0.2952759363107751     
   0.2944970936572464     
   0.2934292787363538     
   0.2923079511982525     
   0.2938318164523382     
   0.2971544945389939     
   0.3767361353601713     
   0.4458195001582256     
   0.4973294066117304     
   0.5359402194444565     
   0.5654083904891455     
   0.5882815612799570     
   0.6062947111496244     
   0.6206557874195930     
   0.6322277034068935     
   0.6416409196337010     
   0.6493644195273003     
   0.6557520519065893     
   0.6610738298073348     
   0.6655376783577130     
   0.6693049010252109     
   0.6725013898390931     
   0.6752258797642281     
   0.6775561068573688     
   0.6795534524941319     
   0.6812664762706544     
   0.6827336208714361     
   0.6839852912980584     
   0.6850454550785811     
   0.6859328708393317     
   0.6866620244631729     
   0.6872438312618430     
   0.6876861465161715     
   0.6879941132007783     
   0.6881703619099030     
   0.6882150578291826     
   0.6881256659906234     
   0.6883044496677417     
   0.7000000000000000     
   0.7000000000000000     
   0.6867007204845784     
   0.6715470792765378     
   0.6555967505862068     
   0.6380604255083476     
   0.6181390715005159     
   0.5949173946204541     
   0.5672675970208116     
   0.5337574637752782     
   0.4925692023716248     
   0.4415942463395477     
   0.3794690650324458     
   0.3082459370813873     
   0.2907705361384259     
   0.2920355074216220     
   0.2941416777166102     
   0.2951536130175896     
   0.2956436178480719     
   0.2959351973689797     
   0.2961239981944636     
   0.2962258197185115     
   0.2962373938833154     
   0.2961528255127028     
   0.2959610666671367     
   0.2956371101433999     
   0.2951316400704379     
   0.2943575913599399     
   0.2931823814801299     
   0.2914635486549066     
   0.2907811411988483     
   0.2999094725211053     
   0.3861632116189446     
   0.4531459325594881     
   0.5017539467956657     
   0.5385359972980007     
   0.5669667751855567     
   0.5892447703812120     
   0.6069056560949523     
   0.6210517919360002     
   0.6324891086555166     
   0.6418162081430778     
   0.6494836245323171     
   0.6558341904236593     
   0.6611311684530521     
   0.6655782553475330     
   0.6693340553656124     
   0.6725227089095044     
   0.6752417978295536     
   0.6775682895024578     
   0.6795630473521435     
   0.6812742788041547     
   0.6827401853385835     
   0.6839910058485996     
   0.6850505930559077     
   0.6859376260942696     
   0.6866665357741041     
   0.6872481991848889     
   0.6876904447412276     
   0.6879983953732641     
   0.6881746631373046     
   0.6882193850201589     
   0.6881299412544503     
   0.6883088287858675     
   0.7000000000000000     
   0.7000000000000000     
   0.6869830786130275     
   0.6721640353762358     
   0.6566118574165015     
   0.6395884298250354     
   0.6203594333218844     
   0.5980986146004698     
   0.5717969359364188     
   0.5401444317487516     
   0.5012735564759213     
   0.4521235090685902     
   0.3873202620481467     
   0.2998984915295835     
   0.2862571101293681     
   0.2919584921006322     
   0.2950598456925352     
   0.2958241952479187     
   0.2959875158829331     
   0.2960968894506654     
   0.2962042465304541     
   0.2962607586504337     
   0.2962347008141981     
   0.2961212859762850     
   0.2959218751536495     
   0.2956228398905498     
   0.2951783136008702     
   0.2944811238068251     
   0.2931820389379887     
   0.2907891502428254     
   0.2732660846660203     
   0.3233097215770838     
   0.4105543607122596     
   0.4690399526082524     
   0.5114273583064233     
   0.5445550994264416     
   0.5708283504665673     
   0.5917903946694109     
   0.6086234912711187     
   0.6222346429063176     
   0.6333181446133384     
   0.6424066179808399     
   0.6499103638461540     
   0.6561470083340921     
   0.6613636536692323     
   0.6657534287688884     
   0.6694679071773101     
   0.6726264801158701     
   0.6753234775982417     
   0.6776336133078047     
   0.6796161718022883     
   0.6813182438642345     
   0.6827772348121774     
   0.6840228121182925     
   0.6850784163979433     
   0.6859624288121743     
   0.6866890648537397     
   0.6872690468658541     
   0.6877100935164072     
   0.6880172519380114     
   0.6881930843790253     
   0.6882376988364819     
   0.6881484699215686     
   0.6883269277513951     
   0.7000000000000000     
   0.7000000000000000     
   0.6874478977113339     
   0.6731892731228899     
   0.6583051392568542     
   0.6421422107973147     
   0.6240748375770309     
   0.6034302069085963     
   0.5794245568961283     
   0.5510797906632082     
   0.5169610800787767     
   0.4739930610572985     
   0.4122701785468913     
   0.2593753895715352     
   0.2760365771790390     
   0.2943956732688859     
   0.2976935381410000     
   0.2970252079343733     
   0.2964128802855882     
   0.2962772232872931     
   0.2963487472254327     
   0.2963922807860083     
   0.2963294879779748     
   0.2961784649601754     
   0.2959756862269126     
   0.2957329314440215     
   0.2954250288264165     
   0.2950425693976932     
   0.2939216733427907     
   0.2992295677902275     
   0.2278810161977869     
   0.4274981518526209     
   0.4613024284977181     
   0.4932970030463080     
   0.5259478290698694     
   0.5539211074906546     
   0.5770352125716014     
   0.5959927596663299     
   0.6115231288189165     
   0.6242694461565306     
   0.6347681102567309     
   0.6434546263033727     
   0.6506780982571926     
   0.6567167691841128     
   0.6617919231367975     
   0.6660794836800651     
   0.6697193890428578     
   0.6728230568425325     
   0.6754792865861670     
   0.6777589137626585     
   0.6797184764348044     
   0.6814031032332278     
   0.6828487870387395     
   0.6840841723097030     
   0.6851319554033647     
   0.6860099748668214     
   0.6867320511074680     
   0.6873086207985145     
   0.6877471996161170     
   0.6880526960945350     
   0.6882275873102532     
   0.6882719498183589     
   0.6881832248021476     
   0.6883606748345703     
   0.7000000000000000     
   0.7000000000000000     
   0.6881169408913669     
   0.6746685804459919     
   0.6607471183555359     
   0.6458164679131053     
   0.6294001779243592     
   0.6110357206029778     
   0.5902597120368790     
   0.5666530074496294     
   0.5400723475380187     
   0.5118558946319831     
   0.4903620635107520     
   0.5467783557787106     
   0.3915545724770788     
   0.3136534439111390     
   0.2988986286120872     
   0.2972117153157121     
   0.2963676746238207     
   0.2962640895828638     
   0.2965421471566898     
   0.2966649262568611     
   0.2965388788178991     
   0.2962984923761287     
   0.2960722288119023     
   0.2959054675097226     
   0.2957928639180747     
   0.2956687074583087     
   0.2966241927281141     
   0.2917959008832058     
   0.4202754815631223     
   0.4729925932854229     
   0.4969378437327494     
   0.5206396983431243     
   0.5445304659330882     
   0.5664587874882738     
   0.5856090021334682     
   0.6019383957012063     
   0.6157025108476152     
   0.6272461388135403     
   0.6369152799710975     
   0.6450225807393716     
   0.6518368939503612     
   0.6575833670446618     
   0.6624477072665997     
   0.6665817075391698     
   0.6701087482688060     
   0.6731287605124087     
   0.6757224930181202     
   0.6779550844469888     
   0.6798790061828904     
   0.6815364609414687     
   0.6829613219678073     
   0.6841806896109387     
   0.6852161309416658     
   0.6860846572384502     
   0.6867994840111172     
   0.6873706090793013     
   0.6878052357981007     
   0.6881080602353493     
   0.6882814318764435     
   0.6883253873408406     
   0.6882374764120465     
   0.6884132982696347     
   0.7000000000000000     
   0.7000000000000000     
   0.6890124714952932     
   0.6766468320838824     
   0.6640018040706406     
   0.6506863197709871     
   0.6364030914794788     
   0.6209310160501772     
   0.6041445162684846     
   0.5860920120636580     
   0.5671464025948945     
   0.5481507260360804     
   0.5293115913172159     
   0.5034879404943545     
   0.3183792259567974     
   0.2866106756043089     
   0.2945702172616933     
   0.2970013882769733     
   0.2950626800823889     
   0.2956343003380357     
   0.2969581250672146     
   0.2973163421012974     
   0.2969274109775817     
   0.2964055682859698     
   0.2960915174328820     
   0.2960237735929812     
   0.2961415866086918     
   0.2960515338713333     
   0.2963752305666437     
   0.2594323823034632     
   0.5113510893618872     
   0.5343045452158434     
   0.5386472153740168     
   0.5509457184682857     
   0.5662302048953848     
   0.5818152201457075     
   0.5964727412120084     
   0.6096640696492682     
   0.6212395489970211     
   0.6312507547539765     
   0.6398399197039337     
   0.6471801529509643     
   0.6534450879462079     
   0.6587947484244535     
   0.6633700642534840     
   0.6672918269138487     
   0.6706617869231438     
   0.6735646624355774     
   0.6760704163236407     
   0.6782364802807603     
   0.6801097780371480     
   0.6817284919366126     
   0.6831235644551137     
   0.6843199491813083     
   0.6853376355620714     
   0.6861924742873761     
   0.6868968291695499     
   0.6874600783287477     
   0.6878889833198307     
   0.6881879398194074     
   0.6883591177929583     
   0.6884024959639983     
   0.6883157396219184     
   0.6884892523060782     
   0.7000000000000000     
   0.7000000000000000     
   0.6901476446249698     
   0.6791467099291782     
   0.6680909225519811     
   0.6567523784037005     
   0.6450251079669039     
   0.6329283246179146     
   0.6206399024645743     
   0.6085672382962909     
   0.5974292367881916     
   0.5882855216745470     
   0.5824473694684165     
   0.5810198418239498     
   0.6207281893866226     
   0.3951382547693563     
   0.3114759445180545     
   0.2968302774204412     
   0.2873030016501920     
   0.2932088590639111     
   0.2990188104733510     
   0.2993136324316267     
   0.2975744908740358     
   0.2961723935639903     
   0.2956914616979474     
   0.2959449982737764     
   0.2958759537232389     
   0.3019097159307239     
   0.2691651486408776     
   0.5798109954775977     
   0.5967691345874487     
   0.5822598918481285     
   0.5790962108773814     
   0.5827127316417762     
   0.5901173351748168     
   0.5994429755030495     
   0.6093740317112123     
   0.6190889034684584     
   0.6281405264184649     
   0.6363284661212312     
   0.6436005467112779     
   0.6499866160444449     
   0.6555571174328511     
   0.6603985345947745     
   0.6645995833513954     
   0.6682439692156296     
   0.6714070267732534     
   0.6741545768953323     
   0.6765429939949533     
   0.6786198846117307     
   0.6804250289430877     
   0.6819913881145908     
   0.6833460705822549     
   0.6845112039215480     
   0.6855046895888240     
   0.6863408351574936     
   0.6870308676390465     
   0.6875833354323478     
   0.6880044072305301     
   0.6882980750329163     
   0.6884662664485075     
   0.6885088734921281     
   0.6884236594048869     
   0.6885940875793692     
   0.7000000000000000     
   0.7000000000000000     
   0.6915154769353721     
   0.6821448138823072     
   0.6729554746441404     
   0.6638856813458851     
   0.6550098757045426     
   0.6465534224117290     
   0.6389260790229696     
   0.6327757267929822     
   0.6290379258801042     
   0.6289603163835179     
   0.6341049620131528     
   0.6462911409557147     
   0.6693326582140102     
   0.6835420226232845     
   0.4410729763365079     
   0.2880978047308770     
   0.2503977549127313     
   0.2875535174151171     
   0.3083291938642414     
   0.3045827266981098     
   0.2970993574289469     
   0.2934641021778184     
   0.2931085400122521     
   0.2944746568588566     
   0.2959132974091344     
   0.3089720883860725     
   0.6292857800940995     
   0.6631802805411425     
   0.6435313144279624     
   0.6277420285841302     
   0.6182986095897491     
   0.6144570917955207     
   0.6150069485951413     
   0.6185431927540350     
   0.6238351800023350     
   0.6299593382039146     
   0.6362910961113559     
   0.6424445380986101     
   0.6482045364735137     
   0.6534693705806294     
   0.6582080650719280     
   0.6624309671392732     
   0.6661704831274319     
   0.6694689984691300     
   0.6723716279447356     
   0.6749221002510979     
   0.6771606160638796     
   0.6791229106330849     
   0.6808400232773851     
   0.6823384579506728     
   0.6836405383190594     
   0.6847648379901493     
   0.6857266154037532     
   0.6865382140550546     
   0.6872094073955473     
   0.6877476789634204     
   0.6881584343459030     
   0.6884451444718120     
   0.6886094212926055     
   0.6886510317408224     
   0.6885678108443886     
   0.6887342526372563     
   0.7000000000000000     
   0.7000000000000000     
   0.6930793955624207     
   0.6855519728426305     
   0.6784268582952570     
   0.6717925223440903     
   0.6658686596085881     
   0.6610232054408341     
   0.6577965379217914     
   0.6569351129364184     
   0.6594213106216495     
   0.6665044930796798     
   0.6797652656386886     
   0.7013029464117038     
   0.7339424464691046     
   0.7854105593397426     
   0.8813087521092595     
   0.8705376713484155     
   0.7646771344485404     
   0.5002533897673719     
   0.3326456793790936     
   0.2860030297371993     
   0.2827834957700448     
   0.2923442037372978     
   0.3165545369612071     
   0.3721106713672491     
   0.6332229018315914     
   0.8433180298373195     
   0.7893138873252419     
   0.7299569852130973     
   0.6944385956575130     
   0.6706973721680674     
   0.6546019555812178     
   0.6446428383598616     
   0.6395482426071122     
   0.6380859207412832     
   0.6391488073801682     
   0.6418262678717914     
   0.6454255034330438     
   0.6494537893365810     
   0.6535816895113368     
   0.6576026561391769     
   0.6613971919906686     
   0.6649044556480654     
   0.6681013069362252     
   0.6709875983564946     
   0.6735762496934277     
   0.6758867823334223     
   0.6779412583369008     
   0.6797618395999357     
   0.6813694082251456     
   0.6827828618095257     
   0.6840188226699684     
   0.6850915883821161     
   0.6860132113621739     
   0.6867936363127061     
   0.6874408513376635     
   0.6879610260242347     
   0.6883586208171032     
   0.6886364587897000     
   0.6887957554985299     
   0.6888361086020315     
   0.6887554023950283     
   0.6889168148090347     
   0.7000000000000000     
   0.7000000000000000     
   0.6947692915422070     
   0.6892066358563893     
   0.6842224172700131     
   0.6800212375890083     
   0.6769137144148070     
   0.6753282814550164     
   0.6758195931472897     
   0.6790759539756246     
   0.6859159533121303     
   0.6972746317924500     
   0.7141812330133992     
   0.7377193877421968     
   0.7689020460272904     
   0.8082671653327349     
   0.8583484919402397     
   0.8865244197759413     
   0.9115640789717504     
    1.007315416300972     
    1.058791707768745     
    1.060023431531929     
    1.054136731440179     
    1.056786502951958     
    1.068109347006163     
    1.082459260164999     
   0.9505593790089309     
   0.8708758600665439     
   0.8138465622227531     
   0.7679839949593708     
   0.7322440400435538     
   0.7052211869511925     
   0.6853557577600371     
   0.6713867890975908     
   0.6622306173922559     
   0.6568863594264615     
   0.6544347687963468     
   0.6540708274293729     
   0.6551294124918180     
   0.6570909611088589     
   0.6595697689137374     
   0.6622925925312058     
   0.6650744945467478     
   0.6677963240549561     
   0.6703858688900317     
   0.6728031519093095     
   0.6750295206023901     
   0.6770598568907714     
   0.6788971896775294     
   0.6805490754156284     
   0.6820252356195100     
   0.6833360626853754     
   0.6844917097366963     
   0.6855015623580569     
   0.6863739520021401     
   0.6871160153118591     
   0.6877336356143634     
   0.6882314245450269     
   0.6886127166435866     
   0.6888795597210220     
   0.6890326907364818     
   0.6890714933858849     
   0.6889938880870786     
   0.6891490986846912     
   0.7000000000000000     
   0.7000000000000000     
   0.6964864705310366     
   0.6928885277262044     
   0.6899757152795608     
   0.6880226059415901     
   0.6873693891679973     
   0.6884247941532424     
   0.6916582532463408     
   0.6975835713364411     
   0.7067269623594498     
   0.7195774331367754     
   0.7365156677779038     
   0.7577110904454195     
   0.7829684448343075     
   0.8114889713284462     
   0.8416156849336548     
   0.8707377339865316     
   0.9018742815746841     
   0.9420000849249746     
   0.9673409014024059     
   0.9767415961530388     
   0.9780297350875736     
   0.9749331893836675     
   0.9662887775862490     
   0.9457002669744794     
   0.9046670137585453     
   0.8616839292801891     
   0.8212386153587938     
   0.7851114261913501     
   0.7542460672298529     
   0.7288262585239320     
   0.7085881717930523     
   0.6930614296690490     
   0.6816718999815503     
   0.6737890470120677     
   0.6687666555412213     
   0.6659846514920900     
   0.6648844276306073     
   0.6649908965228936     
   0.6659200407596229     
   0.6673749773858433     
   0.6691350687376967     
   0.6710421657322604     
   0.6729868209739573     
   0.6748960444617791     
   0.6767232288987240     
   0.6784402902679209     
   0.6800317750306886     
   0.6814905771895453     
   0.6828149039486268     
   0.6840061724375400     
   0.6850675795739469     
   0.6860031459710836     
   0.6868170856672864     
   0.6875133944186298     
   0.6880955804161966     
   0.6885664846480219     
   0.6889281547161300     
   0.6891817478615652     
   0.6893274474475655     
   0.6893643839785956     
   0.6892905109165354     
   0.6894382570406558     
   0.7000000000000000     
   0.7000000000000000     
   0.6981181643572724     
   0.6963529276719698     
   0.6952985843131340     
   0.6952518356089396     
   0.6965294485285736     
   0.6994638153761771     
   0.7043859501728752     
   0.7115991790693065     
   0.7213420983091907     
   0.7337436423158886     
   0.7487747556136575     
   0.7662031204520169     
   0.7855616565092985     
   0.8061512498666287     
   0.8271037475822899     
   0.8476696265641215     
   0.8674786760435432     
   0.8855964796507388     
   0.8992810402380459     
   0.9073455116198713     
   0.9100382467160635     
   0.9076358709073611     
   0.8997715284285960     
   0.8855044842381903     
   0.8644681974494416     
   0.8395523811182485     
   0.8132682146659217     
   0.7874833405568786     
   0.7635186654105616     
   0.7422032165256504     
   0.7239632977213987     
   0.7089230798381247     
   0.6969880100498467     
   0.6879100234947360     
   0.6813425969862662     
   0.6768897707155259     
   0.6741480224579823     
   0.6727381288817166     
   0.6723254705888373     
   0.6726295144088879     
   0.6734248648343230     
   0.6745368382519062     
   0.6758342215867862     
   0.6772211815389420     
   0.6786295491561477     
   0.6800121029347419     
   0.6813370629078220     
   0.6825837667466438     
   0.6837393805359931     
   0.6847964563774414     
   0.6857511517305099     
   0.6866019484659349     
   0.6873487393290506     
   0.6879921787313983     
   0.6885332201965217     
   0.6889727834005290     
   0.6893115098949528     
   0.6895495787438204     
   0.6896865624095025     
   0.6897213103616447     
   0.6896518144573603     
   0.6897908062659291     
   0.7000000000000000     
   0.7000000000000000     
   0.6995580660840719     
   0.6993763122262099     
   0.6998558191384676     
   0.7012761905242789     
   0.7038973222612452     
   0.7079523658752763     
   0.7136311205372768     
   0.7210577641855760     
   0.7302661767805489     
   0.7411780482253323     
   0.7535894930154765     
   0.7671714265511038     
   0.7814873549153354     
   0.7960291809508568     
   0.8102659049074548     
   0.8236911086802892     
   0.8358219917862371     
   0.8460930596293691     
   0.8538607442872249     
   0.8586587810902702     
   0.8602479051045899     
   0.8584773702538091     
   0.8531884409332111     
   0.8442637135355869     
   0.8318595850314108     
   0.8166899194528890     
   0.7997245275323518     
   0.7819772028314333     
   0.7643797412594905     
   0.7477042931549217     
   0.7325263646941610     
   0.7192196469284587     
   0.7079712210183090     
   0.6988086129709273     
   0.6916336292740318     
   0.6862592658176818     
   0.6824459464280618     
   0.6799334573784144     
   0.6784659266346289     
   0.6778087832810790     
   0.6777581685777688     
   0.6781442793798086     
   0.6788304951520547     
   0.6797100209523395     
   0.6807014038019500     
   0.6817438440142073     
   0.6827928414801629     
   0.6838164339570851     
   0.6847921002468261     
   0.6857042961014516     
   0.6865425407383422     
   0.6872999561434938     
   0.6879721645546573     
   0.6885564615578529     
   0.6890511971506356     
   0.6894553116648260     
   0.6897679862499646     
   0.6899883782899013     
   0.6901154206447785     
   0.6901476707303845     
   0.6900831705591725     
   0.6902121709015966     
   0.7000000000000000     
   0.7000000000000000     
   0.7007260732440864     
   0.7017976203895557     
   0.7034254991398869     
   0.7058475872382074     
   0.7092552808991103     
   0.7137884071019326     
   0.7195253583571256     
   0.7264713332735288     
   0.7345495592267927     
   0.7435992952054272     
   0.7533831223529890     
   0.7636038945459229     
   0.7739290884502108     
   0.7840178278649579     
   0.7935443104891856     
   0.8022112563031998     
   0.8097496252646210     
   0.8159087507391199     
   0.8204582169384058     
   0.8232068393814258     
   0.8240044751784199     
   0.8227326038771602     
   0.8193034913389842     
   0.8136845613606923     
   0.8059510289575411     
   0.7963374582800605     
   0.7852253484296826     
   0.7731007093446535     
   0.7605002994371819     
   0.7479564417733967     
   0.7359487073474918     
   0.7248682622451610     
   0.7149973089751833     
   0.7065033201156808     
   0.6994459979725217     
   0.6937937733155896     
   0.6894459914681509     
   0.6862568257545507     
   0.6840575116903133     
   0.6826745789193740     
   0.6819430311018307     
   0.6817145294508773     
   0.6818613610271668     
   0.6822772880837046     
   0.6828763735793107     
   0.6835906954459832     
   0.6843676154366773     
   0.6851670330702758     
   0.6859588671295077     
   0.6867208745124358     
   0.6874368324260698     
   0.6880950630382136     
   0.6886872578470657     
   0.6892075525307161     
   0.6896518050111520     
   0.6900170354725231     
   0.6903009944735433     
   0.6905018327295883     
   0.6906178529929213     
   0.6906473308864297     
   0.6905883750994130     
   0.6907062866734465     
   0.7000000000000000     
   0.7000000000000000     
   0.7015804714835255     
   0.7035410269690360     
   0.7059249045017648     
   0.7089185228010312     
   0.7126496800406780     
   0.7171866119474938     
   0.7225363281216963     
   0.7286428244212009     
   0.7353897126078808     
   0.7426087537767175     
   0.7500940937262809     
   0.7576203386265634     
   0.7649613645328397     
   0.7719063864569169     
   0.7782704900181371     
   0.7838983484970171     
   0.7886618421822232     
   0.7924540961688123     
   0.7951833052465339     
   0.7967679712657312     
   0.7971331143248596     
   0.7962110128534435     
   0.7939466222420686     
   0.7903095229731999     
   0.7853126690784099     
   0.7790321213854596     
   0.7716182677808680     
   0.7632952573476290     
   0.7543484100947693     
   0.7451016583533893     
   0.7358889317268377     
   0.7270245430108615     
   0.7187774438242278     
   0.7113529738522524     
   0.7048839261424167     
   0.6994308829102128     
   0.6949902223658344     
   0.6915072168922941     
   0.6888913507844827     
   0.6870313188614261     
   0.6858079087208129     
   0.6851038389539447     
   0.6848103862048118     
   0.6848311555124027     
   0.6850836106747462     
   0.6854990363444878     
   0.6860215294090141     
   0.6866064853528318     
   0.6872189055726479     
   0.6878317311020038     
   0.6884243167900134     
   0.6889810972543742     
   0.6894904567525895     
   0.6899437931695928     
   0.6903347559248514     
   0.6906586343795619     
   0.6909118742372446     
   0.6910917025489172     
   0.6911958461243818     
   0.6912223331708885     
   0.6911693590778750     
   0.6912753072639021     
   0.7000000000000000     
   0.7000000000000000     
   0.7021193311759611     
   0.7046149885819610     
   0.7073988026844867     
   0.7106071893139670     
   0.7143177168140213     
   0.7185521514376881     
   0.7232811396378583     
   0.7284287293844967     
   0.7338804498264472     
   0.7394948677224499     
   0.7451173125722902     
   0.7505937438065958     
   0.7557825733697670     
   0.7605627252821684     
   0.7648371250577491     
   0.7685318405587402     
   0.7715918738774031     
   0.7739751568794888     
   0.7756462476087959     
   0.7765708226247314     
   0.7767122697014360     
   0.7760322706447381     
   0.7744940801285545     
   0.7720686624834867     
   0.7687439604212163     
   0.7645358731791669     
   0.7594984417390629     
   0.7537305137865415     
   0.7473768338519988     
   0.7406222128852664     
   0.7336791180358475     
   0.7267704954573670     
   0.7201107025452484     
   0.7138877943817461     
   0.7082499446462017     
   0.7032977181965677     
   0.6990826011632970     
   0.6956109997637238     
   0.6928521131589929     
   0.6907477827425298     
   0.6892225727664026     
   0.6881927866462303     
   0.6875736779152397     
   0.6872846179190432     
   0.6872523464130493     
   0.6874126364065564     
   0.6877107761771578     
   0.6881012532447915     
   0.6885469601324352     
   0.6890181620855396     
   0.6894913920063188     
   0.6899483766833221     
   0.6903750531009039     
   0.6907607026783736     
   0.6910972117787253     
   0.6913784556829834     
   0.6915997978653524     
   0.6917576948971764     
   0.6918493983526248     
   0.6918727480879738     
   0.6918260486172758     
   0.6919194475586719     
   0.7000000000000000     
   0.7000000000000000     
   0.7023725722379656     
   0.7050924234485444     
   0.7079819861946960     
   0.7111353726210201     
   0.7145949998273353     
   0.7183572046843268     
   0.7223803549718598     
   0.7265919496920182     
   0.7308977973770597     
   0.7351925536390218     
   0.7393702442741550     
   0.7433333235389553     
   0.7469991045874075     
   0.7503029674453074     
   0.7531983947219126     
   0.7556544389992661     
   0.7576515302488787     
   0.7591765619719427     
   0.7602181392213301     
   0.7607626278142395     
   0.7607917794489629     
   0.7602829487832422     
   0.7592108406592449     
   0.7575508225076931     
   0.7552841194364169     
   0.7524044770847829     
   0.7489253412617173     
   0.7448863470203021     
   0.7403575042191345     
   0.7354398256305997     
   0.7302615910879952     
   0.7249702805933137     
   0.7197212425584534     
   0.7146649056071930     
   0.7099346349942856     
   0.7056371308261574     
   0.7018466190584519     
   0.6986032289794114     
   0.6959151395037092     
   0.6937635067291750     
   0.6921089433303729     
   0.6908983812416363     
   0.6900714131013378     
   0.6895655536702912     
   0.6893201894246190     
   0.6892792338434693     
   0.6893926597203450     
   0.6896171486861686     
   0.6899161058084052     
   0.6902592588779104     
   0.6906220181666274     
   0.6909847265449474     
   0.6913318892527415     
   0.6916514402705403     
   0.6919340784255559     
   0.6921726900731857     
   0.6923618649657972     
   0.6924975063505101     
   0.6925765342894058     
   0.6925966819376594     
   0.6925563866411522     
   0.6926369772341667     
   0.7000000000000000     
   0.7000000000000000     
   0.7023891949554710     
   0.7050824330767216     
   0.7078536582126661     
   0.7107644705339908     
   0.7138350695146809     
   0.7170508341148770     
   0.7203713492724034     
   0.7237375639854637     
   0.7270797974640452     
   0.7303258173589214     
   0.7334079481383273     
   0.7362683643382510     
   0.7388621043473533     
   0.7411577677246549     
   0.7431362394946088     
   0.7447880111633722     
   0.7461097570641091     
   0.7471007613746098     
   0.7477596736124775     
   0.7480819135767046     
   0.7480581438275863     
   0.7476743729551673     
   0.7469129217898249     
   0.7457542985579908     
   0.7441802493415399     
   0.7421778666074341     
   0.7397443962806513     
   0.7368921153411595     
   0.7336524830020439     
   0.7300786217956055     
   0.7262452882435551     
   0.7222459176602427     
   0.7181868445548562     
   0.7141793889404834     
   0.7103310165616349     
   0.7067369675189192     
   0.7034736055288546     
   0.7005943233787675     
   0.6981282847435329     
   0.6960817498724432     
   0.6944413513091662     
   0.6931785136548253     
   0.6922542343008586     
   0.6916235996062711     
   0.6912396281942091     
   0.6910562464384479     
   0.6910303715922517     
   0.6911231908247254     
   0.6913007829802927     
   0.6915342467253401     
   0.6917994887162284     
   0.6920768014319159     
   0.6923503317214407     
   0.6926075137033112     
   0.6928385163728069     
   0.6930357381729744     
   0.6931933678141361     
   0.6933070222177581     
   0.6933734679095290     
   0.6933904308362242     
   0.6933565049828339     
   0.6934243566896146     
   0.7000000000000000     
   0.7000000000000000     
   0.7022244735310744     
   0.7047035316223045     
   0.7071979394756464     
   0.7097460749006655     
   0.7123554094775061     
   0.7150088412312423     
   0.7176730312408021     
   0.7203043809414073     
   0.7228551053616762     
   0.7252788039474376     
   0.7275348569804582     
   0.7295912405631929     
   0.7314256533875769     
   0.7330251294980469     
   0.7343845012162742     
   0.7355041554303826     
   0.7363875114736179     
   0.7370385711380633     
   0.7374597936761690     
   0.7376504460554000     
   0.7376056573512531     
   0.7373165015399394     
   0.7367705661957972     
   0.7359530539023396     
   0.7348486238627956     
   0.7334439469562776     
   0.7317308394857625     
   0.7297096879265219     
   0.7273927260135703     
   0.7248065965293794     
   0.7219936241259275     
   0.7190112894693155     
   0.7159296893005054     
   0.7128271417329499     
   0.7097844715065673     
   0.7068787984806061     
   0.7041777611082627     
   0.7017349965588409     
   0.6995874118558935     
   0.6977544111807518     
   0.6962388972712882     
   0.6950296172031043     
   0.6941043087726146     
   0.6934331155297699     
   0.6929818384489793     
   0.6927147335566498     
   0.6925967072349729     
   0.6925948783611434     
   0.6926795578873468     
   0.6928247422758145     
   0.6930082341883003     
   0.6932115010115186     
   0.6934193676447449     
   0.6936196210778565     
   0.6938025850883366     
   0.6939607064526271     
   0.6940881805906725     
   0.6941806348516897     
   0.6942348815434691     
   0.6942487498749195     
   0.6942210132120188     
   0.6942764865378201     
   0.7000000000000000     
   0.7000000000000000     
   0.7019302538934936     
   0.7040642883342937     
   0.7061774788828645     
   0.7082925776645396     
   0.7104105809668827     
   0.7125161122929784     
   0.7145842900006900     
   0.7165851702956304     
   0.7184879420160704     
   0.7202644860061201     
   0.7218919080788428     
   0.7233538857732025     
   0.7246408784429934     
   0.7257494088597787     
   0.7266807090877313     
   0.7274390355973519     
   0.7280299181341106     
   0.7284585403273709     
   0.7287283819826664     
   0.7288401898003214     
   0.7287914061302969     
   0.7285762483075969     
   0.7281860602487873     
   0.7276099775339865     
   0.7268360553198913     
   0.7258528667064429     
   0.7246515206713099     
   0.7232279714870917     
   0.7215853887105537     
   0.7197362682390351     
   0.7177038896213265     
   0.7155227583290027     
   0.7132377529862957     
   0.7109019018559959     
   0.7085729699250092     
   0.7063092770280566     
   0.7041653352822854     
   0.7021879296114550     
   0.7004131649943981     
   0.6988648009493864     
   0.6975539471305572     
   0.6964799659798557     
   0.6956322718904914     
   0.6949926487722256     
   0.6945377213683727     
   0.6942412859252850     
   0.6940763026642667     
   0.6940164499188705     
   0.6940372206903329     
   0.6941165991535767     
   0.6942353871434097     
   0.6943772631091492     
   0.6945286544025396     
   0.6946784938660711     
   0.6948179182018017     
   0.6949399517942200     
   0.6950392075055295     
   0.6951116264303464     
   0.6951542720034957     
   0.6951651900372591     
   0.6951433539697323     
   0.6951870261047859     
   0.7000000000000000     
   0.7000000000000000     
   0.7015492916571747     
   0.7032528374281927     
   0.7049206741510785     
   0.7065655887164822     
   0.7081859155045367     
   0.7097696608075518     
   0.7112996761373923     
   0.7127566785024637     
   0.7141219336022537     
   0.7153793842343367     
   0.7165170143996019     
   0.7175274079243292     
   0.7184075920193668     
   0.7191583397603363     
   0.7197831373447261     
   0.7202870106428684     
   0.7206753672934562     
   0.7209529627982659     
   0.7211230555847993     
   0.7211867787258960     
   0.7211428035000287     
   0.7209874106567349     
   0.7207147122492903     
   0.7203170565326071     
   0.7197857185316099     
   0.7191118917745245     
   0.7182879650068351     
   0.7173090271957658     
   0.7161744833415711     
   0.7148895998770884     
   0.7134667458009000     
   0.7119260731333796     
   0.7102954140191275     
   0.7086092712610266     
   0.7069069098255539     
   0.7052297408469381     
   0.7036183257934283     
   0.7021094133119370     
   0.7007334162721354     
   0.6995126461468212     
   0.6984604707639600     
   0.6975813968395717     
   0.6968719371434228     
   0.6963220298572486     
   0.6959167460043499     
   0.6956380409809719     
   0.6954663603495106     
   0.6953819784800633     
   0.6953660147681630     
   0.6954011255166181     
   0.6954719058685365     
   0.6955650558826511     
   0.6956693711749627     
   0.6957756157321385     
   0.6958763265441714     
   0.6959655897906527     
   0.6960388186297979     
   0.6960925544569169     
   0.6961243073950897     
   0.6961324477577185     
   0.6961161670324608     
   0.6961487284829763     
   0.7000000000000000     
   0.7000000000000000     
   0.7011137179957576     
   0.7023340331894635     
   0.7035194734758778     
   0.7046767557274478     
   0.7058037093654830     
   0.7068920934496049     
   0.7079311164111746     
   0.7089093023306542     
   0.7098160667800433     
   0.7106428962538910     
   0.7113840270854337     
   0.7120366278962372     
   0.7126005650637890     
   0.7130778717277175     
   0.7134720499537595     
   0.7137873209168425     
   0.7140279103080970     
   0.7141974258295104     
   0.7142983579741312     
   0.7143317144362212     
   0.7142968311253778     
   0.7141914277305104     
   0.7140117435417583     
   0.7137527763394946     
   0.7134086901424594     
   0.7129734049591535     
   0.7124413665128848     
   0.7118084701212837     
   0.7110730821244734     
   0.7102370603006596     
   0.7093066397455613     
   0.7082930273593253     
   0.7072125535739432     
   0.7060862678500066     
   0.7049389492149917     
   0.7037975917250837     
   0.7026895364447935     
   0.7016404913820585     
   0.7006727093188707     
   0.6998035629675453     
   0.6990446798256424     
   0.6984016957300697     
   0.6978745819935763     
   0.6974584226291465     
   0.6971444756038432     
   0.6969213462138580     
   0.6967761251169314     
   0.6966953847942290     
   0.6966659740842481     
   0.6966755914506908     
   0.6967131485380180     
   0.6967689548820111     
   0.6968347635850630     
   0.6969037189018005     
   0.6969702428832097     
   0.6970298920221735     
   0.6970792081155393     
   0.6971155815075306     
   0.6971371400715597     
   0.6971426735432077     
   0.6971316065999117     
   0.6971537404865037     
   0.7000000000000000     
   0.7000000000000000     
   0.7006454271924651     
   0.7013513859036474     
   0.7020337351853161     
   0.7026956028508107     
   0.7033354493930063     
   0.7039486599728179     
   0.7045295372597230     
   0.7050722694033030     
   0.7055717153456553     
   0.7060239671602138     
   0.7064266435448953     
   0.7067789262860054     
   0.7070813886445143     
   0.7073356823999080     
   0.7075441515972167     
   0.7077094309444183     
   0.7078340712177505     
   0.7079202180474577     
   0.7079693575173657     
   0.7079821318260036     
   0.7079582466554969     
   0.7078965051673264     
   0.7077948797982540     
   0.7076506348510200     
   0.7074605354554424     
   0.7072211509857291     
   0.7069292541610879     
   0.7065823068720248     
   0.7061790018709607     
   0.7057198229256595     
   0.7052075493799491     
   0.7046476264144796     
   0.7040483184841946     
   0.7034205785800869     
   0.7027775988683506     
   0.7021340600354412     
   0.7015051551157417     
   0.7009055044770527     
   0.7003481095750200     
   0.6998434843330057     
   0.6993990697970303     
   0.6990189848632528     
   0.6987041083076548     
   0.6984524371034554     
   0.6982596356429998     
   0.6981196794327161     
   0.6980255050513324     
   0.6979695982774043     
   0.6979444777684787     
   0.6979430560816428     
   0.6979588793624958     
   0.6979862601611967     
   0.6980203247682770     
   0.6980569984415881     
   0.6980929505377533     
   0.6981255184055126     
   0.6981526251710970     
   0.6981727031056295     
   0.6981846315782312     
   0.6981876958683946     
   0.6981815672880678     
   0.6981938244487214     
   0.7000000000000000     
   0.7000000000000000     
   0.7001587520783256     
   0.7003320587557575     
   0.7004990825336675     
   0.7006605799536219     
   0.7008160488278934     
   0.7009643024166239     
   0.7011039471039709     
   0.7012335965667635     
   0.7013520519401155     
   0.7014584303415047     
   0.7015522285487458     
   0.7016333250769555     
   0.7017019331132459     
   0.7017585207931507     
   0.7018037152869092     
   0.7018382044774591     
   0.7018626461249654     
   0.7018775905383104     
   0.7018834197077107     
   0.7018803034477009     
   0.7018681776435033     
   0.7018467532518974     
   0.7018155338941016     
   0.7017738453458922     
   0.7017208856013866     
   0.7016557971923851     
   0.7015777613353116     
   0.7014861112279270     
   0.7013805061342282     
   0.7012610349843564     
   0.7011283380525516     
   0.7009837048019538     
   0.7008291187268747     
   0.7006672297480318     
   0.7005012727262425     
   0.7003348934573990     
   0.7001718848694343     
   0.7000159261751636     
   0.6998703243320371     
   0.6997377923700273     
   0.6996202936697624     
   0.6995189678577789     
   0.6994341422954237     
   0.6993654104816237     
   0.6993117614027008     
   0.6992717392033958     
   0.6992436065533818     
   0.6992254943648772     
   0.6992155266147553     
   0.6992119149416632     
   0.6992130227081188     
   0.6992174017322764     
   0.6992238068520590     
   0.6992311941528921     
   0.6992387084637125     
   0.6992456650009752     
   0.6992515291652442     
   0.6992558978495772     
   0.6992584861900270     
   0.6992591314391505     
   0.6992578409409034     
   0.6992604219373977     
   0.7000000000000000     
   0.7000000000000000     
   0.6996609337278297     
   0.6992931636900673     
   0.6989378240221829     
   0.6985934354794640     
   0.6982610013805243     
   0.6979428745624239     
   0.6976418147869744     
   0.6973605661589115     
   0.6971015016701175     
   0.6968663696775538     
   0.6966561683722345     
   0.6964711418351210     
   0.6963108730932930     
   0.6961744416455548     
   0.6960606129569298     
   0.6959680327213820     
   0.6958954063616016     
   0.6958416518794420     
   0.6958060202208053     
   0.6957881820643156     
   0.6957882709579035     
   0.6958068656822195     
   0.6958449556818310     
   0.6959038830088401     
   0.6959852436362435     
   0.6960907448198455     
   0.6962220193520035     
   0.6963804019913186     
   0.6965665859088508     
   0.6967804181737389     
   0.6970206595534223     
   0.6972847913117717     
   0.6975689265758821     
   0.6978678646460116     
   0.6981752516170400     
   0.6984839235595107     
   0.6987864268953745     
   0.6990755329383935     
   0.6993447478831779     
   0.6995887500452174     
   0.6998036969658654     
   0.6999873714684723     
   0.7001391588202696     
   0.7002598918625366     
   0.7003515956176225     
   0.7004171720748150     
   0.7004600776964957     
   0.7004840278706363     
   0.7004927505025966     
   0.7004897992625492     
   0.7004784270997667     
   0.7004615136991806     
   0.7004415366917838     
   0.7004205751111887     
   0.7004003340357103     
   0.7003821807859273     
   0.7003671847746312     
   0.7003561543796356     
   0.7003496630829821     
   0.7003480418256900     
   0.7003512843402742     
   0.7003447993111058     
   0.7000000000000000     
   0.7000000000000000     
   0.6996609337278297     
   0.6992931636900673     
   0.6989378240221829     
   0.6985934354794640     
   0.6982610013805243     
   0.6979428745624239     
   0.6976418147869744     
   0.6973605661589115     
   0.6971015016701175     
   0.6968663696775538     
   0.6966561683722345     
   0.6964711418351210     
   0.6963108730932930     
   0.6961744416455548     
   0.6960606129569298     
   0.6959680327213820     
   0.6958954063616016     
   0.6958416518794420     
   0.6958060202208053     
   0.6957881820643156     
   0.6957882709579035     
   0.6958068656822195     
   0.6958449556818310     
   0.6959038830088401     
   0.6959852436362435     
   0.6960907448198455     
   0.6962220193520035     
   0.6963804019913186     
   0.6965665859088508     
   0.6967804181737389     
   0.6970206595534223     
   0.6972847913117717     
   0.6975689265758821     
   0.6978678646460116     
   0.6981752516170400     
   0.6984839235595107     
   0.6987864268953745     
   0.6990755329383935     
   0.6993447478831779     
   0.6995887500452174     
   0.6998036969658654     
   0.6999873714684723     
   0.7001391588202696     
   0.7002598918625366     
   0.7003515956176225     
   0.7004171720748150     
   0.7004600776964957     
   0.7004840278706363     
   0.7004927505025966     
   0.7004897992625492     
   0.7004784270997667     
   0.7004615136991806     
   0.7004415366917838     
   0.7004205751111887     
   0.7004003340357103     
   0.7003821807859273     
   0.7003671847746312     
   0.7003561543796356     
   0.7003496630829821     
   0.7003480418256900     
   0.7003512843402742     
   0.7003444364553471     
