   0.7000000000000000     
   0.7000000000000000     
   0.6997378071559301     
   0.6992339250406966     
   0.6988895795985083     
   0.6986969511491758     
   0.6984393214673550     
   0.6981356278078732     
   0.6978122901299106     
   0.6975127152280032     
   0.6971593017369657     
   0.6969844588352802     
   0.6968280538381431     
   0.6965663880131159     
   0.6964095402451511     
   0.6962972679357424     
   0.6962430091353086     
   0.6960584288209797     
   0.6960465319476450     
   0.6961100389315313     
   0.6959619663179392     
   0.6958742775849595     
   0.6960094137131257     
   0.6959828819213985     
   0.6959697067878405     
   0.6960212419106592     
   0.6961644531585113     
   0.6962657083401524     
   0.6964020767569301     
   0.6965501852230256     
   0.6967197885879421     
   0.6969162430621595     
   0.6971542452186047     
   0.6974419904309823     
   0.6977229167022014     
   0.6980076168505898     
   0.6983369513531098     
   0.6986515085415059     
   0.6989607594913684     
   0.6992537656729112     
   0.6995374474839804     
   0.6998120654884357     
   0.7000135206524729     
   0.7002020560423809     
   0.7004116190053159     
   0.7005137964100597     
   0.7006288740029594     
   0.7007308802943234     
   0.7007568113692548     
   0.7007961790843672     
   0.7008012096216577     
   0.7008066719842267     
   0.7008222321053059     
   0.7008052357236545     
   0.7007915496619950     
   0.7007666931540109     
   0.7007588349468150     
   0.7007379227235712     
   0.7007264277234753     
   0.7007186503751667     
   0.7007148267203891     
   0.7007138709818671     
   0.7007157824589111     
   0.7007119595048231     
   0.7000000000000000     
   0.7000000000000000     
   0.6997378071559301     
   0.6992339250406966     
   0.6988895795985083     
   0.6986969511491758     
   0.6984393214673550     
   0.6981356278078732     
   0.6978122901299106     
   0.6975127152280032     
   0.6971593017369657     
   0.6969844588352802     
   0.6968280538381431     
   0.6965663880131159     
   0.6964095402451511     
   0.6962972679357424     
   0.6962430091353086     
   0.6960584288209797     
   0.6960465319476450     
   0.6961100389315313     
   0.6959619663179392     
   0.6958742775849595     
   0.6960094137131257     
   0.6959828819213985     
   0.6959697067878405     
   0.6960212419106592     
   0.6961644531585113     
   0.6962657083401524     
   0.6964020767569301     
   0.6965501852230256     
   0.6967197885879421     
   0.6969162430621595     
   0.6971542452186047     
   0.6974419904309823     
   0.6977229167022014     
   0.6980076168505898     
   0.6983369513531098     
   0.6986515085415059     
   0.6989607594913684     
   0.6992537656729112     
   0.6995374474839804     
   0.6998120654884357     
   0.7000135206524729     
   0.7002020560423809     
   0.7004116190053159     
   0.7005137964100597     
   0.7006288740029594     
   0.7007308802943234     
   0.7007568113692548     
   0.7007961790843672     
   0.7008012096216577     
   0.7008066719842267     
   0.7008222321053059     
   0.7008052357236545     
   0.7007915496619950     
   0.7007666931540109     
   0.7007588349468150     
   0.7007379227235712     
   0.7007264277234753     
   0.7007186503751667     
   0.7007148267203891     
   0.7007138709818671     
   0.7007157824589111     
   0.7007119595048231     
   0.7000000000000000     
   0.7000000000000000     
   0.7001332541521067     
   0.7003874424088289     
   0.7005626740459330     
   0.7006602755667256     
   0.7007924845626818     
   0.7009442391784814     
   0.7011081422866225     
   0.7012610908411026     
   0.7014396868144726     
   0.7015276326564818     
   0.7016077404765209     
   0.7017397455061949     
   0.7018180305304816     
   0.7018765877969368     
   0.7019039189742545     
   0.7019989399719282     
   0.7020018494230008     
   0.7019727184941518     
   0.7020463383484817     
   0.7020910266978959     
   0.7020225098450733     
   0.7020357935893672     
   0.7020416400427558     
   0.7020159371647672     
   0.7019431938714468     
   0.7018925003778795     
   0.7018234106671565     
   0.7017485465008961     
   0.7016624495006589     
   0.7015625565578263     
   0.7014419277092041     
   0.7012965430916238     
   0.7011540310034107     
   0.7010095850977959     
   0.7008425654753310     
   0.7006835567240832     
   0.7005263435928284     
   0.7003783151754290     
   0.7002346505854508     
   0.7000950988498627     
   0.6999930025218748     
   0.6998975930990675     
   0.6997915734729968     
   0.6997394422613604     
   0.6996814262346386     
   0.6996298897163974     
   0.6996163839434486     
   0.6995964811417984     
   0.6995940489630087     
   0.6995910943136088     
   0.6995833230963545     
   0.6995920572775245     
   0.6995988126410806     
   0.6996114522312931     
   0.6996154454098079     
   0.6996259829662193     
   0.6996319317145603     
   0.6996358273041223     
   0.6996377308715951     
   0.6996382421124456     
   0.6996372196307445     
   0.6996392645941467     
   0.7000000000000000     
   0.7000000000000000     
   0.7006500447259275     
   0.7013220394690804     
   0.7019745770296848     
   0.7026681178973443     
   0.7033032302664994     
   0.7039355704111124     
   0.7044481800938753     
   0.7049958560057450     
   0.7055047675535899     
   0.7059388400880622     
   0.7064307564595507     
   0.7068356618506511     
   0.7071218008898748     
   0.7073909522447219     
   0.7076000840300616     
   0.7077627678276007     
   0.7079253739139399     
   0.7080624199970964     
   0.7081084625842586     
   0.7081638060464619     
   0.7081629507374629     
   0.7081029478739175     
   0.7080429621446747     
   0.7079251934968462     
   0.7077615223782487     
   0.7075517688344517     
   0.7072948311374563     
   0.7069874805150641     
   0.7066116712962990     
   0.7061749893654852     
   0.7056846623830388     
   0.7051588000541151     
   0.7045665663628318     
   0.7039562732986975     
   0.7033164012253712     
   0.7026751475573669     
   0.7020281791828356     
   0.7014290201585716     
   0.7008558947017318     
   0.7003707086799809     
   0.6999284554288192     
   0.6995045387872370     
   0.6992052668464683     
   0.6989147838712753     
   0.6987152121280513     
   0.6985671841709170     
   0.6984766923563631     
   0.6984045619479848     
   0.6983800443795195     
   0.6983522999959253     
   0.6983746672651586     
   0.6983987836950389     
   0.6984260802372835     
   0.6984560017682151     
   0.6985003194563844     
   0.6985254913660854     
   0.6985528935801970     
   0.6985718584934703     
   0.6985835131780357     
   0.6985822957163089     
   0.6985847306397625     
   0.6985798607928554     
   0.7000000000000000     
   0.7000000000000000     
   0.7010731198353339     
   0.7023050210258324     
   0.7034097395145679     
   0.7046318946716726     
   0.7057155998199651     
   0.7068323610003294     
   0.7077950693039294     
   0.7087964724553260     
   0.7096518475609129     
   0.7105394515191563     
   0.7112838818557159     
   0.7118533019538598     
   0.7124796573734459     
   0.7129604910466329     
   0.7133619970566920     
   0.7137640457111831     
   0.7140874160100106     
   0.7142980567777809     
   0.7144250437370530     
   0.7144795788219264     
   0.7144631994345298     
   0.7144462116639303     
   0.7143225412459754     
   0.7140980926750352     
   0.7138103958518240     
   0.7134462302541287     
   0.7129631836191952     
   0.7123731107112341     
   0.7116779694100392     
   0.7108637436700656     
   0.7099483304369160     
   0.7089690657508809     
   0.7079243970455507     
   0.7068081216520381     
   0.7056768780379449     
   0.7045181971415844     
   0.7034343361480331     
   0.7023497373752604     
   0.7013758748614335     
   0.7004766435697867     
   0.6996890576137605     
   0.6990269905270896     
   0.6984590443654390     
   0.6980418262632819     
   0.6977036347164873     
   0.6974460049267709     
   0.6972748599099494     
   0.6971829441066769     
   0.6971449900029519     
   0.6971457431578114     
   0.6971685238869075     
   0.6972103369817382     
   0.6972658324575235     
   0.6973355701671422     
   0.6973997743303659     
   0.6974493988747242     
   0.6974961901831993     
   0.6975341048978272     
   0.6975521028965241     
   0.6975579055504814     
   0.6975463002425669     
   0.6975695108583958     
   0.7000000000000000     
   0.7000000000000000     
   0.7015007913046429     
   0.7031308712589636     
   0.7048592941277763     
   0.7063509390443760     
   0.7080070252753650     
   0.7094897146126766     
   0.7111120965720188     
   0.7125237726925574     
   0.7138333650042663     
   0.7150886336143549     
   0.7162389044453348     
   0.7173320228587849     
   0.7182135845229063     
   0.7189823793647452     
   0.7196650420572950     
   0.7202136541495273     
   0.7206587243762584     
   0.7209828196863797     
   0.7212070854735884     
   0.7213351673804768     
   0.7214056012217921     
   0.7212784499220277     
   0.7210616151909278     
   0.7207554309877875     
   0.7202865789295372     
   0.7196509322922824     
   0.7188903496409216     
   0.7179836946472056     
   0.7169051447455157     
   0.7156800258759742     
   0.7143296473134402     
   0.7127967271962048     
   0.7112054079176142     
   0.7095465425007903     
   0.7078648521435307     
   0.7061821542897773     
   0.7045791321705372     
   0.7030083803286520     
   0.7016159569014528     
   0.7003427786106309     
   0.6992321295624166     
   0.6983087532508784     
   0.6975768541107819     
   0.6969891842375890     
   0.6965461738558103     
   0.6962408326828743     
   0.6960363910455676     
   0.6959212461453151     
   0.6958933671924340     
   0.6959076744779945     
   0.6959605496469383     
   0.6960431789644067     
   0.6961336679032382     
   0.6962299378336694     
   0.6963243506784911     
   0.6964072313360783     
   0.6964783767270875     
   0.6965243075584501     
   0.6965560586594906     
   0.6965636588916683     
   0.6965484584273128     
   0.6965788593560237     
   0.7000000000000000     
   0.7000000000000000     
   0.7018363857160419     
   0.7039456011152039     
   0.7059652739309175     
   0.7079936722520310     
   0.7100921655168788     
   0.7121521023143429     
   0.7141466475020953     
   0.7162091509906493     
   0.7181761936995456     
   0.7198746145933292     
   0.7215399245214342     
   0.7229932312160887     
   0.7242767670556747     
   0.7254735079921109     
   0.7264594901371162     
   0.7272527956564270     
   0.7278625787873714     
   0.7283730877506328     
   0.7287205749017122     
   0.7289290668220166     
   0.7289757473342156     
   0.7288504503989132     
   0.7285551209394087     
   0.7280857282769451     
   0.7274317845799930     
   0.7265477975785306     
   0.7254402300058280     
   0.7240969177141007     
   0.7225378877626277     
   0.7207888910947089     
   0.7187872252060582     
   0.7166768854610733     
   0.7144371080268681     
   0.7121012134852732     
   0.7097461869538509     
   0.7074516310270983     
   0.7052680797967052     
   0.7032910792075522     
   0.7014558133479412     
   0.6998529272547060     
   0.6984663121279129     
   0.6973468314901266     
   0.6964319744513414     
   0.6957291841996618     
   0.6952498263200808     
   0.6949220737070116     
   0.6946932402629988     
   0.6946145051648984     
   0.6945986398010304     
   0.6946554190193831     
   0.6947547487333006     
   0.6948673903558863     
   0.6950181754798825     
   0.6951589009614647     
   0.6952833362322941     
   0.6954005139222981     
   0.6954933510514723     
   0.6955630532030965     
   0.6955993468396159     
   0.6956100879069849     
   0.6955886057722469     
   0.6956315700417228     
   0.7000000000000000     
   0.7000000000000000     
   0.7021332361723894     
   0.7045264550532000     
   0.7069854784125118     
   0.7093937287445889     
   0.7119152598230147     
   0.7145863410402693     
   0.7171152955845510     
   0.7197440502119963     
   0.7221727196878919     
   0.7246515719851757     
   0.7269277366605160     
   0.7289477955784107     
   0.7308423315722365     
   0.7324104308259557     
   0.7338872403074453     
   0.7350176578117592     
   0.7360228562338774     
   0.7368383962686481     
   0.7373788258559303     
   0.7376953897109626     
   0.7377381721238354     
   0.7375991894030056     
   0.7371995794163341     
   0.7365403580845140     
   0.7356005632948672     
   0.7343168214102556     
   0.7327412947095090     
   0.7308245408711884     
   0.7286205342645631     
   0.7261529361810830     
   0.7234111776754386     
   0.7204879823708246     
   0.7174337604915407     
   0.7143184658865183     
   0.7112538049407606     
   0.7083348452426967     
   0.7054933800354868     
   0.7029785505672164     
   0.7007428416918922     
   0.6988553168713906     
   0.6973274065007071     
   0.6960025710156659     
   0.6949873882775562     
   0.6942624754563718     
   0.6937469561675129     
   0.6934223938560538     
   0.6932629064675774     
   0.6932220805244320     
   0.6932779184783620     
   0.6934031879023026     
   0.6935482495866460     
   0.6937365888263827     
   0.6939280901804954     
   0.6941132044887423     
   0.6942839185615081     
   0.6944379098987776     
   0.6945586390115033     
   0.6946435434038020     
   0.6946963990781161     
   0.6947098029820370     
   0.6946829951741952     
   0.6947366107898788     
   0.7000000000000000     
   0.7000000000000000     
   0.7022555465748149     
   0.7047392259616709     
   0.7074219043576455     
   0.7103997832220746     
   0.7133193380938856     
   0.7163643242781295     
   0.7196104044764726     
   0.7228626395444349     
   0.7262723749116017     
   0.7295188962224186     
   0.7325819704765405     
   0.7354237723260935     
   0.7379977096635413     
   0.7403786463339890     
   0.7423912203717011     
   0.7442222138479432     
   0.7455790854885243     
   0.7466336251032688     
   0.7474781221171130     
   0.7479596413610838     
   0.7481433938347359     
   0.7479307186707347     
   0.7473636761411702     
   0.7463626205958112     
   0.7449794899612092     
   0.7432149255884551     
   0.7409783948357711     
   0.7383364263829247     
   0.7352418356961776     
   0.7317761210231322     
   0.7280429599907250     
   0.7240991711265397     
   0.7200766502087201     
   0.7160375665442673     
   0.7120643434994465     
   0.7084205718985070     
   0.7050707519225765     
   0.7020984538460487     
   0.6994710607464338     
   0.6973061100477904     
   0.6955488612878309     
   0.6942236774230386     
   0.6932140277236235     
   0.6925272359008677     
   0.6920564067968517     
   0.6917818955173521     
   0.6917431126481521     
   0.6917866736500564     
   0.6919208524633476     
   0.6921343274097783     
   0.6923617449854115     
   0.6926226372850949     
   0.6928690840834706     
   0.6931195873220584     
   0.6933326926468055     
   0.6935236900347026     
   0.6936754485918718     
   0.6937834787828894     
   0.6938473438292775     
   0.6938616486442464     
   0.6938330390143086     
   0.6938902582741842     
   0.7000000000000000     
   0.7000000000000000     
   0.7022396824539189     
   0.7048199528608821     
   0.7075648914277558     
   0.7104531211706610     
   0.7137975013845956     
   0.7175038848209689     
   0.7215169843334295     
   0.7256227996318246     
   0.7298667209003334     
   0.7340192219030561     
   0.7381502748883295     
   0.7421040365296931     
   0.7458696459544483     
   0.7491704267467433     
   0.7521215905917623     
   0.7545841833529262     
   0.7567452652689914     
   0.7583991713789345     
   0.7596471003850385     
   0.7604282272183084     
   0.7606583902769086     
   0.7603439402960830     
   0.7595648081906525     
   0.7582460708702244     
   0.7562881820981517     
   0.7537332598119098     
   0.7505839142746072     
   0.7468034531570661     
   0.7425027261106009     
   0.7376716855609782     
   0.7326579569134533     
   0.7272817861036240     
   0.7219864007473105     
   0.7168728869808265     
   0.7120750685544466     
   0.7076060555364454     
   0.7036470708525490     
   0.7002730748901649     
   0.6973994527875444     
   0.6951092758801829     
   0.6933281284315815     
   0.6919719535198756     
   0.6910719407542050     
   0.6904752547138369     
   0.6901643964209367     
   0.6900861976710422     
   0.6901090519853503     
   0.6902929705167342     
   0.6905619102699549     
   0.6908769964032042     
   0.6912043139693337     
   0.6915399306390897     
   0.6918697020057161     
   0.6921672282798409     
   0.6924423276144269     
   0.6926721184840512     
   0.6928535266801091     
   0.6929812292146303     
   0.6930593104322564     
   0.6930779887140701     
   0.6930406321504428     
   0.6931153452776975     
   0.7000000000000000     
   0.7000000000000000     
   0.7018950867070658     
   0.7042446707140886     
   0.7068123868023588     
   0.7098887019596174     
   0.7134624218225007     
   0.7175601377098485     
   0.7221738340165135     
   0.7272948482405793     
   0.7325829766789808     
   0.7381000284351469     
   0.7434831864763884     
   0.7488582191469590     
   0.7540075408845290     
   0.7587980122481965     
   0.7631111784656774     
   0.7669690618186850     
   0.7701810197000110     
   0.7726034747015347     
   0.7744804654783284     
   0.7756817742278936     
   0.7761413678702835     
   0.7759536248466800     
   0.7748834508470863     
   0.7729176938565274     
   0.7701014296958417     
   0.7663388339442468     
   0.7616944981080566     
   0.7563097878196585     
   0.7501915677962495     
   0.7437088472008799     
   0.7367358132821371     
   0.7298387639759559     
   0.7229115933330363     
   0.7165515794665566     
   0.7106887100891339     
   0.7055218600354971     
   0.7011071153878834     
   0.6973891849164774     
   0.6944932722989434     
   0.6921486689600793     
   0.6905045895066142     
   0.6893508142756795     
   0.6885835912222404     
   0.6882216641690149     
   0.6881126909177684     
   0.6882210825979850     
   0.6884745617046123     
   0.6887977720815166     
   0.6892038387622077     
   0.6896360707820040     
   0.6900882564986374     
   0.6905102654544981     
   0.6909131325055424     
   0.6912912646850626     
   0.6916210862725578     
   0.6918824207139466     
   0.6920963365017497     
   0.6922520063526323     
   0.6923397714021864     
   0.6923606542981134     
   0.6923188885062593     
   0.6924024200899676     
   0.7000000000000000     
   0.7000000000000000     
   0.7012962612009901     
   0.7031731526545240     
   0.7052658768337106     
   0.7080530630171349     
   0.7116211281230379     
   0.7159282827437713     
   0.7212582928643103     
   0.7270769273553099     
   0.7337325396520852     
   0.7408685814303421     
   0.7481675317971253     
   0.7554859829326654     
   0.7628335094935903     
   0.7695867667416472     
   0.7758756842920516     
   0.7814490459808413     
   0.7863051615006920     
   0.7903474104176247     
   0.7932200629053787     
   0.7951285326473787     
   0.7960122093748221     
   0.7957128588679392     
   0.7940577253936625     
   0.7911417533817495     
   0.7868950238808257     
   0.7813978506983441     
   0.7747526090519032     
   0.7669561474536875     
   0.7582860035557741     
   0.7491003951970994     
   0.7400068004596505     
   0.7308685382313346     
   0.7223362783563179     
   0.7144813306160125     
   0.7076351412656856     
   0.7020166755775131     
   0.6970952315708653     
   0.6933741256879007     
   0.6904775104474647     
   0.6884905415573650     
   0.6870798405568393     
   0.6862553058797036     
   0.6858367172715303     
   0.6857864495239825     
   0.6859370178884630     
   0.6863195627208433     
   0.6867690617899374     
   0.6873303219860362     
   0.6878848938156434     
   0.6884574735025499     
   0.6890261125427981     
   0.6895577955546683     
   0.6900451840347613     
   0.6904794152192856     
   0.6908595090609724     
   0.6911738268743437     
   0.6914141784542305     
   0.6915938284528336     
   0.6916916351479090     
   0.6917159496881362     
   0.6916673206076818     
   0.6917645787685907     
   0.7000000000000000     
   0.7000000000000000     
   0.7004873402741145     
   0.7013364371650574     
   0.7026396655619539     
   0.7049424436171192     
   0.7080195722395479     
   0.7124811506140198     
   0.7178096260588736     
   0.7247752098673552     
   0.7324694121338435     
   0.7413266769053912     
   0.7511862849581536     
   0.7611911389632708     
   0.7708267119006637     
   0.7809491804858306     
   0.7903834734942718     
   0.7988933276425162     
   0.8063086111431004     
   0.8125204875362338     
   0.8171299116311153     
   0.8203063377937401     
   0.8215553250888944     
   0.8211237325985914     
   0.8188202951111188     
   0.8144957330031990     
   0.8081461622140099     
   0.7998776061098890     
   0.7899047626979838     
   0.7784172712836710     
   0.7661919752606891     
   0.7534913462735278     
   0.7410507522431187     
   0.7296551387546795     
   0.7192780444085678     
   0.7100419739940201     
   0.7024976072180716     
   0.6964200282750856     
   0.6916884183765699     
   0.6880983788103030     
   0.6857873443992428     
   0.6840864719102555     
   0.6831847096518214     
   0.6828571247022379     
   0.6829179168212762     
   0.6832183915768768     
   0.6837540500331677     
   0.6844033208472116     
   0.6851229508055326     
   0.6858551990405455     
   0.6866302816928835     
   0.6873605907495463     
   0.6880463658344440     
   0.6886814698449742     
   0.6892469577934270     
   0.6897513235838444     
   0.6901754117324997     
   0.6905362184993771     
   0.6908109236073773     
   0.6910054947352979     
   0.6911198457526180     
   0.6911466086735711     
   0.6910930828316648     
   0.6912001345154775     
   0.7000000000000000     
   0.7000000000000000     
   0.6992601541140389     
   0.6987510747852698     
   0.6991284534287554     
   0.7001051515941741     
   0.7026462391630489     
   0.7066471884155565     
   0.7119021187030290     
   0.7189403188873662     
   0.7279708968545768     
   0.7385180237103997     
   0.7504362560235114     
   0.7639881434079754     
   0.7780892390064903     
   0.7921729986891410     
   0.8061823535737290     
   0.8192868855418217     
   0.8309580682229638     
   0.8407643296830229     
   0.8485100388763699     
   0.8530483126214654     
   0.8552868453952731     
   0.8544995631933004     
   0.8511876432387711     
   0.8447335964749190     
   0.8352580249019972     
   0.8226477976982964     
   0.8073802609726143     
   0.7902735501715394     
   0.7725124025718023     
   0.7553632786214031     
   0.7393713565806070     
   0.7249080896513181     
   0.7126686064119669     
   0.7028285510915304     
   0.6946827462786057     
   0.6887886959870774     
   0.6847727985785083     
   0.6818143573930646     
   0.6800223285854949     
   0.6792044850381280     
   0.6789790670402094     
   0.6792671636985644     
   0.6798821111921916     
   0.6806503390657000     
   0.6815697226443109     
   0.6825478033635088     
   0.6835659897754123     
   0.6845166452294178     
   0.6854513328604289     
   0.6863424681140022     
   0.6871589842531878     
   0.6878837835582744     
   0.6885444299462431     
   0.6890987032000866     
   0.6895850974032685     
   0.6899751410543123     
   0.6902831781887609     
   0.6904947055872046     
   0.6906180728048019     
   0.6906501033721728     
   0.6905860422374310     
   0.6907141645069146     
   0.7000000000000000     
   0.7000000000000000     
   0.6977796566042695     
   0.6958117620691828     
   0.6944686226269325     
   0.6942179761897052     
   0.6950318064582470     
   0.6978565651356865     
   0.7024093237721434     
   0.7090021918362439     
   0.7187012414959948     
   0.7308620988250025     
   0.7453821270108263     
   0.7627249435596717     
   0.7815120512204471     
   0.8022710572461803     
   0.8225956832051301     
   0.8430246841771498     
   0.8617554683218160     
   0.8789138736183780     
   0.8905289816590594     
   0.8972888310367171     
   0.8994499439594795     
   0.8981108956717635     
   0.8930333805152093     
   0.8842914792070974     
   0.8704160951030925     
   0.8498155018525263     
   0.8256931044693592     
   0.8006621224485282     
   0.7755904580409789     
   0.7528974634493628     
   0.7325432125883257     
   0.7154311939794923     
   0.7022658475487656     
   0.6918705593340547     
   0.6845623089525077     
   0.6792267984719275     
   0.6760607321787730     
   0.6744809952975466     
   0.6737954533216550     
   0.6739509801532919     
   0.6745844236383989     
   0.6756043571184753     
   0.6768494017278606     
   0.6781546382703948     
   0.6795020057794025     
   0.6808066683229095     
   0.6820742441217439     
   0.6833013728748276     
   0.6843991444582987     
   0.6854323623170548     
   0.6863656623187029     
   0.6871863399591609     
   0.6879179690669808     
   0.6885418082431335     
   0.6890647050183893     
   0.6894949262208541     
   0.6898258404491581     
   0.6900597450461641     
   0.6901925960058751     
   0.6902258962061619     
   0.6901592958055883     
   0.6902924966067355     
   0.7000000000000000     
   0.7000000000000000     
   0.6961968940861355     
   0.6922819370457406     
   0.6890968100657725     
   0.6868955107093599     
   0.6860749949470993     
   0.6863620875995466     
   0.6894143701078603     
   0.6950891516130669     
   0.7032677530135701     
   0.7158758839474075     
   0.7330004472323823     
   0.7539140927742549     
   0.7790125558628374     
   0.8065809231928582     
   0.8372308227377374     
   0.8660923576378822     
   0.8988005250317711     
   0.9357573722023291     
   0.9548047529648969     
   0.9582936759131115     
   0.9563202714550957     
   0.9522743867473377     
   0.9467045011779973     
   0.9377648256138185     
   0.9214254804520459     
   0.8838703328090217     
   0.8439672439250907     
   0.8055242061932375     
   0.7715865786017773     
   0.7421314781936141     
   0.7182397038442122     
   0.7004928389688757     
   0.6866689599101996     
   0.6773808464649006     
   0.6714302023213978     
   0.6679987639601312     
   0.6665756376675382     
   0.6665270787117407     
   0.6671964017559877     
   0.6685962115757852     
   0.6702573299788117     
   0.6720959717977923     
   0.6739672612719924     
   0.6757772772272665     
   0.6775533221604284     
   0.6792141207135886     
   0.6807853779727390     
   0.6821904716880026     
   0.6834833812996215     
   0.6846477165176902     
   0.6856786649432993     
   0.6865863318867934     
   0.6873825028564615     
   0.6880628553945989     
   0.6886320005569245     
   0.6890941612441392     
   0.6894440151611556     
   0.6896919280157302     
   0.6898354726905027     
   0.6898701688401212     
   0.6898007765408842     
   0.6899395611393582     
   0.7000000000000000     
   0.7000000000000000     
   0.6944337415158949     
   0.6886116418040757     
   0.6833839994558081     
   0.6789011377337282     
   0.6754777357271621     
   0.6733886140073542     
   0.6732661362462778     
   0.6758619135571282     
   0.6826496138475364     
   0.6933017235932621     
   0.7094486446328305     
   0.7329872058849387     
   0.7644666170508553     
   0.8045331959481086     
   0.8522135966273048     
   0.8784155019016249     
   0.9033864415691935     
    1.028405242241796     
    1.049166101502941     
    1.032089638771749     
    1.015295613643518     
    1.008744878985038     
    1.008842963845050     
    1.014195816040576     
    1.036755673264437     
   0.9231110131350554     
   0.8512628204073538     
   0.7987090502320919     
   0.7541724029690607     
   0.7208044635063087     
   0.6957797653327268     
   0.6776977244086362     
   0.6660377132688058     
   0.6595508976146522     
   0.6561599408691952     
   0.6557281771237643     
   0.6565616432136377     
   0.6582386063360830     
   0.6608354161501799     
   0.6633883944980021     
   0.6661727934715745     
   0.6687890487074197     
   0.6713373317057482     
   0.6736846895891992     
   0.6758747904047546     
   0.6778602847272412     
   0.6796382839430650     
   0.6812398753764112     
   0.6826880698195535     
   0.6839723897417784     
   0.6851014200207398     
   0.6860854169015576     
   0.6869364848847102     
   0.6876661032088336     
   0.6882726473320107     
   0.6887542853179047     
   0.6891300389441739     
   0.6893907337575832     
   0.6895413140495423     
   0.6895785216500605     
   0.6895041064490242     
   0.6896529368510969     
   0.7000000000000000     
   0.7000000000000000     
   0.6927889358869262     
   0.6849337028324697     
   0.6776648147632709     
   0.6704356932407548     
   0.6642735537782619     
   0.6591083962683026     
   0.6550544158152591     
   0.6539237455635680     
   0.6553020923975835     
   0.6615900987292740     
   0.6738812663602631     
   0.6939720158144758     
   0.7263031397388872     
   0.7775927985759208     
   0.8950332231493283     
   0.8509454984822111     
   0.7199020599649477     
   0.4493037778044257     
   0.3317771503435615     
   0.3044266224152592     
   0.3034048271851491     
   0.3110630187023997     
   0.3286725485702185     
   0.3627429875571371     
   0.4364462192878747     
   0.6635431478521252     
   0.8303670112298384     
   0.7773490603432212     
   0.7220194725200386     
   0.6856994224126678     
   0.6625866883830023     
   0.6491759351556444     
   0.6420253490500182     
   0.6391736972515146     
   0.6402565625558847     
   0.6426382174707442     
   0.6464562180077535     
   0.6502904299629872     
   0.6546862435493097     
   0.6586989232449327     
   0.6624495188377475     
   0.6659580228380588     
   0.6690188875242389     
   0.6718744713397605     
   0.6744047191430813     
   0.6766799586256762     
   0.6786689122029970     
   0.6804697096869057     
   0.6820187907007913     
   0.6834145150774175     
   0.6846206785883537     
   0.6856778767510162     
   0.6865769170776199     
   0.6873419819874050     
   0.6879736025057229     
   0.6884862620825508     
   0.6888765480801990     
   0.6891487542048849     
   0.6893052958099892     
   0.6893425958363795     
   0.6892679957835990     
   0.6894171958891600     
   0.7000000000000000     
   0.7000000000000000     
   0.6911798671212122     
   0.6817645770346170     
   0.6720501508535858     
   0.6627016576515524     
   0.6536393690016017     
   0.6445418508988906     
   0.6364015153585310     
   0.6295496291488427     
   0.6241862876793677     
   0.6224942633210729     
   0.6250522087880142     
   0.6352253369293084     
   0.6529636710497115     
   0.6783957090700385     
   0.4173277440062686     
   0.2973082211747731     
   0.2765459019128229     
   0.2927688161854261     
   0.3037887594025851     
   0.3048935498614428     
   0.3041587816353655     
   0.3051405290054587     
   0.3084297014780359     
   0.3142374120263093     
   0.2934427687686217     
   0.3117251043520515     
   0.3879868537821908     
   0.6335744659800366     
   0.6619732172073490     
   0.6387454250190154     
   0.6222081812674312     
   0.6148296609198279     
   0.6150072943685200     
   0.6183273222363346     
   0.6240527762160681     
   0.6302337752960017     
   0.6369788856825949     
   0.6433082807517012     
   0.6492713161765065     
   0.6545631028621374     
   0.6592419466650927     
   0.6634056848449668     
   0.6671238829354517     
   0.6703580410828973     
   0.6731996761831012     
   0.6757061985844901     
   0.6778884223997099     
   0.6798162938973027     
   0.6814967844180337     
   0.6829609950930338     
   0.6842478706634010     
   0.6853459362475476     
   0.6862854470829687     
   0.6870883392289783     
   0.6877433271606329     
   0.6882700218473091     
   0.6886765507322434     
   0.6889570561815004     
   0.6891170049775051     
   0.6891586938192967     
   0.6890753161357134     
   0.6892420715028801     
   0.7000000000000000     
   0.7000000000000000     
   0.6898837385039565     
   0.6786684155706432     
   0.6672683161600856     
   0.6557033628547578     
   0.6435699575900213     
   0.6310751321810151     
   0.6184999992629197     
   0.6055122554990168     
   0.5931132873024620     
   0.5813076556788752     
   0.5722038065042864     
   0.5646510982881785     
   0.6206013660356987     
   0.3949607186339570     
   0.3094512158736256     
   0.2974613433937477     
   0.2944046673155196     
   0.2970101646371473     
   0.3004514571027193     
   0.3019952273492041     
   0.3028962059812387     
   0.3037485092931019     
   0.3048450995098048     
   0.3051734671483904     
   0.3018300668884449     
   0.3058384978656785     
   0.2923514124547683     
   0.3611243178565884     
   0.5817955712730347     
   0.5869810270101773     
   0.5751159055401143     
   0.5793291739411861     
   0.5873715426474335     
   0.5979037655438917     
   0.6086432652342866     
   0.6192480262317455     
   0.6287351571821290     
   0.6372743222473745     
   0.6447180383738216     
   0.6510656698794531     
   0.6565489062044940     
   0.6614043616081827     
   0.6655776364749554     
   0.6691305640504595     
   0.6722453356041433     
   0.6749196400140405     
   0.6772764672530105     
   0.6793022184178001     
   0.6810790514847327     
   0.6826125387142099     
   0.6839475998908413     
   0.6850934301954235     
   0.6860651678298364     
   0.6868846233103368     
   0.6875649209331420     
   0.6881034517234286     
   0.6885190201298048     
   0.6888091027049130     
   0.6889729160670272     
   0.6890151070457720     
   0.6889307250882823     
   0.6890994890032616     
   0.7000000000000000     
   0.7000000000000000     
   0.6887938257691486     
   0.6760873327675618     
   0.6633438620373491     
   0.6495631477427408     
   0.6350506689704771     
   0.6193635077909585     
   0.6022799119642965     
   0.5831277237859933     
   0.5631779181839606     
   0.5425772453118473     
   0.5173551108610940     
   0.4899847468407630     
   0.3238004590765941     
   0.2872966795799149     
   0.2937230180779742     
   0.2970754748199835     
   0.2970290141454676     
   0.2978547504839746     
   0.2991671277588415     
   0.3003253641321374     
   0.3011690922527733     
   0.3017321294164007     
   0.3021031052271380     
   0.3020251917118513     
   0.3010840581608322     
   0.3006638592756142     
   0.2991497313462848     
   0.2779485865701526     
   0.3330590986473080     
   0.4766895873153131     
   0.5261824272380978     
   0.5434410226819414     
   0.5608695731801558     
   0.5790124760423587     
   0.5955164735518081     
   0.6097976397428551     
   0.6217136915739860     
   0.6323340477618042     
   0.6409409307519036     
   0.6482346047368435     
   0.6545262213419731     
   0.6598152492579288     
   0.6643251593524602     
   0.6681833366440454     
   0.6714767356727150     
   0.6743248039592628     
   0.6767890970497195     
   0.6789245131868167     
   0.6807578732846842     
   0.6823480449731431     
   0.6837220800911847     
   0.6848894537711764     
   0.6858948331123732     
   0.6867340121789685     
   0.6874290560806597     
   0.6879773939404206     
   0.6884035407761104     
   0.6886969096621974     
   0.6888633761395727     
   0.6889081850358798     
   0.6888185672432656     
   0.6889978028284940     
   0.7000000000000000     
   0.7000000000000000     
   0.6878839976520827     
   0.6741773016858399     
   0.6600595788176946     
   0.6449547668677010     
   0.6281505352417032     
   0.6095715517154249     
   0.5884020827648446     
   0.5644187573528148     
   0.5372897835565491     
   0.5081215142886913     
   0.4813192025164479     
   0.5349958846946243     
   0.3896976383556598     
   0.3131642500129262     
   0.2976814744850723     
   0.2965742312145165     
   0.2969565887568191     
   0.2976348163479340     
   0.2984558583490938     
   0.2991737649281830     
   0.2997229136434765     
   0.3001630264327342     
   0.3003041002472399     
   0.3001576965663311     
   0.2996323070722680     
   0.2991374002907579     
   0.2988857193581832     
   0.2998882411041225     
   0.3542550189216424     
   0.4886559931903326     
   0.4921920543469567     
   0.5092775405781390     
   0.5373182209994490     
   0.5635828561666281     
   0.5849009836086274     
   0.6023001728315852     
   0.6165267543051881     
   0.6282220209506402     
   0.6380410323848404     
   0.6461448039314003     
   0.6529350388662348     
   0.6586122482728780     
   0.6633994947789491     
   0.6674711380491143     
   0.6709197726775639     
   0.6738906917439089     
   0.6764291920921670     
   0.6786261313817958     
   0.6805223025354166     
   0.6821471495705212     
   0.6835512887589843     
   0.6847453905898507     
   0.6857688543533895     
   0.6866250406698791     
   0.6873219387223332     
   0.6878892542378461     
   0.6883172112167127     
   0.6886149398968120     
   0.6887871060975894     
   0.6888302596328983     
   0.6887439525622805     
   0.6889165667035162     
   0.7000000000000000     
   0.7000000000000000     
   0.6872388830968220     
   0.6728072667085775     
   0.6576746352365791     
   0.6412630950050354     
   0.6229969480466596     
   0.6021058652682326     
   0.5778511437008987     
   0.5493699538718888     
   0.5149709831302246     
   0.4724388015704908     
   0.4178205882573814     
   0.2828818333519637     
   0.2707034514700287     
   0.2873713827053083     
   0.2942111938102292     
   0.2958821693914749     
   0.2964786460273973     
   0.2970584302933946     
   0.2977129275045963     
   0.2982803375625650     
   0.2986963872444743     
   0.2989699235508417     
   0.2990625503367430     
   0.2988414437451600     
   0.2983527992294508     
   0.2974925260282163     
   0.2960245367443293     
   0.2955288923154656     
   0.2574503219815893     
   0.3028588163513181     
   0.4123883997153924     
   0.4768361229437637     
   0.5197204403775119     
   0.5508896378656276     
   0.5764937813858506     
   0.5967906286589986     
   0.6125090404645374     
   0.6254873505887983     
   0.6360011837556364     
   0.6446408999449695     
   0.6517866828193253     
   0.6577279630243618     
   0.6627303295216090     
   0.6669421190770120     
   0.6705261244877192     
   0.6735729842834470     
   0.6761784048721561     
   0.6784197961711562     
   0.6803523811071704     
   0.6820059088048989     
   0.6834257037533814     
   0.6846464113778563     
   0.6856795389781091     
   0.6865417629195667     
   0.6872523483295045     
   0.6878236716625379     
   0.6882562847559527     
   0.6885573173210062     
   0.6887310049048931     
   0.6887730255327733     
   0.6886889842770130     
   0.6888570667885336     
   0.7000000000000000     
   0.7000000000000000     
   0.6868913458588519     
   0.6717742235392600     
   0.6561071983364257     
   0.6388541252605148     
   0.6195279054441165     
   0.5971867903581083     
   0.5707244908366785     
   0.5393012022152156     
   0.5006359276961339     
   0.4539940270838758     
   0.3956513026861337     
   0.3090018329080460     
   0.2862713406941715     
   0.2889030343582439     
   0.2928854293708471     
   0.2948080160464558     
   0.2957800519243527     
   0.2965043542335238     
   0.2971178967133338     
   0.2976272788911839     
   0.2979774194319201     
   0.2981611445162908     
   0.2981464502498807     
   0.2979186763246531     
   0.2973162281976243     
   0.2964054067594035     
   0.2948796404583316     
   0.2923411537572705     
   0.2830718616197829     
   0.2896635133778769     
   0.3791512316115715     
   0.4550152303581959     
   0.5061283677297982     
   0.5433178496662324     
   0.5710020744545307     
   0.5927792465892905     
   0.6099153361963573     
   0.6235919069817866     
   0.6346427721034127     
   0.6436363073492228     
   0.6510270891258861     
   0.6571556019484746     
   0.6622814929220379     
   0.6666062753535251     
   0.6702611320685249     
   0.6733553241410548     
   0.6760082167851778     
   0.6782798243254856     
   0.6802348365244546     
   0.6819083245566808     
   0.6833461694413783     
   0.6845772292307519     
   0.6856185489585136     
   0.6864877748354283     
   0.6872077759521165     
   0.6877801092332989     
   0.6882147780935562     
   0.6885185347162770     
   0.6886927208175506     
   0.6887383145826209     
   0.6886471270524803     
   0.6888295021127615     
   0.7000000000000000     
   0.7000000000000000     
   0.6866767652357186     
   0.6712868133444787     
   0.6551994259676124     
   0.6375647521872623     
   0.6175530108042365     
   0.5943438412927020     
   0.5666805689658732     
   0.5335311930607467     
   0.4932355888276028     
   0.4446174638587934     
   0.3869229682765316     
   0.3132701451561045     
   0.2907410445673495     
   0.2901785463002799     
   0.2926357149265653     
   0.2942770885342186     
   0.2953720070180093     
   0.2961780962560753     
   0.2967512219326638     
   0.2971764202408833     
   0.2974750216304581     
   0.2975820412840126     
   0.2975051201886127     
   0.2972001167814550     
   0.2966385856847033     
   0.2957719759698738     
   0.2945238899694504     
   0.2929037818121637     
   0.2920679020610955     
   0.2950296978497592     
   0.3681671285629282     
   0.4442190220216048     
   0.4993172996600375     
   0.5388992942236768     
   0.5681023803304013     
   0.5907426140615025     
   0.6085020155242590     
   0.6224934927585677     
   0.6338010305267798     
   0.6430134066772171     
   0.6506136179072138     
   0.6568243562293995     
   0.6620304661011208     
   0.6663980928223474     
   0.6700911057068232     
   0.6732261623998117     
   0.6759093655044904     
   0.6782032071246723     
   0.6801607445583644     
   0.6818514714834898     
   0.6833004243520152     
   0.6845348536110034     
   0.6855817634246548     
   0.6864579529356762     
   0.6871802738329159     
   0.6877541426812446     
   0.6881906597280423     
   0.6884958967483907     
   0.6886714925361453     
   0.6887163388612152     
   0.6886266462110755     
   0.6888060315113549     
   0.7000000000000000     
   0.7000000000000000     
   0.6866121989183828     
   0.6711724248439733     
   0.6549378113920834     
   0.6372147882498154     
   0.6170751599656216     
   0.5934409804371918     
   0.5654822104664466     
   0.5319460694075006     
   0.4912109935880512     
   0.4416214744990951     
   0.3844192396569354     
   0.3141999012872199     
   0.2920631817716565     
   0.2909392592253531     
   0.2927797728707445     
   0.2942964081931356     
   0.2953086797880130     
   0.2960054440100703     
   0.2965085382130178     
   0.2968869263022643     
   0.2970873983889297     
   0.2971722556011490     
   0.2970775364316682     
   0.2967634328904660     
   0.2961897079607515     
   0.2953683837102378     
   0.2942867697623054     
   0.2931193230917801     
   0.2944059759770498     
   0.2975843839483648     
   0.3680553013671161     
   0.4432005682103940     
   0.4982388053420829     
   0.5380880453815281     
   0.5675601169118825     
   0.5902173169941108     
   0.6079768482469047     
   0.6221443128151840     
   0.6335569845013201     
   0.6428470926847117     
   0.6504358242639023     
   0.6567030405511201     
   0.6619256050368681     
   0.6663088109295272     
   0.6700403007914044     
   0.6731729222051107     
   0.6758649596743589     
   0.6781656278213021     
   0.6801355651793415     
   0.6818276576293631     
   0.6832815313348002     
   0.6845169269067830     
   0.6855667649535527     
   0.6864462710253308     
   0.6871692531176712     
   0.6877445642734725     
   0.6881817556155285     
   0.6884866323193479     
   0.6886635558339835     
   0.6887078249209034     
   0.6886192867470636     
   0.6887963630947432     
   0.7000000000000000     
   0.7000000000000000     
   0.6867320702160594     
   0.6714514949649868     
   0.6553238354511144     
   0.6377429583012937     
   0.6178969985250404     
   0.5945944781147731     
   0.5671176352975404     
   0.5340296867263381     
   0.4939922307515441     
   0.4448027915048430     
   0.3865799967316351     
   0.3119381571966658     
   0.2902077590676490     
   0.2905661582717616     
   0.2931588015811749     
   0.2947020422234269     
   0.2954851765929292     
   0.2959875882877549     
   0.2963851917868142     
   0.2966858347922547     
   0.2968790112587523     
   0.2969269347200160     
   0.2968114367996462     
   0.2964929148333991     
   0.2959525931003748     
   0.2951452184820497     
   0.2939243716612309     
   0.2922778459263765     
   0.2913055846528185     
   0.2985258836426768     
   0.3776546163431562     
   0.4510325178973498     
   0.5029779661705576     
   0.5405166206088874     
   0.5688224213044810     
   0.5910569510639101     
   0.6084786933900103     
   0.6225507459031356     
   0.6338579332234322     
   0.6430246628330820     
   0.6505303578644370     
   0.6567818233712630     
   0.6619818860432085     
   0.6663559411118336     
   0.6700682238599390     
   0.6731976274033152     
   0.6758750467670998     
   0.6781777906807547     
   0.6801470866087067     
   0.6818366451889759     
   0.6832883788554580     
   0.6845240791091142     
   0.6855734701725679     
   0.6864517629475320     
   0.6871741121554902     
   0.6877496252478448     
   0.6881873427168865     
   0.6884928036861730     
   0.6886657016721659     
   0.6887127462047211     
   0.6886186571396107     
   0.6888068352698316     
   0.7000000000000000     
   0.7000000000000000     
   0.6870311888947174     
   0.6720656596228853     
   0.6563530167716658     
   0.6393431528528420     
   0.6200437858516681     
   0.5978888709935795     
   0.5716865777939141     
   0.5401801519817919     
   0.5020468645911359     
   0.4547752685691743     
   0.3943112903653205     
   0.3044797604752464     
   0.2862160724026920     
   0.2908358160743727     
   0.2942302497195045     
   0.2952781437851835     
   0.2958010716388654     
   0.2961257800933236     
   0.2964039696045233     
   0.2966403972923102     
   0.2967923249552613     
   0.2968239692024893     
   0.2966831800382211     
   0.2964044308375910     
   0.2959290447300372     
   0.2951910964577959     
   0.2937200425459113     
   0.2914338330762490     
   0.2767817530909660     
   0.3085446840130723     
   0.4040561191886889     
   0.4689905436572391     
   0.5119331001692516     
   0.5461164338307425     
   0.5727120763771021     
   0.5933435800846589     
   0.6101903559659134     
   0.6236690110098848     
   0.6346082166252309     
   0.6435611597360658     
   0.6509595748421815     
   0.6570635544835606     
   0.6622081553145316     
   0.6665252094146596     
   0.6701845935525856     
   0.6732970569998624     
   0.6759566720422809     
   0.6782424618421161     
   0.6801961736771900     
   0.6818804163279044     
   0.6833247738918313     
   0.6845547860322622     
   0.6856019026517153     
   0.6864768955307057     
   0.6871940957108708     
   0.6877713679481550     
   0.6882058665972880     
   0.6885112268203211     
   0.6886846268387092     
   0.6887302274322977     
   0.6886390262451207     
   0.6888214286194747     
   0.7000000000000000     
   0.7000000000000000     
   0.6874497665087917     
   0.6730631616655020     
   0.6581000208486701     
   0.6419173198342569     
   0.6238880506619289     
   0.6032523581775687     
   0.5791855389671937     
   0.5512442578921279     
   0.5175305069442717     
   0.4748219771380475     
   0.4154582717149349     
   0.2651463079450898     
   0.2744614355841636     
   0.2935318686951819     
   0.2970852811074383     
   0.2966374305518662     
   0.2961546488633562     
   0.2962314722544006     
   0.2965009550613523     
   0.2967257285916401     
   0.2968450061533198     
   0.2968300477308267     
   0.2967068595343733     
   0.2964807838417987     
   0.2961235317432663     
   0.2955762026253529     
   0.2941046725182972     
   0.2980810533345447     
   0.2288233039512606     
   0.4135877920221951     
   0.4632450663250250     
   0.4944526415876693     
   0.5264904810049944     
   0.5551598571267296     
   0.5783396591437959     
   0.5974143282385438     
   0.6129209562053407     
   0.6255315065451624     
   0.6359618205944786     
   0.6445584584236294     
   0.6516622099705345     
   0.6576093718470445     
   0.6626089247784248     
   0.6668312872240212     
   0.6704182286391210     
   0.6734837772428519     
   0.6761053573976828     
   0.6783612085926568     
   0.6802975437913166     
   0.6819622767397188     
   0.6833905798669428     
   0.6846136168048046     
   0.6856537280771567     
   0.6865236126888173     
   0.6872375461641553     
   0.6878085669156190     
   0.6882422143056871     
   0.6885445308363810     
   0.6887192022214493     
   0.6887637242543170     
   0.6886746801885817     
   0.6888527683200523     
   0.7000000000000000     
   0.7000000000000000     
   0.6880734518974936     
   0.6745276744922779     
   0.6606948294619827     
   0.6455417427909500     
   0.6291783375653530     
   0.6106770311985925     
   0.5900120980623531     
   0.5666907418872823     
   0.5404431340824859     
   0.5122642634171797     
   0.4865513162459066     
   0.5528725973938580     
   0.3958688775040801     
   0.3158413429065541     
   0.2996092352525374     
   0.2971385518098440     
   0.2962163858508284     
   0.2962197246777076     
   0.2965963205729393     
   0.2968906578252548     
   0.2969679554548540     
   0.2969515859916886     
   0.2968833743618254     
   0.2967408398136416     
   0.2964427633617028     
   0.2962235735365294     
   0.2971237758649331     
   0.2944282006557450     
   0.4037454096809224     
   0.4720345376674019     
   0.5005322323606322     
   0.5218466759200111     
   0.5460815110257825     
   0.5670799000867807     
   0.5865132266970140     
   0.6032202776925477     
   0.6169174834618656     
   0.6283666638900153     
   0.6380685895425020     
   0.6459783846435185     
   0.6527658379362919     
   0.6584553576549211     
   0.6632375625646907     
   0.6673002640095371     
   0.6707957583690400     
   0.6737673701145627     
   0.6763405344538349     
   0.6785412585262895     
   0.6804517500461009     
   0.6820898308732433     
   0.6835012250058772     
   0.6847072877760244     
   0.6857374979969409     
   0.6865938195072980     
   0.6873034940962651     
   0.6878695434614229     
   0.6882995129094929     
   0.6885978071760940     
   0.6887718335151025     
   0.6888147209743996     
   0.6887289460558055     
   0.6889004958929936     
   0.7000000000000000     
   0.7000000000000000     
   0.6889793237752291     
   0.6765562022305276     
   0.6638288309186638     
   0.6504578197425563     
   0.6362566419898669     
   0.6206576872033056     
   0.6037736321982770     
   0.5857139015786925     
   0.5668554046885373     
   0.5468527284030510     
   0.5252425129867531     
   0.5025482896877855     
   0.3271987627721045     
   0.2871486379251236     
   0.2943067223593490     
   0.2962938693295719     
   0.2946611398728327     
   0.2955715171120516     
   0.2968815127356866     
   0.2973088320000840     
   0.2972537694828714     
   0.2971597753080559     
   0.2971671872628949     
   0.2971343329984498     
   0.2966828462409373     
   0.2964523682015427     
   0.2969540723587484     
   0.2550270429033377     
   0.4960081447391469     
   0.5427139838525775     
   0.5440049840690179     
   0.5525053128870975     
   0.5663927263445334     
   0.5824669512981491     
   0.5970567391666199     
   0.6106373506607922     
   0.6222520199104289     
   0.6322935405489168     
   0.6407950309247512     
   0.6480694812204277     
   0.6542621176074528     
   0.6595873800848591     
   0.6641405856600784     
   0.6679935164227657     
   0.6713074925695917     
   0.6742027211096198     
   0.6766639618177881     
   0.6788154716918001     
   0.6806745908413220     
   0.6822751112186635     
   0.6836557022666373     
   0.6848486695514751     
   0.6858519405107483     
   0.6866954513011523     
   0.6873977741371851     
   0.6879582312909229     
   0.6883808654627064     
   0.6886778434537755     
   0.6888450847917298     
   0.6888894571618737     
   0.6888007124215859     
   0.6889782019021614     
   0.7000000000000000     
   0.7000000000000000     
   0.6900783939127838     
   0.6790705360451366     
   0.6678526943341403     
   0.6566827702227845     
   0.6448429970745549     
   0.6324133447034357     
   0.6203275338508961     
   0.6079422254813855     
   0.5959645610126170     
   0.5868569272799695     
   0.5791633600613258     
   0.5756927764624881     
   0.6291056936436340     
   0.4056234910256259     
   0.3136201801696317     
   0.2963816011158414     
   0.2878907508649866     
   0.2934061968456807     
   0.2983836619912631     
   0.2987778431013523     
   0.2977275398823607     
   0.2971707702316649     
   0.2975128992181244     
   0.2981646297525722     
   0.2958039368251141     
   0.3031034184295929     
   0.2670218090066137     
   0.5575707398645989     
   0.6019575344510555     
   0.5882668338516497     
   0.5825373754888851     
   0.5848723900828111     
   0.5908943552223327     
   0.5997939696049942     
   0.6098630294721130     
   0.6199058040997801     
   0.6288676032673211     
   0.6372495585170881     
   0.6443829063690567     
   0.6507169620203918     
   0.6563022489536644     
   0.6611222705516673     
   0.6653179991889814     
   0.6689108970364872     
   0.6720424407671273     
   0.6747682564081160     
   0.6771257697984270     
   0.6791886111764314     
   0.6809734776727503     
   0.6825314363513197     
   0.6838733340280480     
   0.6850333006042456     
   0.6860113946435893     
   0.6868424071456785     
   0.6875294852650455     
   0.6880770441725667     
   0.6884942280844789     
   0.6887847304803801     
   0.6889502050089384     
   0.6889925966766927     
   0.6889078133411842     
   0.6890773800122011     
   0.7000000000000000     
   0.7000000000000000     
   0.6913574209434290     
   0.6819744377450191     
   0.6728800916580169     
   0.6636961666940442     
   0.6546650401543270     
   0.6462096398580652     
   0.6384381894580471     
   0.6321835524911092     
   0.6278981388636777     
   0.6265336738575245     
   0.6320243063948392     
   0.6413572173986730     
   0.6621582704003811     
   0.6883224608044598     
   0.4486929042283336     
   0.2909483536406358     
   0.2500551539199086     
   0.2913600234231679     
   0.3083557056053191     
   0.3035753818407685     
   0.2972996074097266     
   0.2950194850936205     
   0.2966749884477274     
   0.3033171536224599     
   0.2883758767856797     
   0.3030314009553678     
   0.6159060293065994     
   0.6722445370571491     
   0.6531923471101295     
   0.6329431861637629     
   0.6210962116896988     
   0.6159274026736732     
   0.6156682288876257     
   0.6192454070286748     
   0.6243883468392960     
   0.6304028611724561     
   0.6369538758132302     
   0.6432224146856576     
   0.6488385347613109     
   0.6541726514293381     
   0.6588475411855899     
   0.6631019778936491     
   0.6667993699239698     
   0.6700762230728217     
   0.6729909327007417     
   0.6755058083192176     
   0.6777389182308912     
   0.6796813784256414     
   0.6813796385654602     
   0.6828709585823307     
   0.6841561553809554     
   0.6852735627213151     
   0.6862315214284183     
   0.6870366474366645     
   0.6877037902573148     
   0.6882371121273281     
   0.6886428893593217     
   0.6889283670777542     
   0.6890916251144751     
   0.6891314357281422     
   0.6890518145008080     
   0.6892110569554764     
   0.7000000000000000     
   0.7000000000000000     
   0.6929689405727819     
   0.6852738255848021     
   0.6782863263566328     
   0.6716180355559462     
   0.6656002143740427     
   0.6605188546529115     
   0.6571632301709447     
   0.6565167785145234     
   0.6581231546072273     
   0.6648900322960143     
   0.6776742178620456     
   0.6993764142137501     
   0.7302870090824488     
   0.7778026914559930     
   0.8813901151867483     
   0.8767490394105679     
   0.7715341877870925     
   0.5047528019800400     
   0.3336501243799683     
   0.2861512350525073     
   0.2827252974761673     
   0.2935635184766500     
   0.3178688282507662     
   0.3663070046633058     
   0.6357263537338060     
   0.8433074455803465     
   0.7975916030044620     
   0.7383755782438259     
   0.6995714252017942     
   0.6740825552503551     
   0.6575497873624523     
   0.6456864814914460     
   0.6402347073106837     
   0.6388063123188118     
   0.6397827862549299     
   0.6424597031355354     
   0.6459083349846730     
   0.6500275707193375     
   0.6540957382878713     
   0.6582528278231534     
   0.6619587125134458     
   0.6655374467831942     
   0.6686952736895240     
   0.6716109344638596     
   0.6741424517090125     
   0.6764520839839129     
   0.6784829544229736     
   0.6803006296817514     
   0.6819020301202405     
   0.6833072788827395     
   0.6845350556822223     
   0.6855928327462639     
   0.6865128795071773     
   0.6872831764515861     
   0.6879323522922506     
   0.6884449291026120     
   0.6888390109447178     
   0.6891150595860102     
   0.6892743056996867     
   0.6893139000958917     
   0.6892347113034818     
   0.6893930888883015     
   0.7000000000000000     
   0.7000000000000000     
   0.6946554529992086     
   0.6890374889309859     
   0.6840852451874305     
   0.6799438201874944     
   0.6764228762784223     
   0.6747835057052955     
   0.6753959110919716     
   0.6784393728758854     
   0.6848913539377153     
   0.6963160290987456     
   0.7128746850886472     
   0.7360079948868612     
   0.7673718212445378     
   0.8068640522932990     
   0.8548455710522801     
   0.8846579462154487     
   0.9095572087432823     
    1.007143261906629     
    1.063654037603476     
    1.065762561393056     
    1.056896479965333     
    1.056073383491378     
    1.064669322167997     
    1.077562323359193     
   0.9540459082567583     
   0.8739690925038230     
   0.8186331234301903     
   0.7718291307604512     
   0.7354398949617780     
   0.7081097165005087     
   0.6869996508989455     
   0.6729522295705345     
   0.6633772742676000     
   0.6575534276280202     
   0.6550265101815242     
   0.6543855403045464     
   0.6556890708661014     
   0.6574385252977706     
   0.6600739756972329     
   0.6628029094587118     
   0.6656287544049327     
   0.6683463874528910     
   0.6709534057659344     
   0.6733631964045518     
   0.6755794255839394     
   0.6775810287831283     
   0.6794214670277905     
   0.6810821665765070     
   0.6825333855704918     
   0.6838480166408385     
   0.6850059293513847     
   0.6860042803895208     
   0.6868598590037964     
   0.6876041078740237     
   0.6882148613514780     
   0.6887113578256128     
   0.6890891410415085     
   0.6893545897528739     
   0.6895059644905173     
   0.6895449033158336     
   0.6894670256652009     
   0.6896227809664663     
   0.7000000000000000     
   0.7000000000000000     
   0.6963615242792823     
   0.6927205672057239     
   0.6897529293041609     
   0.6878182842219734     
   0.6873185088056375     
   0.6881524130070416     
   0.6912695746162805     
   0.6968668534139422     
   0.7064660426469852     
   0.7190588394262607     
   0.7354903871442245     
   0.7568444921108362     
   0.7815256519496758     
   0.8104083106517092     
   0.8404739343079299     
   0.8705910241743281     
   0.9020573935137617     
   0.9409633668101203     
   0.9671137988126669     
   0.9771979456294640     
   0.9790201097696889     
   0.9748582617385169     
   0.9658022920368798     
   0.9475039929239909     
   0.9063111354466911     
   0.8641581032949297     
   0.8238699841261756     
   0.7874944680479794     
   0.7570014479385530     
   0.7308104435461588     
   0.7103404735238238     
   0.6941867135954336     
   0.6825041388044429     
   0.6746611887565650     
   0.6692962063823289     
   0.6663433028714812     
   0.6653093169218314     
   0.6654160805267693     
   0.6663802950460251     
   0.6678904729745050     
   0.6697295557689352     
   0.6715059070623219     
   0.6735251591407516     
   0.6754368611650553     
   0.6772354711780042     
   0.6789298617520980     
   0.6805700957593444     
   0.6819997991442335     
   0.6833150351570165     
   0.6845158875278092     
   0.6855601179279862     
   0.6864900461244163     
   0.6873037331370124     
   0.6879951543278465     
   0.6885707918473111     
   0.6890412338835167     
   0.6894004924727426     
   0.6896518750079841     
   0.6897972836551638     
   0.6898315638606839     
   0.6897630034496437     
   0.6899001242717241     
   0.7000000000000000     
   0.7000000000000000     
   0.6979944545710306     
   0.6962805798243490     
   0.6950835459203903     
   0.6952972101117325     
   0.6964474068538097     
   0.6991627553968839     
   0.7041432657852172     
   0.7113232702407563     
   0.7208341655847610     
   0.7330198261275818     
   0.7483986555693671     
   0.7659424783385953     
   0.7852425455943342     
   0.8058112132869242     
   0.8263810722510199     
   0.8470511764166162     
   0.8671171240172949     
   0.8852268773332927     
   0.8992608767994512     
   0.9074381442334788     
   0.9105242853029503     
   0.9084101208756209     
   0.9005554514432448     
   0.8867826349052592     
   0.8660461927260577     
   0.8409980308031796     
   0.8153052609892792     
   0.7898943845099521     
   0.7653725461435643     
   0.7436929416349817     
   0.7249696485961741     
   0.7100017488111764     
   0.6979511867651043     
   0.6885317492541938     
   0.6818014728958848     
   0.6774293385866645     
   0.6744756405696885     
   0.6732246941214102     
   0.6728403342835680     
   0.6730476384029422     
   0.6739309681903632     
   0.6750710255349057     
   0.6763316024295289     
   0.6777174110771369     
   0.6791205287039048     
   0.6805273674908712     
   0.6818394424137532     
   0.6830776395254464     
   0.6842434319057120     
   0.6852839946642322     
   0.6862318065957681     
   0.6870796229220432     
   0.6878318264675100     
   0.6884651834815326     
   0.6890046419588610     
   0.6894398704276719     
   0.6897798251202716     
   0.6900154757361308     
   0.6901503554229097     
   0.6901824851255466     
   0.6901182257202728     
   0.6902467445308204     
   0.7000000000000000     
   0.7000000000000000     
   0.6994919109850208     
   0.6993205748351332     
   0.6998389548140583     
   0.7011471046974136     
   0.7037404611764255     
   0.7079247432764781     
   0.7133179557895928     
   0.7208690003019000     
   0.7302021590071438     
   0.7408949426941636     
   0.7532342322617488     
   0.7668712352482460     
   0.7816015359702200     
   0.7957671390119221     
   0.8103398665537270     
   0.8236528166117363     
   0.8357350046181637     
   0.8460929551994854     
   0.8540187986853273     
   0.8587543567256585     
   0.8602507722453665     
   0.8588492221643825     
   0.8537337902476261     
   0.8451215200030257     
   0.8330028846176534     
   0.8182237796288072     
   0.8009893331898266     
   0.7834179337682325     
   0.7657741730897067     
   0.7489054321157940     
   0.7337822649274351     
   0.7202699695634771     
   0.7087732547204029     
   0.6993969505190070     
   0.6922359530768696     
   0.6868548626239688     
   0.6829656193961284     
   0.6803311295519812     
   0.6788146781342801     
   0.6782720024877532     
   0.6782648693439211     
   0.6786593629621276     
   0.6793149425464478     
   0.6802063986868951     
   0.6811979126161314     
   0.6822401179463735     
   0.6832730335918121     
   0.6842930154557150     
   0.6852851074459817     
   0.6861846889533687     
   0.6870173299750343     
   0.6877695471058125     
   0.6884426149884670     
   0.6890270263507821     
   0.6895110917335465     
   0.6899195546082798     
   0.6902278896391294     
   0.6904474167499048     
   0.6905730239509614     
   0.6906046055212917     
   0.6905414423806312     
   0.6906677686619521     
   0.7000000000000000     
   0.7000000000000000     
   0.7006662309592229     
   0.7017524277542001     
   0.7034340370449305     
   0.7057324860135731     
   0.7091396764956640     
   0.7134842929290903     
   0.7194472431955392     
   0.7264907137180143     
   0.7345100720605320     
   0.7434484406885022     
   0.7533660445005398     
   0.7634018070057855     
   0.7737245166607425     
   0.7839870495695643     
   0.7933883881062499     
   0.8022517947282461     
   0.8096700203643766     
   0.8157722917724097     
   0.8203145683153316     
   0.8233533900533236     
   0.8244928989967721     
   0.8233737702260751     
   0.8200701497273195     
   0.8146325960804630     
   0.8070693558662331     
   0.7973879236060101     
   0.7864026258175330     
   0.7742072986194404     
   0.7617609479980644     
   0.7491328105086991     
   0.7368954350609074     
   0.7256040488345570     
   0.7157291649860611     
   0.7072736672146058     
   0.7000096274297224     
   0.6943182054716301     
   0.6899285877308649     
   0.6867259616226178     
   0.6845703573660529     
   0.6831519642394712     
   0.6823908051059251     
   0.6821413177409612     
   0.6823511514947855     
   0.6827603015997005     
   0.6833565013455491     
   0.6840771936949506     
   0.6848510543826376     
   0.6856562726542337     
   0.6864347477437094     
   0.6871764240506109     
   0.6879017824985045     
   0.6885568017176236     
   0.6891473466485827     
   0.6896713784372770     
   0.6901091181939339     
   0.6904725102458164     
   0.6907549132726306     
   0.6909542585467481     
   0.6910690806460738     
   0.6910995396119466     
   0.6910386216802009     
   0.6911604575436923     
   0.7000000000000000     
   0.7000000000000000     
   0.7015498507563047     
   0.7035308152780030     
   0.7058084877973534     
   0.7088960532458901     
   0.7125923226159966     
   0.7172026042756771     
   0.7225175047802381     
   0.7286282627751208     
   0.7352833338274616     
   0.7426179423799336     
   0.7499655893640018     
   0.7575537880196983     
   0.7648058914657240     
   0.7719108501689592     
   0.7783970275507235     
   0.7837547874543720     
   0.7887234412563342     
   0.7925852876872355     
   0.7953000122548328     
   0.7969759075557263     
   0.7975614776630827     
   0.7968092063190657     
   0.7946602739248994     
   0.7911127400690228     
   0.7861968077856063     
   0.7798459746025043     
   0.7724672260218260     
   0.7642380091226499     
   0.7551627659003739     
   0.7460059684403770     
   0.7367691543263136     
   0.7278870198393241     
   0.7195240532909548     
   0.7119127658207665     
   0.7055054674648791     
   0.6999466960153140     
   0.6954921499792718     
   0.6919871895491727     
   0.6894133946126875     
   0.6874848317503646     
   0.6862369708164670     
   0.6855895535668195     
   0.6852801376837820     
   0.6853121973899017     
   0.6855412763557127     
   0.6859811791758105     
   0.6864980334205231     
   0.6870832595308740     
   0.6876756025037932     
   0.6882987860712598     
   0.6888769815084806     
   0.6894298427739227     
   0.6899434143353931     
   0.6903977825612818     
   0.6907884065405262     
   0.6911072895775761     
   0.6913585087406808     
   0.6915383432540283     
   0.6916413463249560     
   0.6916680345274900     
   0.6916146581224220     
   0.6917214109325581     
   0.7000000000000000     
   0.7000000000000000     
   0.7020637655858137     
   0.7045340813555693     
   0.7074777459504126     
   0.7105335354507474     
   0.7143508054524714     
   0.7185951587630663     
   0.7232817365540776     
   0.7283779419430438     
   0.7338376586487131     
   0.7393873627483502     
   0.7450137645726113     
   0.7506862383969918     
   0.7558875882805622     
   0.7606398702093939     
   0.7648076809614628     
   0.7686772939413595     
   0.7718078994932862     
   0.7742015730383172     
   0.7759602473296039     
   0.7769161933477168     
   0.7771805733227295     
   0.7764898219995723     
   0.7749999474463876     
   0.7726272021537268     
   0.7693834851642611     
   0.7652226380900855     
   0.7601654144247088     
   0.7544002497551803     
   0.7481062136975296     
   0.7413224797792075     
   0.7343707735928164     
   0.7274226268372774     
   0.7207470913556054     
   0.7144960974417555     
   0.7088021336802477     
   0.7038462322208247     
   0.6995837746706242     
   0.6961440936950882     
   0.6933485837727340     
   0.6912900010257094     
   0.6897222582121293     
   0.6886791005330749     
   0.6880252557915147     
   0.6877309184414612     
   0.6877171934447356     
   0.6878601759271612     
   0.6881782562362135     
   0.6885662123712516     
   0.6890119196783432     
   0.6894745781269636     
   0.6899400543758091     
   0.6904005584644477     
   0.6908188396105568     
   0.6912009707261260     
   0.6915477684326632     
   0.6918205455380106     
   0.6920393804415862     
   0.6921963555639262     
   0.6922887490796359     
   0.6923100341033145     
   0.6922674640559573     
   0.6923526041506717     
   0.7000000000000000     
   0.7000000000000000     
   0.7024083445947319     
   0.7051299177561572     
   0.7078761703089240     
   0.7111008891551867     
   0.7146299858733312     
   0.7183544363255379     
   0.7223921578203032     
   0.7266165790791899     
   0.7309548793333399     
   0.7353562631493895     
   0.7395233284935265     
   0.7433349296177835     
   0.7470146851905872     
   0.7503147707499663     
   0.7532564036325543     
   0.7556626029623041     
   0.7577481239606554     
   0.7592927790765591     
   0.7604592876652172     
   0.7611310896291845     
   0.7611399644222016     
   0.7607269423213825     
   0.7597306984267285     
   0.7581161162311503     
   0.7558351109004058     
   0.7529745761613713     
   0.7494967288712379     
   0.7454930243953088     
   0.7409970833912425     
   0.7360199977436432     
   0.7308587058144272     
   0.7255718035296674     
   0.7202416242471390     
   0.7151847878919111     
   0.7104776003735360     
   0.7061948829170719     
   0.7023789340314449     
   0.6991382733051892     
   0.6964434045497669     
   0.6942960973612230     
   0.6925772883591541     
   0.6913276545595725     
   0.6905396980656375     
   0.6900208811383324     
   0.6897535391302811     
   0.6897391422529502     
   0.6898501683637261     
   0.6900698736110753     
   0.6903637675914566     
   0.6907037806247305     
   0.6910760830949161     
   0.6914267827888211     
   0.6917711339831654     
   0.6920867881935537     
   0.6923696614238053     
   0.6926116421453243     
   0.6927946561111059     
   0.6929321907373629     
   0.6930097566067212     
   0.6930289936177421     
   0.6929905195957002     
   0.6930674676397839     
   0.7000000000000000     
   0.7000000000000000     
   0.7024031055883944     
   0.7050297477365441     
   0.7078886369448267     
   0.7108271068287334     
   0.7138261890701627     
   0.7169768688645447     
   0.7204451969168468     
   0.7238404880334959     
   0.7271908828017581     
   0.7304778562879121     
   0.7334849936705187     
   0.7363198909987535     
   0.7389183208540460     
   0.7412545758746596     
   0.7432644364438785     
   0.7449689038669305     
   0.7462358807826579     
   0.7473611363404994     
   0.7479693835857621     
   0.7483011636581500     
   0.7483123439931638     
   0.7480051578384178     
   0.7473153658400643     
   0.7461999933687662     
   0.7446369815623293     
   0.7426656329480615     
   0.7402576090194107     
   0.7374147466445647     
   0.7341943729750261     
   0.7306130287084650     
   0.7267433867278730     
   0.7227425574558860     
   0.7186901648947539     
   0.7147009275578891     
   0.7108238074955961     
   0.7072332863023838     
   0.7040119623895217     
   0.7011203995287356     
   0.6986105392017957     
   0.6965314891830088     
   0.6949145706672410     
   0.6936048813067011     
   0.6926991318962186     
   0.6920682233836182     
   0.6916812010393953     
   0.6914877442659618     
   0.6914844222460671     
   0.6915765925331596     
   0.6917333537150664     
   0.6919790367395883     
   0.6922399109752437     
   0.6925182698854302     
   0.6927806096210621     
   0.6930321104323656     
   0.6932629724563636     
   0.6934648732725804     
   0.6936234880166934     
   0.6937320698144919     
   0.6938003393259853     
   0.6938189076439119     
   0.6937817710080587     
   0.6938560442797650     
   0.7000000000000000     
   0.7000000000000000     
   0.7022080924153826     
   0.7047067488749783     
   0.7071994712854413     
   0.7097626234530752     
   0.7125246795576231     
   0.7150750426826835     
   0.7177967171480025     
   0.7203987089268669     
   0.7229361334640987     
   0.7253346430323848     
   0.7276760778546496     
   0.7297492550288427     
   0.7315400919591000     
   0.7331155673082131     
   0.7345207769775602     
   0.7357661268190924     
   0.7366340506008036     
   0.7371773949586083     
   0.7376130202450468     
   0.7378439079569541     
   0.7378432574117421     
   0.7375552721694427     
   0.7370308960888186     
   0.7362733313561091     
   0.7352050396650192     
   0.7338218766732556     
   0.7321456491008789     
   0.7301236203387069     
   0.7278216418070815     
   0.7252764447123049     
   0.7224962136177943     
   0.7195331608668420     
   0.7164265860305137     
   0.7132965077713621     
   0.7102149289006903     
   0.7073449189994609     
   0.7046472014458425     
   0.7022078331759434     
   0.7000492331500587     
   0.6982232967322917     
   0.6966900567082186     
   0.6954767227749417     
   0.6945384902815390     
   0.6938393552471529     
   0.6934091752665382     
   0.6931502372450725     
   0.6930274475522643     
   0.6930342358181141     
   0.6931164766424458     
   0.6932517070923682     
   0.6934439737457803     
   0.6936400784488199     
   0.6938431578137785     
   0.6940398125225961     
   0.6942187220361864     
   0.6943794638336787     
   0.6945082986245459     
   0.6945989909084369     
   0.6946561922688081     
   0.6946674331606115     
   0.6946449513770048     
   0.6946899149442183     
   0.7000000000000000     
   0.7000000000000000     
   0.7019278591909155     
   0.7041496387318544     
   0.7062580862104720     
   0.7083253584271841     
   0.7104387754150022     
   0.7126788249703679     
   0.7146630316618385     
   0.7166175365477071     
   0.7185555466144325     
   0.7203340754152816     
   0.7219559069741028     
   0.7234235639230528     
   0.7247830353983018     
   0.7258510781410197     
   0.7267581657378936     
   0.7274532995831617     
   0.7281019481926223     
   0.7286224800684781     
   0.7289707470546325     
   0.7291128898134409     
   0.7290547009121503     
   0.7288707863446038     
   0.7285012187277174     
   0.7279433128540616     
   0.7271947865139949     
   0.7262326868366875     
   0.7250350372238936     
   0.7236295231562387     
   0.7219850432578390     
   0.7201612357301639     
   0.7181016229366497     
   0.7159564592439374     
   0.7136840397519711     
   0.7113425589718056     
   0.7090269019315271     
   0.7067016906197114     
   0.7045884134004483     
   0.7026180241682637     
   0.7008456718988179     
   0.6992967026838353     
   0.6979805900364197     
   0.6969072672881110     
   0.6960533185282065     
   0.6954224042260095     
   0.6949615170981250     
   0.6946787644136549     
   0.6945056560970073     
   0.6944198183200999     
   0.6944533398516410     
   0.6945488513537817     
   0.6946472459739860     
   0.6947913203584024     
   0.6949310815493392     
   0.6950979979029883     
   0.6952313411211185     
   0.6953497881497006     
   0.6954532343157639     
   0.6955249528720970     
   0.6955647099553389     
   0.6955753682541805     
   0.6955540516564973     
   0.6955966848518638     
   0.7000000000000000     
   0.7000000000000000     
   0.7015624993419465     
   0.7033279946685147     
   0.7050134136710213     
   0.7066721596185493     
   0.7081869873594826     
   0.7098334920293541     
   0.7113210789929258     
   0.7127743011233558     
   0.7141872451200060     
   0.7153892919980420     
   0.7165715972976414     
   0.7176247959335755     
   0.7185339818191917     
   0.7192572742727807     
   0.7198939795805468     
   0.7204484610187759     
   0.7208385995562356     
   0.7211400361154374     
   0.7213363927845444     
   0.7214243654505306     
   0.7214352456208253     
   0.7212701302393844     
   0.7210038545996829     
   0.7206012791009730     
   0.7200900778469207     
   0.7194271708418041     
   0.7186250183722921     
   0.7176626455430257     
   0.7165314698647288     
   0.7152580124116951     
   0.7138501481802190     
   0.7122708733537736     
   0.7106697004564779     
   0.7090051892442450     
   0.7072924766358515     
   0.7056434975027547     
   0.7040312901958119     
   0.7024935627214814     
   0.7011414782319180     
   0.6998749392039436     
   0.6988862345157829     
   0.6980052007014124     
   0.6972794453912753     
   0.6967355189524933     
   0.6963316773905261     
   0.6960385235285991     
   0.6958801038030844     
   0.6957886317057143     
   0.6957697648791306     
   0.6957983404334660     
   0.6958803160949872     
   0.6959723412694709     
   0.6960762319711724     
   0.6961810732618411     
   0.6962795558720687     
   0.6963680639655841     
   0.6964429064920803     
   0.6964968190529353     
   0.6965271136759288     
   0.6965364389522234     
   0.6965177883996342     
   0.6965550895048126     
   0.7000000000000000     
   0.7000000000000000     
   0.7010806563702758     
   0.7023428212542048     
   0.7035719599971064     
   0.7047229795136154     
   0.7059102930441408     
   0.7069112372024716     
   0.7080020813120544     
   0.7089744385660601     
   0.7098780855754262     
   0.7107569273043629     
   0.7115273885126583     
   0.7121167296999937     
   0.7126844856156069     
   0.7131909046145875     
   0.7136192148771174     
   0.7139421912217947     
   0.7142403393785051     
   0.7144439749172181     
   0.7145435049180698     
   0.7145480830480804     
   0.7144790309823870     
   0.7144383813072634     
   0.7142548916946464     
   0.7140196265724388     
   0.7136880253210889     
   0.7132332743876160     
   0.7127084575055885     
   0.7120924658884986     
   0.7113681682766859     
   0.7105436236043746     
   0.7096113528642412     
   0.7086297172212782     
   0.7075586479911310     
   0.7064096689154783     
   0.7053056536409643     
   0.7041640580925622     
   0.7030665913332483     
   0.7020284324020782     
   0.7010441160373116     
   0.7001808772454903     
   0.6993944626589572     
   0.6988040279637896     
   0.6982720633918547     
   0.6978491032513842     
   0.6975503596911061     
   0.6973225206237190     
   0.6971569886282978     
   0.6970894135942094     
   0.6970626056989220     
   0.6970633813676322     
   0.6971072004242287     
   0.6971663659486438     
   0.6972278684529851     
   0.6972953748656603     
   0.6973654858953093     
   0.6974235832026731     
   0.6974752854116399     
   0.6975104224414087     
   0.6975302465754165     
   0.6975338983310477     
   0.6975265948197853     
   0.6975412018423102     
   0.7000000000000000     
   0.7000000000000000     
   0.7006835855483424     
   0.7013156435876224     
   0.7020236243862051     
   0.7027509471123244     
   0.7033764977563443     
   0.7039965809733962     
   0.7045583418586945     
   0.7051734858834093     
   0.7056713972140067     
   0.7061358880139720     
   0.7064723834074089     
   0.7068928921945349     
   0.7071920746766078     
   0.7075008482291893     
   0.7077343742769203     
   0.7078710890043662     
   0.7079805273922880     
   0.7080471469500007     
   0.7081235595215297     
   0.7081641904235214     
   0.7081651109258541     
   0.7081154906759382     
   0.7080366437489501     
   0.7078857629172268     
   0.7077052513294064     
   0.7074723982835549     
   0.7071869914188176     
   0.7068443915239108     
   0.7064482413564475     
   0.7059950718513243     
   0.7054976147210588     
   0.7049398778991416     
   0.7043581968279137     
   0.7037448258562971     
   0.7030941984449532     
   0.7024619766049067     
   0.7018272236997366     
   0.7012562447142614     
   0.7006892161034921     
   0.7001870885357130     
   0.6997728473130380     
   0.6993751264845329     
   0.6990723544429287     
   0.6988315177413570     
   0.6986322237559877     
   0.6984918219769970     
   0.6983914169591545     
   0.6983481339887212     
   0.6983200512161130     
   0.6983296716622547     
   0.6983419287489641     
   0.6983633903149299     
   0.6984065790924218     
   0.6984352714053556     
   0.6984755416164344     
   0.6985131644286309     
   0.6985399854404308     
   0.6985596966959328     
   0.6985696236626624     
   0.6985738754338152     
   0.6985653718915096     
   0.6985823789761209     
   0.7000000000000000     
   0.7000000000000000     
   0.7002206016066772     
   0.7003637748072411     
   0.7004741112294235     
   0.7006639358120010     
   0.7008822821467804     
   0.7010065071878867     
   0.7011943318498917     
   0.7013082019571100     
   0.7014348118688152     
   0.7015424271300347     
   0.7016961676985582     
   0.7017234916963850     
   0.7017949250905015     
   0.7018636694975442     
   0.7018876665089339     
   0.7019708230507440     
   0.7019845373258078     
   0.7020255216748595     
   0.7020252558302261     
   0.7020373266869809     
   0.7020512845126878     
   0.7020439608266495     
   0.7020134468890915     
   0.7019901954590152     
   0.7019339945304142     
   0.7018893862966408     
   0.7018105422221838     
   0.7017281817016854     
   0.7016194445371756     
   0.7015117264906353     
   0.7013987107201143     
   0.7012528021750506     
   0.7010984918929184     
   0.7009534817072229     
   0.7007971103202980     
   0.7006321095456060     
   0.7004664866949272     
   0.7003270812398860     
   0.7001883858307151     
   0.7000696102289360     
   0.6999486920401315     
   0.6998554259804945     
   0.6997496081955434     
   0.6997092507293537     
   0.6996648833592523     
   0.6996182122804129     
   0.6996001911228509     
   0.6995904129134802     
   0.6995719187066323     
   0.6995753466121333     
   0.6995820409960883     
   0.6995885990104276     
   0.6995962209885298     
   0.6996050783089163     
   0.6996097439111553     
   0.6996202190052606     
   0.6996289968612367     
   0.6996329644614965     
   0.6996367677076593     
   0.6996364080602604     
   0.6996371273550581     
   0.6996356887654627     
   0.7000000000000000     
   0.7000000000000000     
   0.6995639605589747     
   0.6992814851370441     
   0.6990675657869936     
   0.6986873453268785     
   0.6982587327995398     
   0.6980152319812235     
   0.6976415466495228     
   0.6974204292869157     
   0.6971692731130659     
   0.6969546153547788     
   0.6966518881974134     
   0.6965997004465309     
   0.6964571710295773     
   0.6963226691486613     
   0.6962741825861338     
   0.6961119396866533     
   0.6960831910542838     
   0.6960044999641531     
   0.6960033167103916     
   0.6959806531234503     
   0.6959544640451323     
   0.6959644824442024     
   0.6960268451150063     
   0.6960717573032147     
   0.6961833917802666     
   0.6962711114882346     
   0.6964272448009643     
   0.6965898251131303     
   0.6968047449814119     
   0.6970168168150851     
   0.6972397553433314     
   0.6975279644046216     
   0.6978322553298710     
   0.6981186995896278     
   0.6984266814998199     
   0.6987529999814159     
   0.6990794553703020     
   0.6993542401240009     
   0.6996282589588645     
   0.6998627177156402     
   0.7001012710593626     
   0.7002854409215277     
   0.7004941212666345     
   0.7005736795383755     
   0.7006611712439139     
   0.7007534426382711     
   0.7007893516330318     
   0.7008078719104551     
   0.7008446726949890     
   0.7008377882859079     
   0.7008248860725523     
   0.7008119691059873     
   0.7007966458911995     
   0.7007793801593766     
   0.7007701402653211     
   0.7007494065610839     
   0.7007321311770986     
   0.7007242623439334     
   0.7007167490841476     
   0.7007175925591003     
   0.7007159056091949     
   0.7007192795090056     
   0.7000000000000000     
   0.7000000000000000     
   0.6995639605589747     
   0.6992814851370441     
   0.6990675657869936     
   0.6986873453268785     
   0.6982587327995398     
   0.6980152319812235     
   0.6976415466495228     
   0.6974204292869157     
   0.6971692731130659     
   0.6969546153547788     
   0.6966518881974134     
   0.6965997004465309     
   0.6964571710295773     
   0.6963226691486613     
   0.6962741825861338     
   0.6961119396866533     
   0.6960831910542838     
   0.6960044999641531     
   0.6960033167103916     
   0.6959806531234503     
   0.6959544640451323     
   0.6959644824442024     
   0.6960268451150063     
   0.6960717573032147     
   0.6961833917802666     
   0.6962711114882346     
   0.6964272448009643     
   0.6965898251131303     
   0.6968047449814119     
   0.6970168168150851     
   0.6972397553433314     
   0.6975279644046216     
   0.6978322553298710     
   0.6981186995896278     
   0.6984266814998199     
   0.6987529999814159     
   0.6990794553703020     
   0.6993542401240009     
   0.6996282589588645     
   0.6998627177156402     
   0.7001012710593626     
   0.7002854409215277     
   0.7004941212666345     
   0.7005736795383755     
   0.7006611712439139     
   0.7007534426382711     
   0.7007893516330318     
   0.7008078719104551     
   0.7008446726949890     
   0.7008377882859079     
   0.7008248860725523     
   0.7008119691059873     
   0.7007966458911995     
   0.7007793801593766     
   0.7007701402653211     
   0.7007494065610839     
   0.7007321311770986     
   0.7007242623439334     
   0.7007167490841476     
   0.7007175925591003     
   0.7007159056091949     
   0.7007123833635724     
